1 0.003125
2 0.009375
3 0.025
4 0.0375
5 0.06875
6 0.090625
7 0.065625
8 0.084375
9 0.103125
10 0.065625
11 0.078125
12 0.1125
13 0.078125
14 0.0875
15 0.0875
16 0.10625
17 0.11875
18 0.121875
19 0.078125
20 0.121875
21 0.115625
22 0.125
23 0.125
24 0.125
25 0.134375
26 0.13125
27 0.121875
28 0.109375
29 0.115625
30 0.096875
31 0.125
32 0.1125
33 0.1375
34 0.134375
35 0.121875
36 0.096875
37 0.103125
38 0.109375
39 0.125
40 0.1125
41 0.09375
42 0.1125
43 0.109375
44 0.14375
45 0.11875
46 0.1125
47 0.10625
48 0.09375
49 0.115625
50 0.0875
51 0.1125
52 0.121875
53 0.125
54 0.1375
55 0.09375
56 0.125
57 0.1125
58 0.128125
59 0.103125
60 0.090625
61 0.115625
62 0.1125
63 0.10625
64 0.128125
65 0.121875
66 0.11875
67 0.121875
68 0.10625
69 0.10625
70 0.11875
71 0.109375
72 0.125
73 0.1375
74 0.146875
75 0.128125
76 0.103125
77 0.103125
78 0.121875
79 0.103125
80 0.13125
81 0.109375
82 0.159375
83 0.115625
84 0.14375
85 0.13125
86 0.140625
87 0.109375
88 0.140625
89 0.1375
90 0.128125
91 0.14375
92 0.159375
93 0.115625
94 0.128125
95 0.178125
96 0.1625
97 0.184375
98 0.146875
99 0.1625
100 0.14375
101 0.1125
102 0.153125
103 0.146875
104 0.15
105 0.125
106 0.140625
107 0.184375
108 0.20625
109 0.190625
110 0.171875
111 0.21875
112 0.203125
113 0.190625
114 0.140625
115 0.20625
116 0.20625
117 0.178125
118 0.18125
119 0.209375
120 0.209375
121 0.221875
122 0.178125
123 0.175
124 0.1375
125 0.178125
126 0.1875
127 0.159375
128 0.196875
129 0.18125
130 0.184375
131 0.140625
132 0.2125
133 0.1875
134 0.171875
135 0.165625
136 0.2
137 0.165625
138 0.2
139 0.146875
140 0.209375
141 0.19375
142 0.209375
143 0.203125
144 0.23125
145 0.184375
146 0.21875
147 0.221875
148 0.271875
149 0.209375
150 0.190625
151 0.221875
152 0.234375
153 0.221875
154 0.265625
155 0.3
156 0.23125
157 0.215625
158 0.209375
159 0.2375
160 0.225
161 0.2375
162 0.275
163 0.26875
164 0.20625
165 0.234375
166 0.246875
167 0.275
168 0.1875
169 0.2125
170 0.228125
171 0.2625
172 0.171875
173 0.23125
174 0.21875
175 0.253125
176 0.228125
177 0.190625
178 0.24375
179 0.21875
180 0.209375
181 0.240625
182 0.24375
183 0.23125
184 0.259375
185 0.253125
186 0.246875
187 0.21875
188 0.21875
189 0.2
190 0.23125
191 0.28125
192 0.23125
193 0.240625
194 0.203125
195 0.25625
196 0.25625
197 0.296875
198 0.221875
199 0.209375
200 0.25625
201 0.28125
202 0.215625
203 0.271875
204 0.259375
205 0.225
206 0.265625
207 0.225
208 0.265625
209 0.221875
210 0.253125
211 0.25
212 0.225
213 0.25
214 0.2
215 0.23125
216 0.215625
217 0.24375
218 0.24375
219 0.2375
220 0.246875
221 0.253125
222 0.25625
223 0.265625
224 0.275
225 0.23125
226 0.275
227 0.253125
228 0.225
229 0.246875
230 0.240625
231 0.225
232 0.271875
233 0.21875
234 0.265625
235 0.20625
236 0.228125
237 0.221875
238 0.209375
239 0.25625
240 0.209375
241 0.20625
242 0.28125
243 0.215625
244 0.253125
245 0.25
246 0.171875
247 0.221875
248 0.240625
249 0.26875
250 0.221875
251 0.2375
252 0.2375
253 0.25
254 0.271875
255 0.25
256 0.221875
257 0.19375
258 0.25625
259 0.29375
260 0.240625
261 0.225
262 0.265625
263 0.24375
264 0.25
265 0.2375
266 0.25
267 0.2625
268 0.26875
269 0.278125
270 0.234375
271 0.29375
272 0.31875
273 0.25625
274 0.265625
275 0.225
276 0.2375
277 0.275
278 0.240625
279 0.30625
280 0.290625
281 0.240625
282 0.215625
283 0.271875
284 0.2125
285 0.246875
286 0.271875
287 0.2875
288 0.284375
289 0.26875
290 0.259375
291 0.290625
292 0.253125
293 0.265625
294 0.246875
295 0.284375
296 0.25
297 0.246875
298 0.259375
299 0.28125
300 0.265625
301 0.3375
302 0.240625
303 0.3125
304 0.284375
305 0.2
306 0.296875
307 0.240625
308 0.28125
309 0.296875
310 0.284375
311 0.2625
312 0.259375
313 0.2625
314 0.296875
315 0.278125
316 0.2375
317 0.25625
318 0.296875
319 0.3
320 0.215625
321 0.203125
322 0.271875
323 0.234375
324 0.2375
325 0.303125
326 0.228125
327 0.228125
328 0.2375
329 0.26875
330 0.240625
331 0.234375
332 0.253125
333 0.253125
334 0.253125
335 0.25625
336 0.284375
337 0.275
338 0.284375
339 0.325
340 0.296875
341 0.2875
342 0.24375
343 0.271875
344 0.240625
345 0.2625
346 0.225
347 0.29375
348 0.265625
349 0.28125
350 0.303125
351 0.28125
352 0.259375
353 0.246875
354 0.2875
355 0.30625
356 0.29375
357 0.2625
358 0.271875
359 0.284375
360 0.25625
361 0.265625
362 0.246875
363 0.25625
364 0.25
365 0.25625
366 0.203125
367 0.2625
368 0.275
369 0.29375
370 0.271875
371 0.234375
372 0.275
373 0.259375
374 0.259375
375 0.303125
376 0.29375
377 0.303125
378 0.25625
379 0.271875
380 0.259375
381 0.25
382 0.29375
383 0.26875
384 0.2625
385 0.334375
386 0.26875
387 0.29375
388 0.2625
389 0.25
390 0.25625
391 0.25625
392 0.278125
393 0.23125
394 0.25625
395 0.253125
396 0.24375
397 0.234375
398 0.225
399 0.278125
400 0.29375
401 0.265625
402 0.290625
403 0.303125
404 0.225
405 0.29375
406 0.234375
407 0.221875
408 0.275
409 0.30625
410 0.3
411 0.271875
412 0.271875
413 0.24375
414 0.309375
415 0.33125
416 0.25
417 0.2875
418 0.303125
419 0.26875
420 0.271875
421 0.28125
422 0.30625
423 0.275
424 0.2375
425 0.28125
426 0.315625
427 0.25625
428 0.275
429 0.2875
430 0.2875
431 0.290625
432 0.271875
433 0.290625
434 0.2875
435 0.259375
436 0.28125
437 0.26875
438 0.228125
439 0.278125
440 0.2625
441 0.26875
442 0.28125
443 0.228125
444 0.28125
445 0.30625
446 0.26875
447 0.29375
448 0.328125
449 0.25
450 0.275
451 0.340625
452 0.25625
453 0.275
454 0.3375
455 0.303125
456 0.26875
457 0.271875
458 0.3
459 0.290625
460 0.25
461 0.271875
462 0.334375
463 0.296875
464 0.26875
465 0.271875
466 0.25
467 0.2625
468 0.309375
469 0.253125
470 0.28125
471 0.328125
472 0.321875
473 0.303125
474 0.2625
475 0.3
476 0.315625
477 0.275
478 0.25
479 0.25625
480 0.278125
481 0.275
482 0.321875
483 0.3
484 0.3
485 0.31875
486 0.3375
487 0.3
488 0.309375
489 0.340625
490 0.2875
491 0.275
492 0.275
493 0.215625
494 0.246875
495 0.3125
496 0.284375
497 0.278125
498 0.31875
499 0.296875
500 0.25625
501 0.33125
502 0.38125
503 0.278125
504 0.33125
505 0.296875
506 0.29375
507 0.278125
508 0.2625
509 0.278125
510 0.278125
511 0.26875
512 0.321875
513 0.3875
514 0.29375
515 0.33125
516 0.25625
517 0.321875
518 0.396875
519 0.2875
520 0.303125
521 0.36875
522 0.29375
523 0.340625
524 0.315625
525 0.278125
526 0.315625
527 0.378125
528 0.275
529 0.29375
530 0.328125
531 0.2875
532 0.325
533 0.30625
534 0.3125
535 0.29375
536 0.334375
537 0.24375
538 0.234375
539 0.296875
540 0.359375
541 0.296875
542 0.284375
543 0.2875
544 0.259375
545 0.284375
546 0.265625
547 0.315625
548 0.296875
549 0.2875
550 0.290625
551 0.278125
552 0.334375
553 0.328125
554 0.340625
555 0.321875
556 0.325
557 0.3
558 0.328125
559 0.29375
560 0.31875
561 0.325
562 0.315625
563 0.309375
564 0.321875
565 0.346875
566 0.265625
567 0.29375
568 0.321875
569 0.275
570 0.309375
571 0.2625
572 0.296875
573 0.3625
574 0.3
575 0.290625
576 0.265625
577 0.30625
578 0.33125
579 0.36875
580 0.35
581 0.321875
582 0.334375
583 0.30625
584 0.3
585 0.353125
586 0.353125
587 0.340625
588 0.321875
589 0.30625
590 0.30625
591 0.315625
592 0.30625
593 0.31875
594 0.325
595 0.29375
596 0.3625
597 0.2875
598 0.278125
599 0.309375
600 0.3875
601 0.30625
602 0.334375
603 0.296875
604 0.3375
605 0.321875
606 0.275
607 0.321875
608 0.284375
609 0.35
610 0.3125
611 0.2875
612 0.290625
613 0.278125
614 0.328125
615 0.33125
616 0.30625
617 0.30625
618 0.303125
619 0.371875
620 0.3
621 0.303125
622 0.309375
623 0.271875
624 0.221875
625 0.303125
626 0.34375
627 0.321875
628 0.284375
629 0.3
630 0.28125
631 0.346875
632 0.28125
633 0.378125
634 0.3125
635 0.26875
636 0.28125
637 0.309375
638 0.334375
639 0.334375
640 0.35625
641 0.325
642 0.334375
643 0.265625
644 0.284375
645 0.290625
646 0.25
647 0.2625
648 0.296875
649 0.28125
650 0.359375
651 0.278125
652 0.359375
653 0.353125
654 0.29375
655 0.3
656 0.31875
657 0.309375
658 0.34375
659 0.3375
660 0.296875
661 0.325
662 0.325
663 0.33125
664 0.29375
665 0.30625
666 0.271875
667 0.30625
668 0.3625
669 0.3125
670 0.325
671 0.296875
672 0.35
673 0.2625
674 0.253125
675 0.33125
676 0.3125
677 0.296875
678 0.28125
679 0.30625
680 0.246875
681 0.334375
682 0.25625
683 0.290625
684 0.30625
685 0.33125
686 0.278125
687 0.3
688 0.3625
689 0.2875
690 0.31875
691 0.334375
692 0.309375
693 0.334375
694 0.325
695 0.303125
696 0.2875
697 0.325
698 0.31875
699 0.2625
700 0.3
701 0.334375
702 0.34375
703 0.325
704 0.3375
705 0.259375
706 0.275
707 0.353125
708 0.309375
709 0.365625
710 0.290625
711 0.3
712 0.315625
713 0.359375
714 0.39375
715 0.4
716 0.278125
717 0.33125
718 0.340625
719 0.275
720 0.3625
721 0.34375
722 0.275
723 0.3375
724 0.34375
725 0.328125
726 0.271875
727 0.290625
728 0.340625
729 0.315625
730 0.3125
731 0.30625
732 0.328125
733 0.28125
734 0.325
735 0.290625
736 0.30625
737 0.33125
738 0.253125
739 0.3125
740 0.246875
741 0.346875
742 0.3
743 0.325
744 0.3125
745 0.321875
746 0.296875
747 0.265625
748 0.321875
749 0.375
750 0.353125
751 0.359375
752 0.30625
753 0.41875
754 0.359375
755 0.271875
756 0.34375
757 0.3125
758 0.30625
759 0.33125
760 0.3125
761 0.325
762 0.3
763 0.334375
764 0.303125
765 0.296875
766 0.309375
767 0.35
768 0.38125
769 0.334375
770 0.334375
771 0.328125
772 0.371875
773 0.359375
774 0.35625
775 0.33125
776 0.31875
777 0.2875
778 0.309375
779 0.315625
780 0.303125
781 0.359375
782 0.284375
783 0.315625
784 0.375
785 0.290625
786 0.334375
787 0.340625
788 0.38125
789 0.36875
790 0.35
791 0.29375
792 0.325
793 0.30625
794 0.33125
795 0.35625
796 0.40625
797 0.240625
798 0.346875
799 0.296875
800 0.353125
801 0.403125
802 0.290625
803 0.353125
804 0.353125
805 0.29375
806 0.334375
807 0.3
808 0.34375
809 0.35
810 0.321875
811 0.353125
812 0.346875
813 0.365625
814 0.3
815 0.315625
816 0.3125
817 0.3375
818 0.33125
819 0.325
820 0.2875
821 0.3625
822 0.3375
823 0.371875
824 0.35
825 0.3375
826 0.340625
827 0.365625
828 0.378125
829 0.33125
830 0.33125
831 0.29375
832 0.29375
833 0.390625
834 0.328125
835 0.3125
836 0.315625
837 0.334375
838 0.315625
839 0.33125
840 0.38125
841 0.309375
842 0.31875
843 0.35625
844 0.334375
845 0.34375
846 0.35625
847 0.325
848 0.325
849 0.303125
850 0.365625
851 0.33125
852 0.346875
853 0.35
854 0.3375
855 0.3
856 0.334375
857 0.25
858 0.359375
859 0.303125
860 0.2875
861 0.309375
862 0.346875
863 0.340625
864 0.321875
865 0.36875
866 0.31875
867 0.3625
868 0.303125
869 0.33125
870 0.33125
871 0.303125
872 0.30625
873 0.34375
874 0.3375
875 0.2875
876 0.271875
877 0.284375
878 0.346875
879 0.353125
880 0.36875
881 0.328125
882 0.325
883 0.30625
884 0.30625
885 0.3375
886 0.296875
887 0.3375
888 0.340625
889 0.2875
890 0.28125
891 0.340625
892 0.325
893 0.3
894 0.30625
895 0.334375
896 0.303125
897 0.284375
898 0.315625
899 0.35
900 0.334375
901 0.35625
902 0.3375
903 0.36875
904 0.303125
905 0.296875
906 0.309375
907 0.2625
908 0.365625
909 0.290625
910 0.275
911 0.30625
912 0.35625
913 0.23125
914 0.303125
915 0.303125
916 0.26875
917 0.3375
918 0.3375
919 0.28125
920 0.375
921 0.328125
922 0.309375
923 0.35625
924 0.309375
925 0.35
926 0.36875
927 0.35
928 0.346875
929 0.25
930 0.35625
931 0.31875
932 0.253125
933 0.3375
934 0.284375
935 0.328125
936 0.278125
937 0.303125
938 0.265625
939 0.315625
940 0.371875
941 0.38125
942 0.35
943 0.371875
944 0.315625
945 0.353125
946 0.31875
947 0.315625
948 0.365625
949 0.325
950 0.3375
951 0.315625
952 0.31875
953 0.315625
954 0.284375
955 0.325
956 0.3125
957 0.31875
958 0.315625
959 0.303125
960 0.3625
961 0.33125
962 0.3125
963 0.3375
964 0.3
965 0.3375
966 0.346875
967 0.309375
968 0.3125
969 0.325
970 0.328125
971 0.309375
972 0.325
973 0.365625
974 0.35625
975 0.334375
976 0.346875
977 0.3375
978 0.396875
979 0.334375
980 0.33125
981 0.31875
982 0.36875
983 0.365625
984 0.328125
985 0.28125
986 0.35625
987 0.35625
988 0.3375
989 0.353125
990 0.36875
991 0.303125
992 0.340625
993 0.38125
994 0.3375
995 0.34375
996 0.3625
997 0.340625
998 0.35
999 0.3125
1000 0.353125
