1 7.7164226
2 7.662784
3 7.5841856
4 7.5181003
5 7.392234
6 7.1674376
7 6.976361
8 6.8248186
9 6.503389
10 6.504751
11 6.2264447
12 6.036113
13 5.805884
14 5.697564
15 5.917143
16 5.7089353
17 5.6379848
18 5.6439266
19 5.6670265
20 5.3890924
21 5.272071
22 5.311128
23 5.3618245
24 4.967419
25 5.183664
26 5.248372
27 5.1841564
28 5.1814117
29 5.4266977
30 5.224241
31 5.1301827
32 5.181604
33 5.2002783
34 5.1215696
35 5.0421295
36 5.222074
37 5.256309
38 5.1310835
39 5.254869
40 5.1326137
41 5.0952206
42 5.19513
43 5.245457
44 5.2016563
45 4.9930506
46 5.092166
47 5.206711
48 5.1655464
49 5.160816
50 5.12495
51 5.181369
52 5.3235
53 5.300175
54 5.250994
55 5.373128
56 5.2560806
57 5.093061
58 5.277646
59 5.2022505
60 5.37775
61 5.141098
62 5.196604
63 5.0486317
64 5.1393914
65 5.1369586
66 5.101788
67 5.0907636
68 5.114032
69 5.0464993
70 5.118446
71 5.295842
72 5.224756
73 5.087743
74 4.9319487
75 5.223742
76 5.2579575
77 5.2636585
78 4.95805
79 5.3515077
80 5.126079
81 5.1999555
82 5.0609202
83 5.323317
84 5.132
85 5.3429875
86 5.2189
87 5.1648693
88 4.999675
89 5.0887656
90 5.2084403
91 5.026854
92 4.9296894
93 5.1582007
94 5.1047735
95 4.849716
96 4.9209933
97 4.9251432
98 5.10538
99 4.9670587
100 5.05764
101 4.9903455
102 4.991995
103 4.9431133
104 5.107474
105 5.1975985
106 5.036246
107 4.774121
108 4.8405375
109 4.816387
110 4.8068213
111 4.6784377
112 4.7477126
113 4.6612387
114 4.743539
115 4.701403
116 4.7145205
117 4.9860086
118 4.786075
119 4.488624
120 4.725955
121 4.631994
122 4.717844
123 4.5901737
124 5.0145087
125 4.7019525
126 4.877258
127 4.8484807
128 4.6158285
129 4.7790174
130 4.552572
131 4.835485
132 4.61786
133 4.7110305
134 4.6450386
135 4.8015738
136 4.546413
137 4.665249
138 4.452806
139 4.682796
140 4.576202
141 4.523181
142 4.552778
143 4.572231
144 4.4632664
145 4.6896486
146 4.5233965
147 4.46605
148 4.218872
149 4.3344903
150 4.549303
151 4.4152308
152 4.2919154
153 4.285961
154 4.2036366
155 4.083404
156 4.3484707
157 4.3350687
158 4.366582
159 4.092559
160 4.420682
161 4.360357
162 4.065487
163 4.0854
164 4.373735
165 4.44549
166 4.586398
167 4.0571127
168 4.304394
169 4.3943434
170 4.270172
171 4.190157
172 4.443574
173 4.334906
174 4.443045
175 4.2419324
176 4.223877
177 4.3985853
178 4.2535315
179 4.283099
180 4.3347883
181 4.3309846
182 4.2336125
183 4.293515
184 4.1045017
185 4.242788
186 4.0391273
187 4.2609696
188 4.157312
189 4.294964
190 4.074553
191 4.244113
192 4.213973
193 4.1486115
194 4.4400983
195 3.9511251
196 4.0649786
197 3.8354921
198 4.336712
199 4.360475
200 3.9987965
201 4.0680904
202 4.0496345
203 3.9862576
204 4.0571537
205 3.9718425
206 4.1857514
207 4.158518
208 4.271493
209 4.1905084
210 4.1213617
211 4.1407514
212 4.2111955
213 4.2037163
214 4.3804765
215 4.2634497
216 4.2855363
217 4.376431
218 4.0623517
219 4.3428845
220 4.1075315
221 4.1027017
222 4.153872
223 4.2853217
224 4.075179
225 4.436865
226 4.0985794
227 4.1728396
228 4.553302
229 4.0882072
230 4.2210464
231 4.2379937
232 4.252265
233 4.35467
234 4.110951
235 4.357382
236 4.244121
237 4.3847804
238 4.3799753
239 4.1173944
240 4.3438244
241 4.285101
242 4.010977
243 4.352675
244 4.254513
245 4.4271092
246 4.4299135
247 4.376383
248 4.4216623
249 4.1281095
250 4.3267727
251 4.3110113
252 4.1925235
253 4.139446
254 4.2000566
255 4.2502575
256 4.4864707
257 4.3401933
258 4.007122
259 3.9774232
260 4.3013296
261 4.2327466
262 4.2867465
263 4.2087383
264 4.1442084
265 4.1306143
266 4.0190535
267 4.196893
268 4.094245
269 4.0247173
270 4.044105
271 3.911109
272 4.065806
273 4.140315
274 4.1076984
275 4.2823906
276 4.177156
277 3.9860961
278 4.1074047
279 4.086003
280 3.9812765
281 4.2158265
282 4.3278265
283 3.9954174
284 4.2356033
285 4.157493
286 4.1159015
287 3.7501864
288 3.9049516
289 4.1581087
290 3.9576793
291 4.0819154
292 4.2376904
293 3.8591442
294 4.030582
295 4.037991
296 4.2016153
297 3.9060051
298 3.7846777
299 3.9755406
300 3.9443698
301 3.7671883
302 3.929441
303 3.9256315
304 3.79721
305 4.004822
306 3.8253822
307 4.08936
308 3.8321264
309 3.8215473
310 4.009687
311 3.8924677
312 4.083765
313 3.838554
314 3.7763276
315 3.866658
316 4.0277224
317 4.044009
318 4.0566735
319 3.8887622
320 4.117176
321 4.2991824
322 3.9114406
323 4.1422305
324 4.0507326
325 3.879502
326 4.2192154
327 4.287093
328 4.179887
329 4.0384073
330 4.1471767
331 4.114926
332 4.097286
333 4.3306794
334 4.182412
335 4.061915
336 3.9253874
337 3.9794893
338 3.914565
339 3.758192
340 3.793898
341 3.8264372
342 3.8695157
343 3.7132185
344 3.9335482
345 3.9207525
346 4.0685997
347 3.9721997
348 3.8697672
349 3.881056
350 3.9619143
351 4.057138
352 4.2544584
353 4.112152
354 3.8130922
355 3.9489594
356 3.9706106
357 4.032112
358 3.769178
359 3.930539
360 4.0544086
361 3.9606104
362 4.124096
363 4.0590725
364 4.181427
365 3.9881988
366 4.282289
367 3.9840455
368 3.878753
369 3.830218
370 3.9929032
371 4.1031375
372 3.9257495
373 3.9027352
374 3.9682984
375 3.8185155
376 4.0161552
377 3.8836644
378 4.0297318
379 3.926743
380 4.027533
381 4.152786
382 3.9540496
383 3.9512968
384 4.0348287
385 3.70134
386 3.8313239
387 3.7966552
388 3.894866
389 4.0177855
390 4.0673103
391 4.028539
392 3.949045
393 4.0963345
394 4.0347404
395 4.3592706
396 4.1596527
397 4.2225146
398 4.1985846
399 3.9272
400 3.9984965
401 3.8566325
402 3.8729234
403 3.756382
404 4.102687
405 4.0116706
406 4.1221743
407 4.1899533
408 4.055257
409 3.7138097
410 4.001096
411 3.9211679
412 3.9248197
413 3.9906957
414 3.6897433
415 3.8128467
416 3.9747803
417 3.8933322
418 3.9409626
419 3.9417236
420 3.9504383
421 3.7312589
422 3.7549834
423 3.8757906
424 3.9169438
425 3.9184053
426 3.6831274
427 3.9314332
428 3.9502175
429 3.8942873
430 3.9516501
431 3.8711715
432 3.9072833
433 3.856285
434 3.9259229
435 3.9988992
436 3.9426684
437 4.015248
438 4.0677576
439 3.9446626
440 3.9609094
441 3.9920316
442 3.9122295
443 4.012649
444 3.6690075
445 3.8104846
446 3.976234
447 3.7165358
448 3.7596853
449 4.011904
450 3.825279
451 3.8393729
452 4.004367
453 3.8549886
454 3.650445
455 3.7376556
456 3.928451
457 3.8938322
458 3.7734706
459 3.7474887
460 4.0255456
461 4.062231
462 3.9299676
463 3.9660664
464 3.9901948
465 4.0154047
466 4.0661564
467 4.0341372
468 3.7618067
469 4.029064
470 3.9215174
471 3.9721305
472 3.7211769
473 3.8562827
474 3.8933237
475 3.713474
476 3.7521431
477 3.943676
478 4.048034
479 4.088768
480 3.942659
481 4.060591
482 3.7179382
483 3.8041608
484 4.0166802
485 4.072269
486 3.85667
487 3.8248067
488 3.8044822
489 3.7165058
490 3.9511218
491 3.9109657
492 4.017499
493 4.1360164
494 4.1642675
495 3.9987578
496 3.873253
497 4.025502
498 3.8060098
499 3.8097932
500 4.061372
501 3.712955
502 3.512957
503 3.884237
504 3.6905515
505 3.667353
506 3.9596095
507 3.8587658
508 3.9131756
509 3.8786197
510 3.9455664
511 3.8742332
512 3.4943469
513 3.5378578
514 3.7992115
515 3.5394394
516 3.949951
517 3.8601174
518 3.455066
519 3.751234
520 3.6661415
521 3.5617461
522 3.96508
523 3.6825895
524 3.7640278
525 3.8834655
526 3.6385076
527 3.592826
528 3.994969
529 3.8287807
530 3.810213
531 3.8973618
532 3.751399
533 3.7856913
534 3.9744349
535 4.1188607
536 3.893648
537 4.0592647
538 4.0798364
539 3.8328807
540 3.641391
541 3.8533008
542 3.9995162
543 4.0395994
544 4.304631
545 3.9250038
546 3.9459527
547 3.7726946
548 3.755232
549 4.0083437
550 3.8570802
551 3.9043179
552 3.6155696
553 3.681691
554 3.560896
555 3.7562232
556 3.7537372
557 3.85039
558 3.6410756
559 3.81459
560 3.8984482
561 3.6866372
562 3.5349376
563 3.76917
564 3.8224468
565 3.5196776
566 3.827391
567 3.9138362
568 3.6917953
569 3.9354997
570 3.7140179
571 3.8627272
572 3.8524368
573 3.6048737
574 3.9211128
575 3.8234172
576 3.852691
577 3.7342215
578 3.724354
579 3.4578693
580 3.4601223
581 3.6140676
582 3.4891968
583 3.681389
584 3.7825472
585 3.673645
586 3.503485
587 3.6464176
588 3.6610394
589 3.7750335
590 3.756169
591 3.687226
592 3.7339482
593 3.7787633
594 3.7144942
595 3.7928464
596 3.5622287
597 3.6944005
598 4.002632
599 3.498718
600 3.4677393
601 3.6308577
602 3.5878525
603 3.8544016
604 3.5137713
605 3.5977595
606 3.7655773
607 3.6394546
608 3.791246
609 3.4872532
610 3.7477944
611 3.8754394
612 3.9164631
613 3.911153
614 3.8193653
615 3.7351074
616 3.831232
617 3.740475
618 3.9375029
619 3.5645323
620 3.5902746
621 3.8210366
622 3.798986
623 3.7783198
624 4.166663
625 3.8543806
626 3.666677
627 3.670241
628 3.865832
629 3.834243
630 3.8383422
631 3.620124
632 3.7979898
633 3.5125113
634 3.8375566
635 3.7945368
636 3.8515947
637 3.697079
638 3.5549662
639 3.569195
640 3.4880042
641 3.5763454
642 3.758053
643 4.0265403
644 3.996294
645 3.8633819
646 3.8468735
647 3.9110508
648 4.0428395
649 3.9397624
650 3.6924844
651 3.707885
652 3.4039583
653 3.5598607
654 3.7824495
655 3.8336096
656 3.581376
657 3.7255025
658 3.6379778
659 3.755163
660 3.599075
661 3.7757835
662 3.6790652
663 3.5008159
664 3.8467145
665 3.939865
666 3.819446
667 3.764394
668 3.516407
669 3.7723465
670 3.755291
671 3.656365
672 3.5582886
673 3.8171704
674 3.9271083
675 3.7703962
676 3.6735835
677 3.8257341
678 3.7792242
679 3.9521701
680 4.280232
681 3.7207384
682 3.9997349
683 3.90128
684 4.001963
685 3.7694345
686 3.9596717
687 3.9413402
688 3.6152644
689 3.9937477
690 3.8787997
691 3.6653087
692 3.6980455
693 3.7061393
694 3.6823766
695 3.711979
696 3.998418
697 3.8053944
698 3.6442583
699 3.9427788
700 3.7420692
701 3.5239747
702 3.563133
703 3.6981626
704 3.6440563
705 3.8406553
706 3.8547297
707 3.5180914
708 3.8072793
709 3.4592786
710 3.6218479
711 3.5368688
712 3.6768181
713 3.3875244
714 3.3815236
715 3.3840554
716 3.7743704
717 3.542566
718 3.5758743
719 3.6950073
720 3.5280516
721 3.7219508
722 3.6962278
723 3.55353
724 3.6732464
725 3.6716275
726 3.750675
727 3.7345946
728 3.5258992
729 3.7584996
730 3.683532
731 3.6563518
732 3.6835642
733 3.82985
734 3.5365114
735 3.8604445
736 3.7797322
737 3.6961796
738 3.8758929
739 3.6608894
740 3.9056926
741 3.5850408
742 3.6212518
743 3.4701734
744 3.764321
745 3.564432
746 3.7969334
747 3.8549793
748 3.6326911
749 3.4078667
750 3.6710277
751 3.4999044
752 3.725712
753 3.2315705
754 3.554053
755 3.8374054
756 3.6238096
757 3.7480643
758 3.7363706
759 3.6523805
760 3.5673625
761 3.6014965
762 4.1001077
763 3.6713023
764 3.6449409
765 3.9169533
766 3.809745
767 3.5482202
768 3.4452896
769 3.419657
770 3.514604
771 3.6805844
772 3.5738637
773 3.4656446
774 3.571717
775 3.506361
776 3.5809903
777 3.7780588
778 3.7674692
779 3.8840232
780 3.9134462
781 3.4349816
782 3.7667513
783 3.5946548
784 3.4197876
785 3.7303119
786 3.5502546
787 3.5029416
788 3.4827237
789 3.2690375
790 3.593913
791 3.7308283
792 3.594598
793 3.8799517
794 3.4542174
795 3.5058086
796 3.2215884
797 3.9567914
798 3.6547017
799 3.8385055
800 3.5841596
801 3.3791795
802 3.5799956
803 3.4835684
804 3.464946
805 3.7383173
806 3.6057696
807 3.8497407
808 3.7746632
809 3.6629446
810 3.5415535
811 3.3846993
812 3.4669964
813 3.5313938
814 3.6892693
815 3.5287397
816 3.6274219
817 3.5182612
818 3.730056
819 3.658782
820 3.7473152
821 3.3765845
822 3.4445379
823 3.3940082
824 3.5825808
825 3.5688632
826 3.4186454
827 3.3554943
828 3.426209
829 3.5594428
830 3.419523
831 3.8155777
832 3.6821864
833 3.4008296
834 3.6891258
835 3.7456245
836 3.6355536
837 3.5036354
838 3.558217
839 3.358958
840 3.3138106
841 3.7100723
842 3.4932573
843 3.4653149
844 3.6959913
845 3.6443977
846 3.6094477
847 3.7120883
848 3.6977983
849 3.6337478
850 3.2150574
851 3.3948321
852 3.384443
853 3.572371
854 3.4495351
855 3.5942175
856 3.489287
857 3.8700182
858 3.514605
859 3.6491463
860 3.7926328
861 3.693956
862 3.762168
863 3.4805827
864 3.4497147
865 3.3054342
866 3.5421712
867 3.432863
868 3.546967
869 3.603092
870 3.7152996
871 3.6859663
872 3.749594
873 3.647581
874 3.7283156
875 3.8383868
876 3.7217162
877 3.819617
878 3.5192966
879 3.5786996
880 3.3367689
881 3.7467964
882 3.5033023
883 3.6763072
884 3.648215
885 3.6298528
886 3.745185
887 3.562893
888 3.5796633
889 3.8032057
890 3.7169764
891 3.6408067
892 3.5718713
893 3.8649447
894 3.63463
895 3.7385733
896 3.6971152
897 3.7397547
898 3.8079422
899 3.6780956
900 3.752124
901 3.6039445
902 3.6733274
903 3.5709476
904 3.6652865
905 3.6750631
906 3.589986
907 3.875933
908 3.5500872
909 3.837872
910 3.9362347
911 3.8517048
912 3.7473307
913 3.929621
914 3.6585944
915 3.7073896
916 3.7827275
917 3.714386
918 3.5736058
919 3.8332903
920 3.3889751
921 3.5375717
922 3.5669596
923 3.4048123
924 3.6978176
925 3.6191883
926 3.3025048
927 3.5960233
928 3.3976898
929 3.7818565
930 3.7055905
931 3.7154162
932 3.8659782
933 3.7611291
934 3.859209
935 3.6595342
936 3.6999831
937 3.7372377
938 3.888797
939 3.4423764
940 3.4341938
941 3.5865214
942 3.4203293
943 3.416571
944 3.7113614
945 3.5074325
946 3.537044
947 3.6486435
948 3.542166
949 3.5240407
950 3.5311344
951 3.6827419
952 3.665215
953 3.6540494
954 3.5814097
955 3.5922883
956 3.5416336
957 3.5480192
958 3.5918448
959 3.572019
960 3.6210504
961 3.6329818
962 3.5647852
963 3.4668667
964 3.524105
965 3.586198
966 3.3560114
967 3.677181
968 3.5154595
969 3.5366037
970 3.5525877
971 3.6986606
972 3.5036528
973 3.264175
974 3.372146
975 3.5050163
976 3.411843
977 3.3779242
978 3.322576
979 3.8269682
980 3.5029855
981 3.4819899
982 3.3377776
983 3.3705156
984 3.5253258
985 3.6207778
986 3.4484503
987 3.5264423
988 3.3474803
989 3.3758566
990 3.505432
991 3.6008358
992 3.48678
993 3.3821182
994 3.557042
995 3.4696908
996 3.632211
997 3.4528267
998 3.3981829
999 3.5816283
1000 3.5264063
