1 5.3486166
2 5.311437
3 5.256957
4 5.21115
5 5.123906
6 4.968089
7 4.8356447
8 4.7306037
9 4.507806
10 4.50875
11 4.3158426
12 4.1839147
13 4.024332
14 3.9492507
15 4.101451
16 3.9571323
17 3.9079533
18 3.912072
19 3.9280834
20 3.7354343
21 3.654321
22 3.6813934
23 3.7165337
24 3.4431527
25 3.593042
26 3.6378944
27 3.5933833
28 3.591481
29 3.7615001
30 3.6211677
31 3.5559716
32 3.5916142
33 3.6045582
34 3.5500016
35 3.494938
36 3.6196659
37 3.643396
38 3.556596
39 3.6423976
40 3.5576568
41 3.5317378
42 3.6009896
43 3.6358738
44 3.6055133
45 3.460919
46 3.5296204
47 3.6090171
48 3.580484
49 3.5772052
50 3.5523448
51 3.5914512
52 3.6899693
53 3.6738014
54 3.6397119
55 3.7243686
56 3.6432376
57 3.530241
58 3.6581855
59 3.6059253
60 3.7275722
61 3.5635376
62 3.6020112
63 3.499445
64 3.5623546
65 3.5606685
66 3.53629
67 3.5286484
68 3.544777
69 3.4979668
70 3.5478363
71 3.670798
72 3.6215248
73 3.5265546
74 3.4185665
75 3.6208222
76 3.6445384
77 3.6484902
78 3.4366581
79 3.7093825
80 3.5531273
81 3.6043344
82 3.5079627
83 3.6898422
84 3.5572314
85 3.7034767
86 3.617466
87 3.5800147
88 3.4655106
89 3.5272636
90 3.6102157
91 3.4843497
92 3.4170003
93 3.5753922
94 3.5383594
95 3.361567
96 3.4109726
97 3.4138494
98 3.5387797
99 3.4429028
100 3.5056891
101 3.459044
102 3.4601872
103 3.426305
104 3.540231
105 3.6027007
106 3.4908595
107 3.3091686
108 3.355205
109 3.3384652
110 3.3318348
111 3.242846
112 3.2908635
113 3.2309246
114 3.2879708
115 3.2587643
116 3.2678566
117 3.456038
118 3.3174546
119 3.111277
120 3.2757823
121 3.2106533
122 3.2701602
123 3.1816661
124 3.4757926
125 3.2591453
126 3.3806577
127 3.3607106
128 3.1994486
129 3.3125625
130 3.1556025
131 3.351703
132 3.2008564
133 3.2654376
134 3.2196953
135 3.3281975
136 3.1513333
137 3.233704
138 3.08645
139 3.2458668
140 3.1719816
141 3.13523
142 3.1557453
143 3.1692288
144 3.0937004
145 3.2506168
146 3.1353796
147 3.0956302
148 2.9242995
149 3.0044398
150 3.1533368
151 3.0604048
152 2.974929
153 2.9708018
154 2.913739
155 2.8304
156 3.0141304
157 3.0048406
158 3.026684
159 2.8367457
160 3.0641832
161 3.022369
162 2.8179808
163 2.8317835
164 3.031642
165 3.081379
166 3.179049
167 2.8121762
168 2.9835784
169 3.0459268
170 2.959858
171 2.9043953
172 3.080051
173 3.004728
174 3.0796843
175 2.9402835
176 2.9277685
177 3.048867
178 2.9483232
179 2.9688182
180 3.0046463
181 3.0020099
182 2.9345167
183 2.976038
184 2.8450239
185 2.9408765
186 2.7997098
187 2.9534793
188 2.881629
189 2.977042
190 2.824265
191 2.941795
192 2.9209037
193 2.8755984
194 3.0776417
195 2.7387114
196 2.8176284
197 2.6585605
198 3.0059795
199 3.0224512
200 2.7717545
201 2.8197854
202 2.8069928
203 2.7630632
204 2.8122048
205 2.7530715
206 2.901342
207 2.882465
208 2.9607732
209 2.9046392
210 2.8567104
211 2.8701503
212 2.9189782
213 2.913794
214 3.036315
215 2.9551983
216 2.9705074
217 3.033511
218 2.8158078
219 3.0102582
220 2.847124
221 2.8437762
222 2.8792448
223 2.9703588
224 2.824699
225 3.0754004
226 2.8409188
227 2.892392
228 3.1561084
229 2.8337295
230 2.9258065
231 2.9375534
232 2.9474454
233 3.0184274
234 2.849494
235 3.020307
236 2.9418006
237 3.0392983
238 3.0359676
239 2.8539605
240 3.0109098
241 2.9702058
242 2.7801974
243 3.0170445
244 2.9490037
245 3.0686383
246 3.0705822
247 3.0334775
248 3.0648627
249 2.8613875
250 2.9990904
251 2.9881654
252 2.906036
253 2.869245
254 2.9112575
255 2.946054
256 3.1097846
257 3.0083928
258 2.7775254
259 2.7569396
260 2.9814546
261 2.9339163
262 2.9713464
263 2.9172752
264 2.8725464
265 2.8631237
266 2.7857957
267 2.9090648
268 2.8379142
269 2.7897215
270 2.8031602
271 2.7109742
272 2.8182018
273 2.8698478
274 2.8472395
275 2.968327
276 2.8953838
277 2.7629514
278 2.847036
279 2.8322015
280 2.7596107
281 2.9221883
282 2.9998207
283 2.7694123
284 2.9358964
285 2.8817546
286 2.8529255
287 2.5994313
288 2.7067063
289 2.8821814
290 2.7432542
291 2.829368
292 2.9373431
293 2.674955
294 2.7937865
295 2.798922
296 2.9123378
297 2.7074366
298 2.6233387
299 2.7556348
300 2.7340288
301 2.611216
302 2.723681
303 2.7210405
304 2.6320255
305 2.775931
306 2.651553
307 2.8345284
308 2.6562276
309 2.6488948
310 2.7793033
311 2.6980531
312 2.83065
313 2.660683
314 2.6175508
315 2.6801631
316 2.7918046
317 2.8030937
318 2.8118718
319 2.6954846
320 2.8538089
321 2.9799662
322 2.711204
323 2.8711753
324 2.8077538
325 2.689066
326 2.9245374
327 2.9715865
328 2.8972769
329 2.7992105
330 2.874604
331 2.8522491
332 2.8400226
333 3.0017984
334 2.8990273
335 2.815505
336 2.7208712
337 2.7583718
338 2.7133698
339 2.6049802
340 2.6297297
341 2.6522841
342 2.682144
343 2.573807
344 2.726528
345 2.7176585
346 2.8201385
347 2.753319
348 2.6823182
349 2.690143
350 2.7461898
351 2.8121936
352 2.948966
353 2.8503265
354 2.6430342
355 2.73721
356 2.7522175
357 2.7948472
358 2.612595
359 2.724442
360 2.810302
361 2.745286
362 2.8586056
363 2.8135347
364 2.8983445
365 2.7644088
366 2.9682565
367 2.76153
368 2.6885467
369 2.6549048
370 2.7676697
371 2.844078
372 2.7211223
373 2.70517
374 2.750615
375 2.6467934
376 2.7837868
377 2.691951
378 2.7931972
379 2.7218108
380 2.7916732
381 2.8784916
382 2.7407384
383 2.7388303
384 2.7967303
385 2.5655735
386 2.6556714
387 2.631641
388 2.6997154
389 2.7849169
390 2.8192449
391 2.7923706
392 2.7372694
393 2.8393629
394 2.796669
395 3.021616
396 2.8832514
397 2.926824
398 2.910237
399 2.7221277
400 2.7715466
401 2.673214
402 2.684506
403 2.6037257
404 2.8437657
405 2.780678
406 2.8572736
407 2.9042544
408 2.8108897
409 2.5742168
410 2.7733483
411 2.7179465
412 2.7204778
413 2.7661395
414 2.5575352
415 2.642864
416 2.7551079
417 2.6986523
418 2.731667
419 2.7321947
420 2.7382352
421 2.5863116
422 2.6027563
423 2.6864934
424 2.7150185
425 2.7160316
426 2.5529494
427 2.725062
428 2.7380822
429 2.6993144
430 2.7390752
431 2.6832917
432 2.7083225
433 2.6729732
434 2.7212424
435 2.7718258
436 2.7328496
437 2.7831578
438 2.8195548
439 2.7342317
440 2.7454932
441 2.7670655
442 2.711751
443 2.7813563
444 2.5431623
445 2.6412268
446 2.7561154
447 2.5761063
448 2.6060152
449 2.7808397
450 2.6514814
451 2.6612506
452 2.7756157
453 2.6720746
454 2.5302956
455 2.5907454
456 2.7229948
457 2.698999
458 2.6155705
459 2.5975614
460 2.7902956
461 2.815724
462 2.724046
463 2.7490678
464 2.7657924
465 2.7832665
466 2.8184447
467 2.7962508
468 2.6074858
469 2.7927344
470 2.7181888
471 2.753271
472 2.5793233
473 2.6729715
474 2.6986463
475 2.5739841
476 2.6007874
477 2.733548
478 2.8058834
479 2.8341181
480 2.732843
481 2.8145874
482 2.5770783
483 2.6368434
484 2.7841506
485 2.822682
486 2.67324
487 2.651154
488 2.6370661
489 2.5760856
490 2.738709
491 2.7108748
492 2.784718
493 2.866868
494 2.8864503
495 2.7717278
496 2.6847346
497 2.7902656
498 2.638125
499 2.6407475
500 2.8151283
501 2.5736244
502 2.4349964
503 2.692348
504 2.5580955
505 2.5420153
506 2.7445922
507 2.6746926
508 2.7124066
509 2.6884544
510 2.7348583
511 2.6854138
512 2.4220967
513 2.4522562
514 2.6334128
515 2.4533525
516 2.7378974
517 2.6756296
518 2.3948693
519 2.6001573
520 2.5411756
521 2.4688144
522 2.748384
523 2.5525765
524 2.6090252
525 2.6918132
526 2.5220213
527 2.4903572
528 2.7691014
529 2.6539085
530 2.6410384
531 2.7014453
532 2.6002717
533 2.6240413
534 2.7548683
535 2.8549767
536 2.6988711
537 2.8136678
538 2.827927
539 2.6567504
540 2.52402
541 2.6709046
542 2.7722535
543 2.8000371
544 2.983743
545 2.7206054
546 2.735126
547 2.6150327
548 2.6029286
549 2.7783723
550 2.6735244
551 2.7062669
552 2.5061219
553 2.5519538
554 2.468225
555 2.6036155
556 2.6018925
557 2.668887
558 2.5238013
559 2.6440723
560 2.7021985
561 2.5553823
562 2.450232
563 2.6125896
564 2.6495183
565 2.4396546
566 2.6529453
567 2.7128646
568 2.5589576
569 2.7278805
570 2.574361
571 2.6774385
572 2.6703057
573 2.498708
574 2.7179084
575 2.6501908
576 2.670482
577 2.588365
578 2.5815256
579 2.3968124
580 2.398374
581 2.5050807
582 2.418527
583 2.5517445
584 2.621862
585 2.5463767
586 2.4284308
587 2.5275042
588 2.5376391
589 2.616654
590 2.603578
591 2.5557904
592 2.5881758
593 2.619239
594 2.5746913
595 2.629001
596 2.4691489
597 2.5607634
598 2.774413
599 2.4251266
600 2.4036539
601 2.5167189
602 2.4869099
603 2.6716676
604 2.4355607
605 2.4937768
606 2.6100993
607 2.5226777
608 2.6278915
609 2.4171798
610 2.597773
611 2.68625
612 2.7146854
613 2.7110047
614 2.6473823
615 2.5889792
616 2.6556077
617 2.5926998
618 2.729269
619 2.4707456
620 2.4885888
621 2.6485407
622 2.6332564
623 2.6189318
624 2.8881109
625 2.671653
626 2.5415468
627 2.5440173
628 2.6795907
629 2.6576948
630 2.660536
631 2.5092788
632 2.632566
633 2.4346874
634 2.6599915
635 2.6301725
636 2.669722
637 2.56262
638 2.464115
639 2.4739776
640 2.4177003
641 2.4789338
642 2.604884
643 2.790985
644 2.77002
645 2.6778922
646 2.6664495
647 2.710934
648 2.8022828
649 2.7308352
650 2.5594351
651 2.57011
652 2.3594441
653 2.4675074
654 2.6217942
655 2.6572556
656 2.4824207
657 2.5823216
658 2.5216541
659 2.6028807
660 2.4946887
661 2.6171737
662 2.5501337
663 2.4265807
664 2.6663394
665 2.7309065
666 2.6474383
667 2.6092792
668 2.4373877
669 2.6147914
670 2.6029694
671 2.534399
672 2.4664178
673 2.645861
674 2.722064
675 2.6134396
676 2.546334
677 2.6517968
678 2.6195586
679 2.7394357
680 2.9668307
681 2.5790193
682 2.772405
683 2.7041612
684 2.7739494
685 2.612773
686 2.7446353
687 2.7319288
688 2.5059104
689 2.768255
690 2.688579
691 2.5405984
692 2.5632899
693 2.5689
694 2.552429
695 2.5729477
696 2.7714922
697 2.6376984
698 2.5260074
699 2.7329261
700 2.5938048
701 2.4426332
702 2.4697757
703 2.563371
704 2.5258675
705 2.6621394
706 2.671895
707 2.4385552
708 2.639005
709 2.3977892
710 2.5104737
711 2.4515707
712 2.548576
713 2.348053
714 2.3438935
715 2.3456485
716 2.6161942
717 2.4555197
718 2.4786072
719 2.561184
720 2.4454591
721 2.5798597
722 2.5620298
723 2.4631193
724 2.5461004
725 2.5449784
726 2.5997698
727 2.5886238
728 2.443967
729 2.6051934
730 2.5532298
731 2.53439
732 2.5532522
733 2.6546497
734 2.451323
735 2.6758564
736 2.6199107
737 2.5619965
738 2.6865642
739 2.5375352
740 2.7072198
741 2.484961
742 2.5100605
743 2.405341
744 2.6092286
745 2.470676
746 2.6318338
747 2.672068
748 2.5179896
749 2.3621533
750 2.5445626
751 2.4259489
752 2.5824668
753 2.239954
754 2.463482
755 2.6598868
756 2.5118334
757 2.5979602
758 2.5898547
759 2.5316372
760 2.4727073
761 2.4963672
762 2.841978
763 2.5447528
764 2.5264804
765 2.7150252
766 2.6407142
767 2.4594388
768 2.3880928
769 2.3703256
770 2.436138
771 2.5511868
772 2.4772136
773 2.402202
774 2.4757257
775 2.4304242
776 2.4821534
777 2.6187508
778 2.6114106
779 2.6921997
780 2.7125943
781 2.3809478
782 2.610913
783 2.4916248
784 2.3704162
785 2.5856552
786 2.460849
787 2.428054
788 2.41404
789 2.2659242
790 2.4911108
791 2.586013
792 2.4915855
793 2.6893775
794 2.3942811
795 2.4300413
796 2.2330348
797 2.7426388
798 2.5332463
799 2.6606493
800 2.4843502
801 2.3422687
802 2.481464
803 2.4146256
804 2.4017177
805 2.5912042
806 2.499329
807 2.668437
808 2.6163971
809 2.5389597
810 2.4548178
811 2.3460948
812 2.4031389
813 2.4477756
814 2.5572066
815 2.445936
816 2.5143373
817 2.4386728
818 2.5854778
819 2.5360744
820 2.597441
821 2.34047
822 2.3875718
823 2.3525472
824 2.4832559
825 2.4737475
826 2.3696244
827 2.3258514
828 2.3748672
829 2.4672177
830 2.3702328
831 2.644757
832 2.552297
833 2.3572755
834 2.5571072
835 2.5962691
836 2.5199738
837 2.428535
838 2.4663682
839 2.3282523
840 2.2969584
841 2.5716262
842 2.4213414
843 2.4019732
844 2.561866
845 2.526104
846 2.5018785
847 2.5730236
848 2.5631185
849 2.518722
850 2.228508
851 2.3531184
852 2.3459172
853 2.476179
854 2.3910356
855 2.4913218
856 2.4185894
857 2.6824923
858 2.4361386
859 2.5293956
860 2.6288528
861 2.560455
862 2.607736
863 2.4125562
864 2.39116
865 2.2911525
866 2.455246
867 2.3794794
868 2.4585702
869 2.497473
870 2.5752494
871 2.554917
872 2.5990205
873 2.5283105
874 2.5842714
875 2.660567
876 2.5796971
877 2.6475568
878 2.4393907
879 2.4805655
880 2.312872
881 2.5970814
882 2.4283042
883 2.548222
884 2.52875
885 2.5160222
886 2.5959644
887 2.4696093
888 2.4812336
889 2.6361814
890 2.5764117
891 2.523615
892 2.4758325
893 2.6789756
894 2.5193336
895 2.5913815
896 2.562645
897 2.5922005
898 2.6394644
899 2.5494616
900 2.6007743
901 2.498064
902 2.5461566
903 2.4751923
904 2.5405831
905 2.5473597
906 2.4883888
907 2.686592
908 2.460733
909 2.6602101
910 2.72839
911 2.6697984
912 2.5974517
913 2.7238057
914 2.5359445
915 2.5697668
916 2.6219869
917 2.5746162
918 2.4770348
919 2.6570344
920 2.3490586
921 2.4520578
922 2.472428
923 2.3600361
924 2.5631318
925 2.5086303
926 2.2891219
927 2.4925735
928 2.3550992
929 2.6213832
930 2.5685196
931 2.5753303
932 2.679692
933 2.607016
934 2.675
935 2.5365958
936 2.564633
937 2.5904558
938 2.6955087
939 2.3860736
940 2.3804018
941 2.4859872
942 2.3707917
943 2.3681865
944 2.5725198
945 2.431167
946 2.451692
947 2.529047
948 2.4552424
949 2.442679
950 2.4475958
951 2.5526822
952 2.5405335
953 2.532794
954 2.482444
955 2.4899845
956 2.4548733
957 2.4592996
958 2.4896772
959 2.475935
960 2.5099208
961 2.518191
962 2.4709208
963 2.403049
964 2.4427235
965 2.485763
966 2.3262098
967 2.5488276
968 2.4367309
969 2.451387
970 2.4624662
971 2.5637162
972 2.4285471
973 2.2625537
974 2.3373935
975 2.4294922
976 2.3649094
977 2.3413987
978 2.3030343
979 2.6526523
980 2.4280846
981 2.4135315
982 2.3135712
983 2.3362634
984 2.4435697
985 2.509732
986 2.3902836
987 2.4443436
988 2.3202965
989 2.3399656
990 2.4297802
991 2.4959092
992 2.4168518
993 2.3443058
994 2.4655535
995 2.4050064
996 2.5176568
997 2.3933172
998 2.3554409
999 2.4825957
1000 2.4443185
