1 204.4476
2 203.9548
3 203.45175
4 202.72221
5 201.11615
6 197.39348
7 190.96304
8 181.85745
9 166.79155
10 148.99983
11 127.870926
12 106.51853
13 86.89849
14 69.15591
15 57.24275
16 48.47044
17 43.48121
18 40.27435
19 37.225243
20 36.398804
21 35.49712
22 34.530907
23 34.585445
24 34.585697
25 34.157013
26 34.09682
27 33.60859
28 33.435783
29 32.99612
30 33.26821
31 33.24131
32 33.403103
33 33.12669
34 32.8905
35 32.769974
36 32.56753
37 32.94529
38 33.65757
39 34.152775
40 34.99129
41 35.521015
42 35.963715
43 36.678974
44 37.02335
45 37.50687
46 37.164524
47 37.292316
48 36.992092
49 36.95845
50 36.791676
51 36.49033
52 36.552597
53 36.360943
54 36.310482
55 36.303886
56 36.27241
57 36.375664
58 36.15116
59 36.2028
60 36.1803
61 36.364357
62 36.88305
63 37.05675
64 37.66492
65 37.482533
66 37.74995
67 38.021088
68 38.21821
69 38.198467
70 38.113026
71 38.03658
72 38.511627
73 38.31896
74 38.398495
75 38.027557
76 37.858063
77 37.24864
78 37.469402
79 36.974407
80 37.193897
81 37.50969
82 37.95826
83 37.655678
84 37.946983
85 38.89223
86 40.038166
87 40.56507
88 41.593433
89 42.99929
90 42.082954
91 42.122467
92 40.2572
93 38.252365
94 37.85447
95 37.194553
96 35.720318
97 36.56374
98 37.41561
99 37.108795
100 38.523384
101 40.03288
102 41.098236
103 41.54294
104 41.331486
105 42.71815
106 42.537964
107 38.33058
108 35.567253
109 34.401817
110 33.196766
111 33.72695
112 32.67472
113 32.44184
114 31.695353
115 32.41907
116 34.428658
117 35.871483
118 34.822884
119 35.295906
120 35.61209
121 36.29859
122 34.208717
123 33.916313
124 35.64919
125 32.058872
126 31.756847
127 30.718204
128 32.096077
129 33.555714
130 32.36137
131 32.214573
132 34.84923
133 33.214733
134 31.524952
135 33.28173
136 33.535057
137 33.25901
138 31.212048
139 30.439587
140 30.36438
141 31.293875
142 31.745403
143 30.283993
144 30.875061
145 31.999851
146 30.209911
147 30.116055
148 28.19892
149 28.104975
150 27.349995
151 27.841925
152 26.668274
153 26.595495
154 27.616253
155 27.06225
156 25.859371
157 25.291828
158 24.562567
159 22.089575
160 23.110815
161 22.920332
162 23.810925
163 22.938938
164 23.842083
165 22.841204
166 23.861412
167 24.253925
168 23.29594
169 23.604176
170 25.51004
171 25.712158
172 23.851267
173 25.893927
174 27.692188
175 27.14677
176 26.55972
177 26.860332
178 26.910233
179 28.90893
180 24.730145
181 26.669678
182 27.22103
183 28.936478
184 26.328964
185 25.00275
186 23.944683
187 23.00954
188 25.883142
189 24.015635
190 25.983433
191 23.386816
192 25.032757
193 23.486425
194 24.991009
195 24.432217
196 24.339725
197 21.65315
198 23.890768
199 24.917164
200 21.875574
201 22.148922
202 22.906628
203 21.93336
204 20.890501
205 22.187777
206 21.50153
207 22.60251
208 21.451992
209 20.195135
210 23.433382
211 24.691364
212 22.942684
213 24.89842
214 26.077326
215 25.88717
216 26.01829
217 25.00199
218 26.396969
219 26.808771
220 24.27271
221 24.077127
222 23.629242
223 23.563192
224 23.196152
225 24.6091
226 22.253162
227 24.39772
228 24.312313
229 26.207336
230 25.851358
231 24.853222
232 26.137524
233 25.868845
234 25.596062
235 26.155811
236 25.779913
237 24.526535
238 24.896389
239 23.299068
240 22.839838
241 22.113302
242 21.928444
243 23.085968
244 21.277859
245 22.85559
246 22.940226
247 25.336964
248 26.03324
249 25.300512
250 26.122204
251 26.579071
252 26.054615
253 24.690561
254 25.065899
255 25.449032
256 24.94394
257 24.89599
258 22.020954
259 22.816845
260 22.652079
261 22.813293
262 23.686266
263 22.656582
264 24.555384
265 23.840078
266 23.37366
267 24.53733
268 23.542507
269 23.67519
270 22.9109
271 23.670664
272 23.216496
273 23.72328
274 22.674026
275 22.626543
276 22.946947
277 22.208529
278 22.271189
279 23.65895
280 24.921377
281 23.28017
282 23.452862
283 23.864923
284 22.632313
285 21.692913
286 24.25816
287 21.44929
288 21.138584
289 22.470968
290 21.274708
291 22.387909
292 22.39629
293 21.76537
294 21.093414
295 22.01437
296 21.675344
297 20.47045
298 22.079502
299 22.147215
300 21.281475
301 20.655478
302 20.699532
303 21.438662
304 19.632376
305 20.761463
306 20.033024
307 20.942163
308 20.400751
309 19.971369
310 21.093128
311 19.783478
312 20.79602
313 20.506018
314 18.99828
315 19.344683
316 19.534311
317 21.40703
318 21.255573
319 20.4847
320 22.64616
321 21.58016
322 22.599285
323 20.971321
324 21.590342
325 21.202717
326 21.803751
327 22.256702
328 22.388393
329 21.005829
330 21.692356
331 20.864145
332 22.187607
333 21.053595
334 22.344334
335 23.244211
336 22.91231
337 22.973707
338 21.536772
339 21.795765
340 21.404589
341 22.01925
342 20.497202
343 18.601223
344 21.270742
345 19.93112
346 20.427744
347 20.907047
348 18.39716
349 19.174068
350 19.368591
351 20.93156
352 20.138315
353 19.865032
354 20.890985
355 20.758846
356 20.117981
357 20.981974
358 20.696148
359 21.074413
360 20.939255
361 21.438023
362 21.567669
363 21.201555
364 20.446188
365 21.407862
366 20.976852
367 21.175756
368 22.162785
369 19.918192
370 19.342794
371 19.085575
372 20.177877
373 20.00552
374 20.10612
375 19.97071
376 21.614477
377 20.926666
378 22.07257
379 22.561337
380 23.193607
381 24.496965
382 21.527899
383 22.19563
384 21.617632
385 19.7565
386 20.608128
387 18.915094
388 19.209082
389 18.85516
390 19.772434
391 19.292156
392 19.82403
393 19.239832
394 18.789953
395 21.49357
396 21.834126
397 22.00946
398 22.441885
399 21.00141
400 21.546589
401 20.440483
402 21.527422
403 22.123566
404 20.792572
405 22.160543
406 21.530134
407 21.336226
408 21.337261
409 20.163452
410 21.025522
411 21.354298
412 20.140802
413 20.040682
414 20.388407
415 20.56521
416 19.773497
417 20.151464
418 20.710157
419 18.99355
420 19.786987
421 20.03611
422 19.549316
423 19.608578
424 20.972439
425 19.750004
426 20.70598
427 20.236809
428 19.506989
429 18.952784
430 19.814875
431 20.251547
432 19.226294
433 18.501637
434 19.842999
435 19.75456
436 19.555853
437 20.655048
438 20.035269
439 19.946575
440 19.024055
441 20.153866
442 19.948132
443 20.926624
444 20.840513
445 20.19237
446 19.546549
447 19.349543
448 18.708317
449 18.90156
450 18.926228
451 19.494633
452 19.91933
453 19.653488
454 19.284924
455 18.242096
456 19.673119
457 20.150251
458 18.976542
459 18.430668
460 19.692177
461 20.202488
462 20.143345
463 20.35703
464 20.845734
465 19.55943
466 20.826057
467 19.909704
468 18.406845
469 18.99384
470 19.379194
471 20.736322
472 19.994986
473 20.264301
474 19.502254
475 19.29145
476 20.761347
477 20.893467
478 19.302616
479 19.901875
480 20.898214
481 19.807291
482 20.118246
483 19.76923
484 20.492844
485 19.632303
486 19.927242
487 19.526615
488 19.86313
489 19.895061
490 20.94895
491 20.47132
492 19.678017
493 20.314812
494 20.507042
495 19.701311
496 19.255798
497 19.476477
498 18.139553
499 18.766607
500 18.108707
501 18.158258
502 17.726604
503 20.040813
504 18.634647
505 18.738583
506 19.404682
507 19.83015
508 19.91169
509 20.925526
510 21.042824
511 18.828856
512 17.70669
513 18.628824
514 19.04842
515 17.754395
516 17.793537
517 18.516338
518 17.13628
519 18.696112
520 18.836227
521 17.570982
522 17.863422
523 19.007471
524 19.02497
525 19.296604
526 16.92057
527 17.804758
528 19.376343
529 20.48959
530 19.376556
531 18.67723
532 19.208536
533 19.742071
534 21.175657
535 20.161957
536 20.20338
537 19.88211
538 21.25489
539 19.601765
540 18.531403
541 20.113424
542 20.545807
543 20.266155
544 21.18782
545 20.756283
546 20.175453
547 20.835234
548 20.457119
549 21.322313
550 19.746552
551 19.888748
552 19.155172
553 18.175287
554 17.575579
555 18.5526
556 17.910564
557 17.612041
558 16.57507
559 16.839602
560 17.596888
561 17.41344
562 17.161762
563 18.823503
564 18.270754
565 18.662746
566 18.382479
567 18.949879
568 18.487518
569 18.849987
570 19.603464
571 19.505507
572 19.17527
573 18.656559
574 19.448282
575 17.965738
576 18.195301
577 17.897839
578 18.061628
579 16.639791
580 17.844765
581 16.873869
582 17.232416
583 17.044556
584 17.107025
585 17.203146
586 16.667244
587 18.42293
588 17.756695
589 17.756939
590 18.681547
591 18.026577
592 17.894861
593 17.946018
594 18.87119
595 18.148874
596 19.142612
597 17.69184
598 19.24591
599 18.002115
600 17.381413
601 18.164347
602 17.57759
603 17.60672
604 17.006117
605 16.639894
606 16.831594
607 17.392189
608 17.238358
609 17.415535
610 18.559683
611 18.782087
612 18.86731
613 19.26627
614 18.92339
615 18.411953
616 19.52892
617 18.096142
618 18.510784
619 19.15738
620 18.486261
621 18.400848
622 18.773594
623 17.279343
624 18.369986
625 16.944794
626 17.398108
627 18.76828
628 17.75768
629 17.079006
630 17.575815
631 16.829443
632 16.547384
633 16.957354
634 18.302668
635 18.05629
636 17.12611
637 18.166513
638 17.11224
639 17.672735
640 17.752203
641 17.910295
642 17.44268
643 17.7084
644 17.162699
645 16.801598
646 18.053452
647 17.273205
648 17.913824
649 18.239443
650 17.253204
651 18.170027
652 18.579609
653 16.486027
654 16.874043
655 17.761942
656 17.184254
657 17.53625
658 17.265854
659 19.07165
660 17.259901
661 18.352213
662 17.811016
663 16.453087
664 17.036762
665 17.709509
666 18.433064
667 18.158497
668 17.588324
669 18.48136
670 17.473986
671 18.592213
672 17.230478
673 17.979416
674 17.704166
675 18.412832
676 17.867167
677 18.40529
678 17.57265
679 18.603088
680 19.716898
681 19.919788
682 19.453281
683 19.147741
684 20.335836
685 19.631876
686 20.921974
687 21.379166
688 20.508343
689 23.297924
690 22.031797
691 17.911745
692 19.70772
693 18.758085
694 19.468042
695 17.66332
696 19.466898
697 19.100607
698 18.199163
699 18.166027
700 19.084026
701 17.375467
702 16.70505
703 16.784012
704 17.921741
705 19.038406
706 18.392658
707 18.0532
708 18.162525
709 16.729
710 17.445179
711 18.027704
712 17.451675
713 16.847504
714 16.40255
715 16.335297
716 16.620571
717 15.391687
718 16.49773
719 16.733326
720 15.472639
721 17.355145
722 17.599728
723 16.757465
724 16.94871
725 17.143087
726 16.720707
727 16.95261
728 16.09556
729 16.172005
730 15.349788
731 15.845607
732 15.841736
733 17.45412
734 16.692198
735 17.428082
736 17.01714
737 17.743088
738 18.488451
739 18.206314
740 18.93208
741 18.125624
742 17.477705
743 18.609913
744 17.264133
745 16.938486
746 17.630651
747 17.99457
748 16.36258
749 16.176586
750 17.535175
751 17.201977
752 17.17837
753 16.595455
754 16.725262
755 17.170618
756 17.295086
757 16.887194
758 17.539413
759 17.79726
760 16.828289
761 17.35876
762 18.215418
763 17.694706
764 16.593662
765 17.540358
766 17.249216
767 15.946264
768 15.498297
769 17.510778
770 17.878195
771 17.604267
772 17.945364
773 16.712902
774 17.145603
775 17.019337
776 17.2495
777 17.304537
778 17.666027
779 18.044407
780 16.72859
781 16.448162
782 17.989204
783 17.639736
784 17.109846
785 18.167027
786 16.906424
787 16.932823
788 16.060946
789 16.178894
790 17.265985
791 17.647278
792 16.623013
793 17.518501
794 16.411522
795 15.653717
796 15.370245
797 17.263308
798 15.846163
799 16.030352
800 16.678677
801 15.568187
802 15.450722
803 15.21961
804 16.594948
805 16.47754
806 17.000744
807 17.050282
808 17.14443
809 17.237722
810 16.650137
811 15.835627
812 14.7646055
813 15.917292
814 16.044018
815 15.513486
816 15.721341
817 16.473074
818 16.942333
819 17.519407
820 18.073996
821 16.11414
822 15.791573
823 16.84148
824 16.948666
825 16.248875
826 16.243275
827 15.522459
828 15.863396
829 16.524036
830 16.026073
831 17.127193
832 16.180729
833 15.638761
834 16.571375
835 17.147858
836 15.529248
837 15.92845
838 15.473369
839 15.241304
840 15.544287
841 16.102713
842 16.308758
843 15.903424
844 17.414356
845 16.737467
846 16.592083
847 16.937235
848 16.602123
849 16.65532
850 15.768254
851 15.244548
852 14.885004
853 16.631388
854 16.406765
855 15.842196
856 15.310486
857 16.490229
858 16.147146
859 15.370298
860 15.376577
861 15.778071
862 15.377225
863 15.444418
864 16.033545
865 15.142645
866 15.688601
867 15.924341
868 16.563269
869 16.853153
870 16.86317
871 15.587526
872 16.77948
873 16.992985
874 17.024296
875 17.526516
876 17.386625
877 17.976494
878 17.321342
879 17.275314
880 16.794434
881 18.157696
882 15.716006
883 15.735843
884 16.498697
885 15.825293
886 16.058283
887 16.428133
888 16.87018
889 17.21951
890 17.16097
891 18.05037
892 17.58653
893 19.852177
894 17.92518
895 18.186132
896 17.999752
897 18.499014
898 17.914886
899 18.059313
900 17.56629
901 17.394226
902 15.736218
903 16.721977
904 16.783072
905 16.614487
906 16.892925
907 16.849985
908 14.559932
909 15.965872
910 15.487005
911 16.9361
912 17.252691
913 17.336212
914 17.80543
915 18.126026
916 17.760235
917 18.261847
918 17.877008
919 18.415873
920 17.112055
921 17.254309
922 17.967834
923 17.699871
924 17.878521
925 18.17796
926 16.545385
927 17.717735
928 16.344809
929 16.990063
930 18.125261
931 16.761776
932 17.293667
933 16.469448
934 17.275148
935 16.567936
936 16.930365
937 16.49228
938 16.252563
939 16.87265
940 16.588877
941 16.346207
942 16.150135
943 15.539574
944 16.280514
945 16.012814
946 16.581741
947 15.066599
948 16.200243
949 15.180697
950 15.479673
951 16.253572
952 15.942209
953 17.211962
954 16.063366
955 18.047245
956 17.781672
957 16.27649
958 17.108044
959 16.169367
960 17.041317
961 16.719448
962 16.790907
963 15.919528
964 16.150208
965 16.11099
966 15.145291
967 15.47921
968 15.776632
969 15.494883
970 15.334308
971 15.721792
972 16.579836
973 15.786224
974 16.54091
975 16.497679
976 16.12127
977 16.140667
978 15.613115
979 18.08912
980 15.730108
981 16.335426
982 15.739247
983 15.57018
984 16.236858
985 15.473689
986 15.871005
987 16.105629
988 15.628528
989 15.729686
990 16.690535
991 17.21497
992 14.24988
993 15.312788
994 16.319378
995 15.382736
996 16.550108
997 16.078701
998 14.689606
999 15.636284
1000 16.308186
