1 0.00625
2 0.028125
3 0.10625
4 0.153125
5 0.14375
6 0.128125
7 0.125
8 0.140625
9 0.11875
10 0.153125
11 0.121875
12 0.140625
13 0.109375
14 0.146875
15 0.1125
16 0.084375
17 0.096875
18 0.08125
19 0.08125
20 0.090625
21 0.121875
22 0.11875
23 0.14375
24 0.128125
25 0.134375
26 0.146875
27 0.11875
28 0.125
29 0.134375
30 0.140625
31 0.121875
32 0.1375
33 0.13125
34 0.103125
35 0.11875
36 0.128125
37 0.165625
38 0.1375
39 0.134375
40 0.11875
41 0.146875
42 0.134375
43 0.140625
44 0.15
45 0.109375
46 0.1375
47 0.146875
48 0.1125
49 0.146875
50 0.0875
51 0.140625
52 0.11875
53 0.1375
54 0.11875
55 0.159375
56 0.140625
57 0.15
58 0.159375
59 0.128125
60 0.140625
61 0.153125
62 0.1375
63 0.121875
64 0.1375
65 0.153125
66 0.125
67 0.134375
68 0.128125
69 0.15
70 0.153125
71 0.14375
72 0.125
73 0.15625
74 0.15
75 0.15
76 0.125
77 0.178125
78 0.121875
79 0.13125
80 0.165625
81 0.18125
82 0.19375
83 0.175
84 0.159375
85 0.19375
86 0.15
87 0.215625
88 0.2
89 0.1875
90 0.20625
91 0.1875
92 0.190625
93 0.19375
94 0.184375
95 0.16875
96 0.20625
97 0.18125
98 0.20625
99 0.125
100 0.18125
101 0.165625
102 0.178125
103 0.2
104 0.175
105 0.19375
106 0.215625
107 0.253125
108 0.18125
109 0.165625
110 0.20625
111 0.221875
112 0.221875
113 0.2
114 0.215625
115 0.178125
116 0.24375
117 0.175
118 0.165625
119 0.203125
120 0.2125
121 0.209375
122 0.19375
123 0.225
124 0.21875
125 0.24375
126 0.19375
127 0.215625
128 0.1875
129 0.246875
130 0.221875
131 0.221875
132 0.209375
133 0.21875
134 0.215625
135 0.16875
136 0.228125
137 0.16875
138 0.2
139 0.190625
140 0.2375
141 0.19375
142 0.225
143 0.190625
144 0.240625
145 0.21875
146 0.2375
147 0.225
148 0.221875
149 0.253125
150 0.25625
151 0.24375
152 0.259375
153 0.259375
154 0.246875
155 0.2625
156 0.2375
157 0.20625
158 0.221875
159 0.215625
160 0.2125
161 0.221875
162 0.25
163 0.23125
164 0.19375
165 0.246875
166 0.2375
167 0.23125
168 0.225
169 0.259375
170 0.25
171 0.284375
172 0.25
173 0.25
174 0.2125
175 0.23125
176 0.19375
177 0.234375
178 0.271875
179 0.275
180 0.275
181 0.234375
182 0.290625
183 0.20625
184 0.24375
185 0.228125
186 0.25625
187 0.20625
188 0.225
189 0.21875
190 0.2625
191 0.246875
192 0.21875
193 0.215625
194 0.221875
195 0.2625
196 0.3
197 0.221875
198 0.284375
199 0.234375
200 0.26875
201 0.240625
202 0.265625
203 0.19375
204 0.221875
205 0.265625
206 0.240625
207 0.28125
208 0.190625
209 0.259375
210 0.228125
211 0.246875
212 0.246875
213 0.2625
214 0.278125
215 0.253125
216 0.246875
217 0.278125
218 0.30625
219 0.2625
220 0.221875
221 0.240625
222 0.284375
223 0.20625
224 0.275
225 0.24375
226 0.246875
227 0.28125
228 0.253125
229 0.26875
230 0.259375
231 0.2625
232 0.215625
233 0.29375
234 0.228125
235 0.225
236 0.253125
237 0.3
238 0.271875
239 0.290625
240 0.2625
241 0.278125
242 0.265625
243 0.25625
244 0.253125
245 0.33125
246 0.265625
247 0.265625
248 0.259375
249 0.2625
250 0.240625
251 0.278125
252 0.259375
253 0.271875
254 0.228125
255 0.2625
256 0.234375
257 0.23125
258 0.24375
259 0.246875
260 0.265625
261 0.278125
262 0.290625
263 0.259375
264 0.26875
265 0.328125
266 0.259375
267 0.265625
268 0.29375
269 0.2625
270 0.228125
271 0.23125
272 0.259375
273 0.228125
274 0.290625
275 0.190625
276 0.24375
277 0.25625
278 0.259375
279 0.3
280 0.24375
281 0.265625
282 0.2875
283 0.240625
284 0.284375
285 0.271875
286 0.2875
287 0.240625
288 0.265625
289 0.228125
290 0.275
291 0.26875
292 0.271875
293 0.328125
294 0.29375
295 0.303125
296 0.24375
297 0.253125
298 0.246875
299 0.234375
300 0.259375
301 0.259375
302 0.20625
303 0.234375
304 0.228125
305 0.328125
306 0.278125
307 0.275
308 0.2375
309 0.25625
310 0.259375
311 0.240625
312 0.234375
313 0.29375
314 0.296875
315 0.25
316 0.234375
317 0.209375
318 0.2625
319 0.2375
320 0.278125
321 0.271875
322 0.23125
323 0.24375
324 0.29375
325 0.296875
326 0.215625
327 0.271875
328 0.265625
329 0.259375
330 0.29375
331 0.290625
332 0.25625
333 0.309375
334 0.3
335 0.309375
336 0.25625
337 0.2625
338 0.2375
339 0.25
340 0.309375
341 0.30625
342 0.25
343 0.25
344 0.265625
345 0.2875
346 0.259375
347 0.35
348 0.284375
349 0.271875
350 0.28125
351 0.25625
352 0.30625
353 0.25
354 0.240625
355 0.284375
356 0.31875
357 0.234375
358 0.284375
359 0.246875
360 0.28125
361 0.221875
362 0.346875
363 0.30625
364 0.303125
365 0.25
366 0.26875
367 0.259375
368 0.2625
369 0.240625
370 0.29375
371 0.275
372 0.24375
373 0.29375
374 0.28125
375 0.309375
376 0.284375
377 0.25625
378 0.315625
379 0.284375
380 0.2875
381 0.303125
382 0.325
383 0.265625
384 0.278125
385 0.278125
386 0.34375
387 0.29375
388 0.30625
389 0.23125
390 0.290625
391 0.284375
392 0.296875
393 0.284375
394 0.309375
395 0.2375
396 0.29375
397 0.3
398 0.228125
399 0.26875
400 0.303125
401 0.296875
402 0.290625
403 0.35625
404 0.328125
405 0.34375
406 0.315625
407 0.325
408 0.221875
409 0.240625
410 0.3
411 0.3125
412 0.253125
413 0.378125
414 0.284375
415 0.346875
416 0.2875
417 0.284375
418 0.284375
419 0.271875
420 0.25
421 0.325
422 0.296875
423 0.353125
424 0.328125
425 0.340625
426 0.315625
427 0.284375
428 0.33125
429 0.278125
430 0.340625
431 0.325
432 0.29375
433 0.28125
434 0.253125
435 0.28125
436 0.340625
437 0.309375
438 0.265625
439 0.30625
440 0.328125
441 0.25625
442 0.303125
443 0.26875
444 0.265625
445 0.2875
446 0.384375
447 0.25625
448 0.3
449 0.240625
450 0.30625
451 0.265625
452 0.26875
453 0.3
454 0.296875
455 0.259375
456 0.30625
457 0.28125
458 0.278125
459 0.26875
460 0.328125
461 0.334375
462 0.3125
463 0.296875
464 0.2625
465 0.321875
466 0.240625
467 0.31875
468 0.33125
469 0.25625
470 0.21875
471 0.340625
472 0.303125
473 0.309375
474 0.359375
475 0.29375
476 0.26875
477 0.325
478 0.321875
479 0.340625
480 0.30625
481 0.278125
482 0.309375
483 0.346875
484 0.290625
485 0.33125
486 0.365625
487 0.30625
488 0.3125
489 0.271875
490 0.28125
491 0.271875
492 0.265625
493 0.240625
494 0.3375
495 0.30625
496 0.2625
497 0.246875
498 0.309375
499 0.2875
500 0.3625
501 0.296875
502 0.3125
503 0.290625
504 0.28125
505 0.38125
506 0.3375
507 0.2875
508 0.2625
509 0.25625
510 0.325
511 0.346875
512 0.303125
513 0.35
514 0.275
515 0.30625
516 0.309375
517 0.334375
518 0.278125
519 0.390625
520 0.29375
521 0.315625
522 0.328125
523 0.28125
524 0.353125
525 0.325
526 0.353125
527 0.334375
528 0.265625
529 0.296875
530 0.3
531 0.30625
532 0.3125
533 0.31875
534 0.33125
535 0.365625
536 0.29375
537 0.334375
538 0.271875
539 0.3125
540 0.321875
541 0.3125
542 0.29375
543 0.25625
544 0.2875
545 0.271875
546 0.26875
547 0.278125
548 0.3375
549 0.309375
550 0.271875
551 0.309375
552 0.271875
553 0.315625
554 0.340625
555 0.309375
556 0.3
557 0.284375
558 0.29375
559 0.253125
560 0.265625
561 0.30625
562 0.2875
563 0.35625
564 0.290625
565 0.425
566 0.34375
567 0.3375
568 0.371875
569 0.296875
570 0.290625
571 0.25625
572 0.34375
573 0.325
574 0.28125
575 0.31875
576 0.303125
577 0.309375
578 0.275
579 0.296875
580 0.259375
581 0.30625
582 0.33125
583 0.31875
584 0.29375
585 0.31875
586 0.30625
587 0.30625
588 0.246875
589 0.290625
590 0.340625
591 0.328125
592 0.26875
593 0.4
594 0.3125
595 0.34375
596 0.3625
597 0.3
598 0.31875
599 0.33125
600 0.3375
601 0.3375
602 0.30625
603 0.35625
604 0.253125
605 0.33125
606 0.33125
607 0.353125
608 0.28125
609 0.325
610 0.271875
611 0.35625
612 0.346875
613 0.315625
614 0.30625
615 0.309375
616 0.365625
617 0.29375
618 0.290625
619 0.378125
620 0.321875
621 0.35625
622 0.303125
623 0.315625
624 0.296875
625 0.28125
626 0.2375
627 0.28125
628 0.240625
629 0.296875
630 0.28125
631 0.359375
632 0.29375
633 0.36875
634 0.315625
635 0.33125
636 0.39375
637 0.375
638 0.365625
639 0.29375
640 0.325
641 0.31875
642 0.325
643 0.246875
644 0.296875
645 0.33125
646 0.340625
647 0.28125
648 0.35
649 0.334375
650 0.296875
651 0.35
652 0.25
653 0.275
654 0.3125
655 0.3
656 0.365625
657 0.3125
658 0.296875
659 0.365625
660 0.359375
661 0.325
662 0.31875
663 0.265625
664 0.284375
665 0.271875
666 0.334375
667 0.31875
668 0.321875
669 0.26875
670 0.2625
671 0.35625
672 0.3125
673 0.328125
674 0.365625
675 0.340625
676 0.3125
677 0.35
678 0.29375
679 0.359375
680 0.31875
681 0.309375
682 0.284375
683 0.28125
684 0.296875
685 0.353125
686 0.346875
687 0.296875
688 0.3625
689 0.35625
690 0.31875
691 0.3375
692 0.409375
693 0.296875
694 0.26875
695 0.3375
696 0.346875
697 0.271875
698 0.35625
699 0.34375
700 0.340625
701 0.296875
702 0.303125
703 0.328125
704 0.296875
705 0.29375
706 0.38125
707 0.3
708 0.26875
709 0.3875
710 0.35
711 0.3375
712 0.29375
713 0.30625
714 0.334375
715 0.3625
716 0.35
717 0.2875
718 0.265625
719 0.321875
720 0.33125
721 0.340625
722 0.3
723 0.36875
724 0.35625
725 0.334375
726 0.3125
727 0.3
728 0.303125
729 0.359375
730 0.378125
731 0.31875
732 0.328125
733 0.303125
734 0.30625
735 0.296875
736 0.28125
737 0.303125
738 0.29375
739 0.275
740 0.375
741 0.353125
742 0.30625
743 0.2625
744 0.3375
745 0.30625
746 0.3625
747 0.33125
748 0.40625
749 0.26875
750 0.296875
751 0.359375
752 0.346875
753 0.3625
754 0.359375
755 0.328125
756 0.28125
757 0.315625
758 0.3
759 0.346875
760 0.26875
761 0.321875
762 0.246875
763 0.321875
764 0.328125
765 0.3125
766 0.28125
767 0.309375
768 0.315625
769 0.284375
770 0.328125
771 0.315625
772 0.4
773 0.309375
774 0.346875
775 0.353125
776 0.33125
777 0.275
778 0.375
779 0.346875
780 0.33125
781 0.3
782 0.25625
783 0.3375
784 0.328125
785 0.409375
786 0.275
787 0.334375
788 0.309375
789 0.3375
790 0.340625
791 0.34375
792 0.325
793 0.36875
794 0.35625
795 0.325
796 0.384375
797 0.309375
798 0.315625
799 0.3
800 0.340625
801 0.31875
802 0.346875
803 0.34375
804 0.346875
805 0.35
806 0.359375
807 0.35625
808 0.309375
809 0.346875
810 0.346875
811 0.3125
812 0.246875
813 0.3375
814 0.296875
815 0.3625
816 0.384375
817 0.33125
818 0.29375
819 0.334375
820 0.309375
821 0.309375
822 0.33125
823 0.29375
824 0.25625
825 0.290625
826 0.35
827 0.28125
828 0.365625
829 0.328125
830 0.35625
831 0.3375
832 0.359375
833 0.346875
834 0.340625
835 0.334375
836 0.296875
837 0.265625
838 0.35
839 0.375
840 0.2875
841 0.346875
842 0.328125
843 0.31875
844 0.45
845 0.3
846 0.35625
847 0.303125
848 0.334375
849 0.365625
850 0.35
851 0.30625
852 0.359375
853 0.359375
854 0.346875
855 0.3125
856 0.315625
857 0.284375
858 0.30625
859 0.30625
860 0.31875
861 0.328125
862 0.33125
863 0.346875
864 0.284375
865 0.321875
866 0.309375
867 0.321875
868 0.296875
869 0.375
870 0.296875
871 0.3125
872 0.36875
873 0.278125
874 0.325
875 0.353125
876 0.29375
877 0.34375
878 0.353125
879 0.36875
880 0.359375
881 0.340625
882 0.309375
883 0.31875
884 0.303125
885 0.29375
886 0.365625
887 0.3375
888 0.34375
889 0.284375
890 0.296875
891 0.33125
892 0.365625
893 0.3625
894 0.371875
895 0.334375
896 0.33125
897 0.3625
898 0.3
899 0.309375
900 0.328125
901 0.315625
902 0.303125
903 0.39375
904 0.3375
905 0.321875
906 0.30625
907 0.33125
908 0.31875
909 0.296875
910 0.278125
911 0.31875
912 0.3375
913 0.3625
914 0.371875
915 0.359375
916 0.375
917 0.353125
918 0.36875
919 0.3875
920 0.29375
921 0.39375
922 0.321875
923 0.346875
924 0.353125
925 0.321875
926 0.346875
927 0.384375
928 0.353125
929 0.321875
930 0.38125
931 0.334375
932 0.315625
933 0.3625
934 0.359375
935 0.3625
936 0.30625
937 0.35
938 0.3625
939 0.390625
940 0.325
941 0.309375
942 0.321875
943 0.3625
944 0.3875
945 0.35625
946 0.309375
947 0.359375
948 0.28125
949 0.340625
950 0.29375
951 0.340625
952 0.325
953 0.290625
954 0.353125
955 0.315625
956 0.31875
957 0.315625
958 0.321875
959 0.31875
960 0.321875
961 0.328125
962 0.321875
963 0.415625
964 0.309375
965 0.296875
966 0.290625
967 0.284375
968 0.278125
969 0.35625
970 0.359375
971 0.365625
972 0.3375
973 0.321875
974 0.321875
975 0.29375
976 0.35625
977 0.365625
978 0.371875
979 0.35
980 0.440625
981 0.34375
982 0.371875
983 0.365625
984 0.33125
985 0.359375
986 0.3625
987 0.31875
988 0.35625
989 0.290625
990 0.334375
991 0.309375
992 0.334375
993 0.34375
994 0.253125
995 0.30625
996 0.346875
997 0.371875
998 0.246875
999 0.365625
1000 0.3625
