1 7.6906424
2 7.661436
3 7.5677166
4 7.4078326
5 7.2773495
6 7.1235046
7 6.946214
8 6.650468
9 6.4774036
10 6.3127756
11 6.174597
12 6.148315
13 5.8881598
14 5.880922
15 5.728104
16 5.741779
17 5.6086082
18 5.455043
19 5.5725293
20 5.542198
21 5.28444
22 5.4474792
23 5.14492
24 5.2736793
25 4.9522023
26 5.1605215
27 5.198365
28 4.960915
29 5.1261044
30 5.1219306
31 5.1398754
32 4.981733
33 5.192593
34 5.248427
35 5.105384
36 5.0791802
37 5.1341863
38 5.1908746
39 5.2876053
40 5.3068213
41 4.960927
42 5.1016426
43 4.97334
44 5.088462
45 5.1815
46 5.3125925
47 5.025885
48 5.157284
49 5.168273
50 5.30922
51 5.118704
52 5.042879
53 4.819989
54 4.866433
55 4.826822
56 5.0172324
57 4.945899
58 4.9659805
59 5.100551
60 4.972
61 4.825099
62 4.9178305
63 4.9466515
64 4.8617816
65 4.939264
66 5.038854
67 4.901468
68 4.8396616
69 5.062171
70 5.0891337
71 4.854786
72 4.8538833
73 4.6941433
74 4.7599688
75 4.758352
76 4.876294
77 4.9620676
78 5.08194
79 4.9949603
80 4.7202473
81 4.908328
82 4.730852
83 4.593714
84 4.771026
85 4.7307777
86 4.6400027
87 4.6369147
88 4.7660613
89 4.6774693
90 4.5900197
91 4.821434
92 4.6713414
93 4.7222996
94 4.7504616
95 4.804433
96 4.6971865
97 4.5437737
98 4.9549217
99 4.905824
100 4.706393
101 4.6814456
102 4.6143
103 4.8056355
104 4.750311
105 4.6771274
106 4.5352726
107 4.409045
108 4.653803
109 4.7664113
110 4.5209455
111 4.361361
112 4.38067
113 4.5939612
114 4.62448
115 4.560097
116 4.4076443
117 4.542336
118 4.774487
119 4.6031
120 4.6372766
121 4.6625037
122 4.632822
123 4.49598
124 4.524121
125 4.3361998
126 4.3683615
127 4.365049
128 4.418567
129 4.31895
130 4.3987503
131 4.657102
132 4.527167
133 4.4602146
134 4.4613853
135 4.382508
136 4.271385
137 4.3854
138 4.4443164
139 4.414639
140 4.397048
141 4.3332534
142 4.2483335
143 4.392737
144 4.274853
145 4.264027
146 4.3808746
147 4.4151664
148 4.385484
149 4.248422
150 4.232527
151 4.238906
152 4.107537
153 4.1851883
154 4.263819
155 4.230346
156 4.3522997
157 4.185052
158 4.2619557
159 4.206696
160 4.410787
161 4.386222
162 4.1932487
163 4.248854
164 4.613084
165 4.221487
166 4.23618
167 4.2166204
168 4.221156
169 4.1344275
170 4.263599
171 4.037724
172 4.3497844
173 4.0811787
174 4.275439
175 4.2924147
176 4.6592155
177 4.2412763
178 4.096117
179 4.242617
180 4.17487
181 4.330513
182 4.0868573
183 4.3819647
184 4.2346034
185 4.1762614
186 4.250002
187 4.3166804
188 4.103729
189 4.4581227
190 4.2234583
191 4.280796
192 4.4687524
193 4.0822515
194 4.164533
195 4.0237217
196 3.9363384
197 4.295591
198 4.050719
199 4.4206367
200 4.0885334
201 4.010169
202 4.085695
203 4.5649834
204 4.168718
205 4.1820297
206 4.109308
207 4.016756
208 4.455242
209 4.1500945
210 4.1035347
211 4.2362313
212 4.1584525
213 4.0232677
214 3.9760118
215 4.0180693
216 4.177406
217 3.8931863
218 3.8889706
219 4.1548433
220 4.1139197
221 4.1821756
222 3.9077508
223 4.2077
224 4.0804873
225 4.117431
226 4.130583
227 4.061249
228 4.1419673
229 4.13155
230 4.1562304
231 4.0172086
232 4.195739
233 4.1032763
234 4.1888638
235 4.1114206
236 4.152032
237 3.9207704
238 3.794827
239 4.0043316
240 4.1817136
241 3.9310954
242 3.9341006
243 4.129788
244 4.105665
245 3.9371383
246 3.9841597
247 4.0284557
248 4.0721693
249 4.0666623
250 4.1347103
251 4.0217643
252 4.109079
253 4.138069
254 4.157286
255 3.7995336
256 4.1264687
257 4.058177
258 4.307876
259 4.1166825
260 3.9867904
261 3.9462237
262 3.9879344
263 4.149597
264 3.983142
265 3.8533475
266 3.9813323
267 4.063605
268 3.864264
269 3.9457452
270 4.087142
271 4.065581
272 4.0612726
273 4.159378
274 3.9997933
275 4.458098
276 3.9081633
277 4.0267444
278 3.9202313
279 3.8283527
280 3.886146
281 3.9120972
282 4.0391283
283 4.2065945
284 3.9233122
285 3.958102
286 4.038829
287 4.002775
288 3.8321278
289 4.022881
290 3.9799829
291 3.9286237
292 3.9524124
293 3.6913977
294 3.9594665
295 3.8798122
296 4.016645
297 3.866497
298 4.1159286
299 4.0787687
300 3.9142013
301 4.2509036
302 4.3565717
303 4.074556
304 4.052834
305 3.9182243
306 3.9434652
307 4.087104
308 3.9485984
309 3.9642782
310 3.947697
311 4.055686
312 3.9606225
313 4.0894647
314 3.9335437
315 4.106508
316 4.1766434
317 4.2529387
318 4.0167007
319 4.1854777
320 4.009267
321 3.939965
322 4.178427
323 4.10918
324 4.1503663
325 3.9515772
326 4.109746
327 3.979128
328 3.9331424
329 4.179893
330 3.9003134
331 3.8374164
332 3.9756114
333 4.041356
334 3.892041
335 3.9567628
336 4.015309
337 3.983658
338 4.159317
339 4.0697517
340 3.7303333
341 3.8282616
342 3.959276
343 4.036976
344 3.884467
345 3.7582915
346 3.882283
347 3.726246
348 3.8890426
349 4.1588783
350 4.126261
351 4.1334124
352 3.879965
353 4.078873
354 4.067097
355 4.0685115
356 3.832059
357 4.226097
358 3.7523603
359 4.0905304
360 4.046701
361 4.0188656
362 3.6210544
363 3.7616956
364 3.8243318
365 3.9494977
366 3.9936717
367 4.0208507
368 4.097872
369 4.1054435
370 3.9275644
371 4.087086
372 4.1639557
373 3.8561997
374 3.9075503
375 3.7523336
376 3.82994
377 3.9852924
378 3.6787136
379 3.68963
380 3.8937223
381 3.839552
382 3.7490923
383 3.8638268
384 3.8471239
385 4.062245
386 3.6104922
387 3.931038
388 3.822789
389 4.124435
390 3.8323135
391 3.8424275
392 3.958901
393 3.9015992
394 3.7654212
395 4.1918335
396 3.8839462
397 3.970182
398 4.2120113
399 4.0051036
400 3.8407407
401 3.9211135
402 3.8089173
403 3.7257082
404 3.6928172
405 3.5982606
406 3.7110326
407 3.6594124
408 4.075997
409 3.9659123
410 3.9441407
411 3.747782
412 3.8575234
413 3.546243
414 3.9356241
415 3.4956279
416 3.7030644
417 3.8889892
418 3.9637868
419 4.1470914
420 4.281136
421 3.8748443
422 3.8088176
423 3.7055027
424 3.528711
425 3.6452801
426 3.895651
427 3.773032
428 3.746542
429 3.879026
430 3.7360744
431 3.7712336
432 3.8077698
433 3.813568
434 4.019849
435 3.8665116
436 3.7131722
437 3.741418
438 4.0187025
439 3.694461
440 3.606613
441 3.7648625
442 3.8266957
443 3.9385676
444 3.8130848
445 3.8197665
446 3.358519
447 3.879522
448 3.6694455
449 4.092525
450 3.8653877
451 4.040924
452 4.0659676
453 3.8879151
454 3.9474978
455 4.0633016
456 3.9270883
457 4.0696864
458 4.085829
459 4.0973263
460 3.7161303
461 3.9014962
462 3.7799213
463 3.8612227
464 3.906162
465 3.8161528
466 4.0782156
467 3.9612896
468 3.7719674
469 4.0275035
470 4.1796126
471 3.647627
472 3.6606266
473 3.5806706
474 3.6054728
475 3.854283
476 3.9246843
477 3.5345066
478 3.752706
479 3.6160586
480 3.78841
481 3.8725522
482 3.7646542
483 3.5717704
484 3.8227322
485 3.6810138
486 3.420706
487 3.7871099
488 3.6950712
489 3.8410618
490 3.6898413
491 3.726184
492 3.950911
493 3.8613586
494 3.7434232
495 3.682036
496 3.9731073
497 3.9242258
498 3.8484983
499 3.871143
500 3.6323798
501 3.9412768
502 3.7507224
503 3.789526
504 3.8380432
505 3.5100489
506 3.50052
507 3.9006214
508 3.7854252
509 3.91592
510 3.6643934
511 3.5094397
512 3.7058573
513 3.5245275
514 3.9378912
515 3.689936
516 3.6618428
517 3.6992483
518 4.0429535
519 3.4713738
520 3.766846
521 3.5985808
522 3.517903
523 3.7507014
524 3.5397975
525 3.6867938
526 3.423778
527 3.527598
528 4.019714
529 3.7762032
530 3.7882366
531 3.6473303
532 3.6687796
533 3.7643015
534 3.6086693
535 3.578036
536 3.659253
537 3.4910817
538 3.6879773
539 3.9554121
540 3.7252488
541 3.6856713
542 3.7167823
543 4.126665
544 3.7976952
545 3.8539128
546 3.8606944
547 3.9615195
548 3.5666728
549 3.7957225
550 4.091355
551 3.6914365
552 3.9221985
553 3.7426734
554 3.591717
555 3.838974
556 3.62901
557 3.7430146
558 3.8624344
559 3.8579214
560 3.8698366
561 3.8721037
562 3.774799
563 3.4104483
564 3.6624024
565 3.3367789
566 3.6337597
567 3.5146856
568 3.4125617
569 3.7403364
570 3.7712905
571 3.8254323
572 3.6701105
573 3.6477795
574 4.0396557
575 3.53538
576 3.7843945
577 3.6113186
578 3.9896116
579 3.662129
580 3.8884933
581 3.7548335
582 3.5758955
583 3.6258528
584 3.6435566
585 3.6114702
586 3.676628
587 3.7250183
588 3.9239035
589 3.6994755
590 3.5271864
591 3.442134
592 3.6627524
593 3.352562
594 3.61244
595 3.664186
596 3.6298258
597 3.537626
598 3.6091123
599 3.7036262
600 3.5289884
601 3.4639926
602 3.7597642
603 3.4436169
604 3.879234
605 3.6288173
606 3.528438
607 3.4446425
608 3.8197117
609 3.5449338
610 3.8563006
611 3.5436413
612 3.4619427
613 3.580373
614 3.6708148
615 3.6435113
616 3.4570873
617 3.5263178
618 3.6675038
619 3.5055282
620 3.7863703
621 3.4369922
622 3.8011563
623 3.5868034
624 3.6986926
625 3.7190306
626 3.901928
627 3.8349378
628 4.0666847
629 3.8849006
630 3.7348535
631 3.5365968
632 3.7729025
633 3.36618
634 3.784789
635 3.6011658
636 3.335221
637 3.5067778
638 3.352809
639 3.9218056
640 3.7627168
641 3.7323956
642 3.4729924
643 3.9491076
644 3.697898
645 3.472013
646 3.6863487
647 3.8039875
648 3.6148903
649 3.544259
650 3.8311257
651 3.664252
652 4.1519628
653 3.6656835
654 3.7492607
655 3.8497443
656 3.379629
657 3.6766946
658 3.5900364
659 3.4088302
660 3.4933383
661 3.405765
662 3.5112522
663 3.7926824
664 3.779607
665 3.9314673
666 3.7018325
667 3.7177496
668 3.5858748
669 3.858302
670 3.9187849
671 3.5846534
672 3.6663804
673 3.6835623
674 3.4867053
675 3.5708733
676 3.6598017
677 3.4448378
678 3.5520291
679 3.5595953
680 3.6461444
681 3.6368778
682 3.6407151
683 3.8580992
684 3.6590073
685 3.402049
686 3.4183319
687 3.7567184
688 3.4129908
689 3.603215
690 3.642925
691 3.580025
692 3.1969903
693 3.647673
694 3.7901697
695 3.5323746
696 3.4835148
697 3.9388044
698 3.3905787
699 3.391696
700 3.6134336
701 3.7029784
702 3.5736601
703 3.4455075
704 3.720529
705 3.6767337
706 3.2967677
707 3.7622488
708 3.950358
709 3.4602242
710 3.4865608
711 3.4576097
712 3.7137249
713 3.6941798
714 3.5339906
715 3.4132123
716 3.5641315
717 3.8034754
718 3.767541
719 3.638716
720 3.577423
721 3.6089745
722 3.5153346
723 3.6210575
724 3.5532653
725 3.399971
726 3.668795
727 3.7747712
728 3.774875
729 3.3956358
730 3.4164147
731 3.586301
732 3.6761239
733 3.741659
734 3.672988
735 3.777654
736 3.8176358
737 4.0099826
738 3.8329973
739 3.8198836
740 3.3912818
741 3.6281016
742 3.764179
743 3.9449003
744 3.7261348
745 3.8334072
746 3.5021975
747 3.5820272
748 3.360014
749 3.7867436
750 3.639051
751 3.3879333
752 3.5559185
753 3.405702
754 3.5060349
755 3.59109
756 3.595343
757 3.6566231
758 3.9381795
759 3.7056737
760 3.873301
761 3.6640959
762 3.9579039
763 3.6051846
764 3.6059895
765 3.412655
766 3.8030887
767 3.3951576
768 3.6760073
769 3.7615159
770 3.550016
771 3.5714924
772 3.2176704
773 3.613949
774 3.4419208
775 3.619047
776 3.504212
777 3.852784
778 3.4461894
779 3.6907496
780 3.5410626
781 3.7615097
782 3.8541079
783 3.7310555
784 3.4567883
785 3.277364
786 3.9311144
787 3.4498591
788 3.6921186
789 3.467132
790 3.3516026
791 3.5604646
792 3.4360447
793 3.3723466
794 3.5816684
795 3.5824833
796 3.2343674
797 3.5729935
798 3.493358
799 3.7853234
800 3.6144323
801 3.570417
802 3.4300718
803 3.5141
804 3.4519718
805 3.4783595
806 3.460661
807 3.5491652
808 3.7592683
809 3.532739
810 3.726196
811 3.7404733
812 3.8423593
813 3.4477794
814 3.7285032
815 3.3965542
816 3.3276823
817 3.6437562
818 3.6905134
819 3.8663216
820 3.7938666
821 3.7236323
822 3.5736141
823 3.6076913
824 4.044375
825 3.7199767
826 3.6949894
827 3.6194167
828 3.4956443
829 3.573043
830 3.4872932
831 3.6008399
832 3.3923006
833 3.5895193
834 3.563196
835 3.4578576
836 3.6336942
837 3.9177263
838 3.5425773
839 3.540291
840 3.7141814
841 3.5617123
842 3.4948113
843 3.81759
844 3.2560828
845 3.6349654
846 3.5598485
847 3.6519146
848 3.5704005
849 3.389101
850 3.6395059
851 3.51216
852 3.2889102
853 3.4026375
854 3.6713986
855 3.5519433
856 3.5107245
857 3.6932542
858 3.5910342
859 3.7276857
860 3.8170083
861 3.639106
862 3.626856
863 3.5711231
864 3.5295274
865 3.7546973
866 3.698767
867 3.6741416
868 3.8018725
869 3.414949
870 3.594242
871 3.571601
872 3.455919
873 3.7597444
874 3.6753876
875 3.5840614
876 3.7616467
877 3.3007808
878 3.4709518
879 3.3997602
880 3.6883276
881 3.5681865
882 3.576165
883 3.501261
884 3.6407976
885 3.78996
886 3.557991
887 3.490681
888 3.503993
889 3.5176754
890 3.7057388
891 3.5019498
892 3.544835
893 3.519758
894 3.4594884
895 3.6267846
896 3.4378843
897 3.3555539
898 3.7427022
899 3.6657324
900 3.4437869
901 3.549897
902 3.6571414
903 3.2382827
904 3.4774954
905 3.631855
906 3.528087
907 3.7047973
908 3.6246839
909 3.741457
910 3.7992501
911 3.6601048
912 3.5890653
913 3.3712842
914 3.3894236
915 3.4117506
916 3.4798398
917 3.474602
918 3.3442926
919 3.4329736
920 3.7511666
921 3.1643312
922 3.4500039
923 3.5393734
924 3.4254854
925 3.5828269
926 3.5484169
927 3.4024904
928 3.4789317
929 3.5181618
930 3.4203084
931 3.5380743
932 3.4351463
933 3.4449673
934 3.4613276
935 3.5891042
936 3.6246264
937 3.4552093
938 3.563073
939 3.259976
940 3.6911502
941 3.6392965
942 3.5742135
943 3.4648552
944 3.3070636
945 3.539864
946 3.7188306
947 3.3949025
948 3.8874538
949 3.3379555
950 3.6668012
951 3.540042
952 3.7141933
953 3.7505352
954 3.594516
955 3.734363
956 3.8390698
957 3.662882
958 3.6086602
959 3.739722
960 3.8297985
961 3.5988865
962 3.7947567
963 3.3831205
964 3.7966497
965 3.7779806
966 3.8350713
967 3.7952461
968 3.8680534
969 3.5929923
970 3.3676534
971 3.5086572
972 3.4452617
973 3.5719051
974 3.6863167
975 3.8025522
976 3.3471828
977 3.3708467
978 3.5476432
979 3.481272
980 3.189599
981 3.3974564
982 3.508821
983 3.3894682
984 3.5819302
985 3.6369414
986 3.4449928
987 3.7566187
988 3.676008
989 3.6904619
990 3.6425881
991 3.7558029
992 3.4948704
993 3.5612671
994 3.8935537
995 3.7648137
996 3.4958947
997 3.3964925
998 3.904175
999 3.4279997
1000 3.3556852
