1 5.330747
2 5.310503
3 5.2455416
4 5.1347184
5 5.0442743
6 4.9376373
7 4.814749
8 4.609753
9 4.4897943
10 4.375683
11 4.2799044
12 4.2616873
13 4.0813613
14 4.0763445
15 3.9704194
16 3.9798977
17 3.887591
18 3.7811477
19 3.8625832
20 3.841559
21 3.6628947
22 3.775905
23 3.566187
24 3.655436
25 3.432605
26 3.5770009
27 3.6032321
28 3.4386444
29 3.553145
30 3.5502517
31 3.5626903
32 3.4530742
33 3.5992312
34 3.6379323
35 3.5387826
36 3.5206196
37 3.5587468
38 3.59804
39 3.6650887
40 3.6784084
41 3.4386525
42 3.5361893
43 3.4472566
44 3.527053
45 3.591542
46 3.6824086
47 3.483678
48 3.5747566
49 3.5823739
50 3.6800709
51 3.548015
52 3.4954574
53 3.340962
54 3.3731544
55 3.3456979
56 3.4776807
57 3.428236
58 3.4421554
59 3.5354328
60 3.446328
61 3.3445039
62 3.4087803
63 3.4287574
64 3.3699303
65 3.4236367
66 3.4926674
67 3.3974385
68 3.3545978
69 3.5088296
70 3.5275187
71 3.365081
72 3.3644555
73 3.2537322
74 3.2993588
75 3.2982383
76 3.3799896
77 3.439443
78 3.5225327
79 3.4622426
80 3.2718263
81 3.4021938
82 3.2791767
83 3.1841202
84 3.3070233
85 3.2791252
86 3.216205
87 3.2140644
88 3.303582
89 3.2421746
90 3.1815593
91 3.3419633
92 3.2379272
93 3.2732487
94 3.2927692
95 3.3301792
96 3.2558417
97 3.149504
98 3.4344902
99 3.400458
100 3.262223
101 3.2449307
102 3.198389
103 3.3310127
104 3.2926648
105 3.2419376
106 3.1436114
107 3.0561173
108 3.2257705
109 3.3038247
110 3.1336806
111 3.023065
112 3.0364492
113 3.1842914
114 3.205445
115 3.1608186
116 3.0551462
117 3.1485074
118 3.3094223
119 3.1906257
120 3.2143154
121 3.2318013
122 3.2112274
123 3.1163757
124 3.1358817
125 3.0056248
126 3.0279176
127 3.0256214
128 3.0627174
129 2.993668
130 3.0489814
131 3.2280571
132 3.1379929
133 3.0915852
134 3.0923965
135 3.0377228
136 2.9606986
137 3.0397277
138 3.0805655
139 3.0599945
140 3.0478015
141 3.0035825
142 2.9447205
143 3.0448132
144 2.9631023
145 2.9555984
146 3.036591
147 3.0603602
148 3.039786
149 2.9447818
150 2.933764
151 2.9381857
152 2.8471277
153 2.9009514
154 2.9554543
155 2.9322526
156 3.0167844
157 2.900857
158 2.9541626
159 2.9158597
160 3.0573246
161 3.0402973
162 2.9065385
163 2.9450812
164 3.197546
165 2.926112
166 2.936296
167 2.9227386
168 2.9258823
169 2.8657668
170 2.9553018
171 2.798737
172 3.0150409
173 2.8288577
174 2.9635084
175 2.975275
176 3.229522
177 2.9398289
178 2.839212
179 2.9407582
180 2.8937993
181 3.001683
182 2.8327937
183 3.0373464
184 2.9352036
185 2.8947637
186 2.9458768
187 2.9920948
188 2.8444881
189 3.0901353
190 2.9274783
191 2.9672217
192 3.0975032
193 2.829601
194 2.8866346
195 2.7890315
196 2.728462
197 2.9774768
198 2.8077445
199 3.0641518
200 2.8339555
201 2.7796373
202 2.8319879
203 3.1642056
204 2.8895352
205 2.8987622
206 2.8483553
207 2.7842033
208 3.0881386
209 2.8766265
210 2.8443537
211 2.936332
212 2.8824196
213 2.7887168
214 2.7559614
215 2.7851136
216 2.8955572
217 2.6985512
218 2.6956291
219 2.8799179
220 2.8515518
221 2.8988633
222 2.7086465
223 2.9165554
224 2.8283782
225 2.8539858
226 2.8631017
227 2.8150432
228 2.8709931
229 2.8637722
230 2.8808794
231 2.7845168
232 2.9082646
233 2.8441744
234 2.9034991
235 2.8498197
236 2.8779693
237 2.717671
238 2.6303737
239 2.7755911
240 2.898543
241 2.7248278
242 2.7269108
243 2.8625507
244 2.8458304
245 2.7290163
246 2.761609
247 2.7923129
248 2.8226128
249 2.8187957
250 2.865963
251 2.7876747
252 2.8481965
253 2.8682911
254 2.8816113
255 2.633636
256 2.86025
257 2.812914
258 2.9859922
259 2.853467
260 2.7634325
261 2.735314
262 2.7642255
263 2.8762815
264 2.7609036
265 2.670937
266 2.7596493
267 2.8166761
268 2.6785038
269 2.7349823
270 2.8329911
271 2.8180459
272 2.8150597
273 2.8830612
274 2.7724454
275 3.090118
276 2.7089324
277 2.7911265
278 2.7172973
279 2.653612
280 2.6936712
281 2.7116592
282 2.7997105
283 2.9157891
284 2.7194328
285 2.7435472
286 2.7995028
287 2.7745125
288 2.6562285
289 2.7884488
290 2.758714
291 2.7231145
292 2.7396035
293 2.558682
294 2.744493
295 2.689281
296 2.7841263
297 2.6800516
298 2.8529444
299 2.827187
300 2.7131176
301 2.9465017
302 3.0197453
303 2.824267
304 2.8092105
305 2.7159061
306 2.7334018
307 2.8329647
308 2.73696
309 2.7478282
310 2.736335
311 2.8111873
312 2.7452943
313 2.834601
314 2.7265248
315 2.8464143
316 2.8950286
317 2.9479127
318 2.784165
319 2.9011521
320 2.7790122
321 2.7309756
322 2.896265
323 2.8482666
324 2.8768146
325 2.7390246
326 2.8486588
327 2.7581213
328 2.7262466
329 2.8972812
330 2.7034912
331 2.6598945
332 2.755684
333 2.8012547
334 2.6977572
335 2.742619
336 2.7832
337 2.7612615
338 2.883019
339 2.820937
340 2.58567
341 2.6535487
342 2.744361
343 2.7982185
344 2.6925073
345 2.6050491
346 2.6909935
347 2.582837
348 2.695679
349 2.8827147
350 2.8601062
351 2.8650632
352 2.6893868
353 2.8272593
354 2.819097
355 2.8200774
356 2.6561809
357 2.9293075
358 2.600938
359 2.8353395
360 2.8049595
361 2.7856655
362 2.5099237
363 2.6074088
364 2.6508248
365 2.7375832
366 2.7682023
367 2.7870412
368 2.8404284
369 2.8456767
370 2.7223802
371 2.8329523
372 2.8862343
373 2.672914
374 2.7085075
375 2.6009195
376 2.6547122
377 2.7623942
378 2.54989
379 2.5574567
380 2.6989226
381 2.6613746
382 2.5986729
383 2.6782007
384 2.666623
385 2.8157337
386 2.5026026
387 2.724788
388 2.6497555
389 2.8588405
390 2.6563573
391 2.6633677
392 2.744101
393 2.7043824
394 2.609991
395 2.9055576
396 2.6921463
397 2.7519205
398 2.9195437
399 2.7761264
400 2.6621985
401 2.7179089
402 2.6401403
403 2.5824642
404 2.559666
405 2.4941242
406 2.5722919
407 2.5365114
408 2.825266
409 2.748961
410 2.73387
411 2.5977645
412 2.6738315
413 2.4580684
414 2.7279668
415 2.4229846
416 2.5667686
417 2.695642
418 2.7474878
419 2.8745449
420 2.9674573
421 2.6858375
422 2.6400712
423 2.5684588
424 2.4459162
425 2.5267158
426 2.7002597
427 2.6152666
428 2.596905
429 2.688736
430 2.5896494
431 2.6140199
432 2.639345
433 2.643364
434 2.786347
435 2.6800616
436 2.5737748
437 2.5933533
438 2.7855523
439 2.5608053
440 2.4999137
441 2.609604
442 2.6524634
443 2.7300072
444 2.643029
445 2.6476605
446 2.327948
447 2.6890798
448 2.5434659
449 2.8367221
450 2.6792827
451 2.8009553
452 2.8183138
453 2.6948974
454 2.736197
455 2.816466
456 2.7220502
457 2.8208919
458 2.8320806
459 2.8400502
460 2.5758252
461 2.7043111
462 2.6200418
463 2.6763957
464 2.7075453
465 2.6451557
466 2.8268037
467 2.7457569
468 2.6145287
469 2.7916527
470 2.8970869
471 2.5283425
472 2.537353
473 2.4819317
474 2.4991233
475 2.6715856
476 2.720384
477 2.4499333
478 2.6011777
479 2.506461
480 2.6259258
481 2.6842487
482 2.6094594
483 2.4757626
484 2.6497161
485 2.5514843
486 2.3710527
487 2.6250246
488 2.5612283
489 2.6624212
490 2.5576031
491 2.582794
492 2.7385628
493 2.6764898
494 2.5947433
495 2.552193
496 2.7539482
497 2.720066
498 2.6675758
499 2.683272
500 2.5177739
501 2.731885
502 2.5998027
503 2.6266992
504 2.6603289
505 2.4329805
506 2.4263756
507 2.7037048
508 2.6238568
509 2.714309
510 2.539964
511 2.4325583
512 2.5687046
513 2.4430163
514 2.7295382
515 2.5576687
516 2.538196
517 2.5641236
518 2.802362
519 2.406173
520 2.6109786
521 2.4943461
522 2.4384246
523 2.5997882
524 2.4536006
525 2.5554907
526 2.373182
527 2.4451447
528 2.7862535
529 2.6174645
530 2.6258056
531 2.5281367
532 2.5430043
533 2.609215
534 2.501339
535 2.4801056
536 2.5364008
537 2.4198334
538 2.5563111
539 2.7416828
540 2.5821457
541 2.5547128
542 2.5762773
543 2.8603864
544 2.6323617
545 2.6713288
546 2.6760294
547 2.7459161
548 2.4722292
549 2.6309943
550 2.835911
551 2.558709
552 2.7186608
553 2.5942235
554 2.4895885
555 2.660974
556 2.515438
557 2.59446
558 2.6772356
559 2.6741073
560 2.6823664
561 2.6839378
562 2.6164913
563 2.3639426
564 2.538584
565 2.3128788
566 2.5187304
567 2.4361944
568 2.3654075
569 2.5926037
570 2.6140594
571 2.6515877
572 2.5439267
573 2.528448
574 2.800076
575 2.4505386
576 2.6231425
577 2.5031753
578 2.765388
579 2.5383945
580 2.6952982
581 2.6026523
582 2.478622
583 2.5132496
584 2.525521
585 2.5032804
586 2.5484445
587 2.581986
588 2.7198427
589 2.564281
590 2.4448593
591 2.3859055
592 2.5388265
593 2.323819
594 2.5039527
595 2.5398202
596 2.5160036
597 2.4520955
598 2.501646
599 2.567158
600 2.4461083
601 2.4010568
602 2.60607
603 2.3869333
604 2.6888802
605 2.5153046
606 2.4457269
607 2.3876443
608 2.6476223
609 2.457161
610 2.672984
611 2.456265
612 2.3996358
613 2.4817255
614 2.544415
615 2.5254896
616 2.3962703
617 2.4442573
618 2.54212
619 2.429847
620 2.624512
621 2.3823414
622 2.6347609
623 2.4861827
624 2.5637383
625 2.5778356
626 2.7046103
627 2.6581764
628 2.818811
629 2.692808
630 2.5888033
631 2.4513822
632 2.6151767
633 2.3332582
634 2.623416
635 2.4961379
636 2.311799
637 2.4307132
638 2.32399
639 2.7183886
640 2.6081166
641 2.5870996
642 2.407295
643 2.7373128
644 2.5631876
645 2.406616
646 2.5551822
647 2.6367233
648 2.505651
649 2.4566932
650 2.655534
651 2.539866
652 2.8779213
653 2.5408583
654 2.5987895
655 2.6684394
656 2.3425803
657 2.5484905
658 2.4884236
659 2.362821
660 2.4213977
661 2.3606966
662 2.4338145
663 2.6288872
664 2.619824
665 2.7250855
666 2.5659149
667 2.5769477
668 2.485539
669 2.6743712
670 2.7162948
671 2.4846923
672 2.5413413
673 2.5532508
674 2.4168
675 2.4751408
676 2.5367813
677 2.3877797
678 2.462079
679 2.4673235
680 2.5273147
681 2.5208917
682 2.5235515
683 2.6742306
684 2.5362306
685 2.3581207
686 2.3694072
687 2.6039588
688 2.365705
689 2.4975584
690 2.5250833
691 2.4814842
692 2.2159848
693 2.5283742
694 2.6271455
695 2.4484556
696 2.4145885
697 2.7301712
698 2.3501701
699 2.3509445
700 2.5046413
701 2.566709
702 2.4770725
703 2.388244
704 2.5788743
705 2.5485177
706 2.2851453
707 2.6077921
708 2.7381794
709 2.3984447
710 2.4167
711 2.3966324
712 2.574158
713 2.5606103
714 2.4495757
715 2.3658586
716 2.4704678
717 2.6363683
718 2.6114604
719 2.5221658
720 2.4796808
721 2.5015504
722 2.4366443
723 2.5099258
724 2.462936
725 2.3566804
726 2.543015
727 2.616472
728 2.616544
729 2.3536754
730 2.3680782
731 2.4858346
732 2.548095
733 2.5935204
734 2.5459213
735 2.6184702
736 2.6461835
737 2.779508
738 2.6568313
739 2.6477416
740 2.3506575
741 2.5148084
742 2.6091301
743 2.7343965
744 2.5827599
745 2.6571155
746 2.4275384
747 2.482872
748 2.3289843
749 2.6247706
750 2.522398
751 2.3483365
752 2.4647748
753 2.360653
754 2.4301982
755 2.4891539
756 2.492102
757 2.534578
758 2.729738
759 2.5685773
760 2.6847677
761 2.5397577
762 2.7434099
763 2.4989235
764 2.4994814
765 2.3654723
766 2.6361003
767 2.353344
768 2.5480142
769 2.607284
770 2.4606836
771 2.47557
772 2.2303193
773 2.5049987
774 2.3857577
775 2.5085323
776 2.4289346
777 2.6705463
778 2.3887165
779 2.5582328
780 2.4544775
781 2.6072798
782 2.671464
783 2.5861707
784 2.396063
785 2.2716956
786 2.7248409
787 2.3912601
788 2.5591817
789 2.4032328
790 2.323154
791 2.467926
792 2.3816848
793 2.3375325
794 2.4826233
795 2.4831882
796 2.2418926
797 2.4766104
798 2.4214113
799 2.6237862
800 2.5053337
801 2.4748244
802 2.3775446
803 2.4357886
804 2.3927245
805 2.411015
806 2.3987474
807 2.460094
808 2.6057262
809 2.448708
810 2.5828023
811 2.5926986
812 2.6633205
813 2.3898187
814 2.5844016
815 2.354312
816 2.3065736
817 2.5256593
818 2.558069
819 2.67993
820 2.629708
821 2.5810254
822 2.4770405
823 2.5006611
824 2.803347
825 2.5784914
826 2.5611715
827 2.5087886
828 2.422996
829 2.4766448
830 2.4172075
831 2.495912
832 2.3513637
833 2.4880652
834 2.4698193
835 2.3968043
836 2.5186849
837 2.715561
838 2.4555275
839 2.4539428
840 2.5744743
841 2.4687908
842 2.4224186
843 2.6461518
844 2.2569447
845 2.519566
846 2.467499
847 2.5313144
848 2.474813
849 2.349146
850 2.5227132
851 2.434444
852 2.2796988
853 2.3585286
854 2.5448196
855 2.4620194
856 2.4334488
857 2.5599687
858 2.4891152
859 2.583835
860 2.6457486
861 2.5224361
862 2.513945
863 2.475314
864 2.446482
865 2.602558
866 2.5637898
867 2.546721
868 2.6352572
869 2.3670623
870 2.4913387
871 2.475645
872 2.3954606
873 2.6060562
874 2.5475845
875 2.484282
876 2.607375
877 2.287927
878 2.4058805
879 2.3565342
880 2.5565538
881 2.4732785
882 2.4788086
883 2.4268892
884 2.5236087
885 2.627
886 2.4662116
887 2.4195557
888 2.428783
889 2.4382668
890 2.5686224
891 2.4273667
892 2.4570925
893 2.4397104
894 2.3979347
895 2.5138955
896 2.3829598
897 2.3258927
898 2.5942435
899 2.5408921
900 2.387051
901 2.460601
902 2.5349374
903 2.2446065
904 2.4104161
905 2.51741
906 2.4454834
907 2.5679698
908 2.5124395
909 2.5933805
910 2.6334395
911 2.5369914
912 2.4877505
913 2.3367963
914 2.3493695
915 2.3648453
916 2.4120412
917 2.4084105
918 2.318087
919 2.379556
920 2.6001105
921 2.1933472
922 2.3913605
923 2.4533067
924 2.3743656
925 2.4834263
926 2.4595752
927 2.3584266
928 2.4114118
929 2.4386039
930 2.3707771
931 2.4524062
932 2.381062
933 2.3878694
934 2.3992095
935 2.4877775
936 2.5123997
937 2.3949685
938 2.469734
939 2.259643
940 2.5585103
941 2.5225682
942 2.477456
943 2.4016547
944 2.2922819
945 2.453647
946 2.577697
947 2.353167
948 2.6945777
949 2.3136945
950 2.541633
951 2.4537702
952 2.5744827
953 2.599673
954 2.4915287
955 2.5884633
956 2.6610405
957 2.5389163
958 2.5013328
959 2.5921779
960 2.654614
961 2.494558
962 2.6303248
963 2.3450005
964 2.631637
965 2.6186967
966 2.658269
967 2.630664
968 2.6811304
969 2.4904726
970 2.3342795
971 2.432016
972 2.3880734
973 2.475856
974 2.55516
975 2.6357284
976 2.3200903
977 2.336493
978 2.459039
979 2.413034
980 2.2108617
981 2.3549373
982 2.4321294
983 2.3494003
984 2.4828048
985 2.5209358
986 2.387887
987 2.6038897
988 2.5480146
989 2.5580332
990 2.5248497
991 2.6033242
992 2.4224596
993 2.4684823
994 2.6988058
995 2.60957
996 2.4231696
997 2.3542693
998 2.706168
999 2.3761084
1000 2.3259838
