1 204.45248
2 203.74602
3 203.15805
4 201.95071
5 198.27141
6 191.96552
7 179.5379
8 157.15544
9 123.17782
10 93.24643
11 72.03087
12 66.44739
13 66.11216
14 66.254745
15 65.06628
16 61.369545
17 58.114464
18 54.03961
19 50.02897
20 46.804424
21 43.822
22 41.205544
23 39.16026
24 37.26772
25 36.22867
26 35.00856
27 34.053894
28 33.530613
29 33.327995
30 33.149242
31 32.969734
32 32.800972
33 32.728333
34 32.67517
35 32.646496
36 32.759544
37 33.059956
38 33.021503
39 33.355453
40 33.090965
41 33.51475
42 34.047302
43 34.6092
44 35.326736
45 35.533318
46 36.733112
47 36.30194
48 36.509438
49 37.23082
50 38.145527
51 38.66498
52 37.788033
53 37.2781
54 37.34164
55 37.671627
56 37.10167
57 36.740757
58 35.03516
59 35.22935
60 33.88789
61 32.063534
62 32.479103
63 33.30343
64 32.49794
65 33.207893
66 35.075584
67 34.102528
68 33.903145
69 36.515255
70 37.086895
71 34.8367
72 33.558067
73 32.28472
74 32.278156
75 31.25141
76 31.715693
77 32.38571
78 34.547764
79 35.253124
80 33.42624
81 33.086987
82 33.756702
83 33.22872
84 32.595165
85 31.49413
86 28.086575
87 30.02081
88 31.64053
89 33.825806
90 32.16198
91 34.808605
92 30.891544
93 31.923859
94 33.553593
95 31.828115
96 33.517086
97 29.531763
98 28.776394
99 31.511234
100 29.06069
101 28.852306
102 28.487194
103 34.06129
104 30.89057
105 31.329727
106 31.678171
107 29.926687
108 33.31295
109 34.815933
110 35.01679
111 30.356281
112 29.585226
113 28.541813
114 30.790792
115 30.080723
116 28.264973
117 31.328083
118 33.457382
119 31.25856
120 35.74531
121 32.210476
122 33.571888
123 30.764385
124 31.041851
125 28.868847
126 27.581066
127 26.645788
128 24.787434
129 27.903574
130 28.621634
131 29.586712
132 27.831375
133 29.939636
134 30.206705
135 26.277721
136 26.789469
137 27.227148
138 27.997492
139 29.749578
140 27.919895
141 25.368877
142 25.679256
143 25.74887
144 25.566916
145 27.11348
146 25.60961
147 25.011856
148 23.667746
149 25.276913
150 25.96722
151 25.12511
152 25.269354
153 26.21313
154 25.051823
155 25.030844
156 24.791
157 27.925251
158 27.02442
159 26.960114
160 26.027851
161 27.954357
162 25.865341
163 24.771675
164 23.908024
165 24.1888
166 24.9738
167 24.276623
168 24.095354
169 25.223255
170 25.316473
171 23.67108
172 23.267729
173 22.802063
174 22.222988
175 22.131298
176 24.181772
177 22.194296
178 24.660791
179 24.110018
180 26.709454
181 23.847956
182 24.674742
183 25.189056
184 25.145773
185 24.244465
186 25.5461
187 27.631092
188 26.348877
189 25.681885
190 25.329098
191 25.916275
192 24.401796
193 24.17507
194 25.989069
195 22.645079
196 22.145388
197 23.859797
198 22.936182
199 24.868591
200 26.362955
201 23.429502
202 24.44741
203 26.721792
204 23.142002
205 23.055822
206 22.870779
207 22.196175
208 22.787586
209 24.082037
210 24.934286
211 24.697079
212 25.14007
213 22.926792
214 21.649805
215 22.361654
216 23.838612
217 21.582077
218 21.065678
219 20.744251
220 22.795757
221 21.531988
222 22.75962
223 21.92266
224 21.726942
225 22.860983
226 22.323267
227 24.25282
228 23.955696
229 24.126776
230 23.999546
231 22.943848
232 24.067013
233 24.085155
234 23.6783
235 22.686733
236 23.405918
237 22.489323
238 21.920895
239 21.228107
240 23.46769
241 22.035246
242 22.139961
243 22.164492
244 21.183416
245 20.96041
246 20.322905
247 20.18618
248 19.662928
249 20.200663
250 21.557104
251 22.630383
252 21.766636
253 21.421263
254 20.538822
255 21.254648
256 21.699038
257 22.494087
258 22.675924
259 22.243423
260 22.256989
261 21.51835
262 21.799051
263 22.43944
264 21.63441
265 21.44454
266 21.693329
267 22.784065
268 21.463833
269 22.923885
270 22.12491
271 21.394585
272 21.87672
273 21.90907
274 21.51221
275 22.874912
276 21.077555
277 22.567152
278 21.06335
279 20.968554
280 20.47311
281 20.533808
282 21.772495
283 21.412014
284 20.064096
285 20.61635
286 22.521109
287 19.225119
288 19.043
289 20.247843
290 19.405514
291 19.813433
292 19.128702
293 20.911386
294 21.055624
295 21.23125
296 21.236702
297 20.005688
298 20.860867
299 20.905172
300 20.796093
301 20.77754
302 22.128986
303 19.924927
304 20.780552
305 21.896067
306 20.755713
307 21.560276
308 20.794928
309 20.972046
310 22.348309
311 21.178064
312 20.027494
313 22.036182
314 22.108059
315 23.162668
316 23.748354
317 22.517414
318 20.976482
319 20.684824
320 21.768997
321 19.706778
322 22.04609
323 20.544598
324 21.050955
325 19.965012
326 19.773588
327 21.277176
328 20.504864
329 21.447739
330 20.583347
331 19.503729
332 21.602869
333 20.750626
334 20.764896
335 21.099607
336 21.649618
337 20.737299
338 20.916912
339 21.115719
340 20.34404
341 19.589777
342 19.70498
343 21.023033
344 20.052464
345 20.157307
346 20.77855
347 20.032223
348 21.58231
349 21.976925
350 22.857885
351 22.078922
352 21.072258
353 20.758385
354 21.725773
355 20.449398
356 19.578188
357 19.720959
358 19.25485
359 18.538822
360 20.149595
361 19.477558
362 19.527645
363 19.638577
364 20.63824
365 20.538277
366 20.404942
367 21.361032
368 22.579348
369 20.943102
370 20.359753
371 20.670477
372 20.515274
373 19.943546
374 20.252506
375 20.041693
376 21.495226
377 21.44173
378 20.265377
379 19.271915
380 20.619665
381 19.936794
382 18.799923
383 19.987743
384 19.778759
385 19.820194
386 18.013798
387 18.722107
388 20.062803
389 18.84477
390 19.50718
391 19.226784
392 19.845493
393 19.785826
394 19.656885
395 21.166176
396 20.837925
397 22.375513
398 22.51028
399 21.821701
400 20.94036
401 21.507318
402 20.439026
403 21.017433
404 20.344439
405 18.949509
406 18.717398
407 18.545818
408 18.699976
409 19.365068
410 19.18366
411 19.536335
412 19.869158
413 18.069286
414 19.345388
415 18.404789
416 17.789244
417 17.801502
418 18.326805
419 18.51939
420 18.636868
421 18.563156
422 19.005016
423 18.551985
424 17.908428
425 18.705616
426 19.419422
427 19.50882
428 19.438366
429 19.049341
430 19.806171
431 18.174585
432 18.15459
433 18.290735
434 17.363152
435 17.430601
436 18.157528
437 17.40398
438 18.749622
439 18.54253
440 18.447294
441 17.871965
442 18.737406
443 19.563284
444 18.80248
445 18.25607
446 17.52677
447 17.96113
448 17.516264
449 19.784472
450 19.604862
451 19.340504
452 18.934788
453 18.009953
454 19.536232
455 20.279293
456 19.006388
457 20.13189
458 20.0657
459 20.601727
460 19.270184
461 19.974348
462 20.311682
463 19.83871
464 19.994747
465 19.99175
466 20.058867
467 19.881079
468 19.342627
469 19.855886
470 21.374075
471 20.35467
472 19.271236
473 18.641073
474 19.169554
475 18.761616
476 19.857264
477 19.29769
478 18.056208
479 19.643726
480 18.93375
481 19.300663
482 19.320301
483 17.484568
484 17.880594
485 18.790215
486 18.55933
487 18.16601
488 19.944035
489 18.66123
490 18.566492
491 17.979334
492 19.041903
493 18.499065
494 19.255943
495 17.786112
496 18.307072
497 17.068756
498 18.291113
499 17.676327
500 18.218174
501 17.84393
502 18.518791
503 18.16211
504 17.88161
505 17.272604
506 17.171968
507 18.903795
508 17.792402
509 17.234104
510 16.932274
511 18.017849
512 17.495596
513 17.543806
514 17.801985
515 18.280138
516 18.790165
517 17.916311
518 18.226002
519 17.887575
520 18.38522
521 17.781828
522 16.816578
523 17.409817
524 17.55095
525 18.01094
526 16.912075
527 17.836285
528 18.041435
529 18.545454
530 17.54173
531 18.216946
532 18.255558
533 18.230627
534 17.742847
535 17.30136
536 17.636951
537 17.393768
538 15.948191
539 16.63129
540 18.186604
541 18.1727
542 17.972248
543 17.938055
544 19.317623
545 18.113686
546 18.142635
547 19.115307
548 18.245838
549 18.71745
550 20.185907
551 18.763025
552 19.347113
553 18.811094
554 18.511696
555 17.963232
556 18.113052
557 18.593657
558 19.421833
559 18.287127
560 18.514608
561 18.493008
562 18.532166
563 17.179152
564 18.440636
565 17.228642
566 18.12649
567 17.547842
568 16.225769
569 18.32694
570 17.178371
571 17.383114
572 16.49559
573 16.530148
574 17.025436
575 16.515133
576 17.135939
577 17.711725
578 18.273102
579 15.879023
580 16.79864
581 16.61023
582 17.046915
583 16.956152
584 17.536861
585 17.801895
586 17.234097
587 17.144867
588 18.167202
589 17.789621
590 17.549187
591 17.214573
592 18.053713
593 17.22926
594 17.546032
595 17.459276
596 17.399216
597 15.954228
598 16.711136
599 16.65421
600 15.40833
601 16.256718
602 17.138935
603 17.077969
604 17.183615
605 18.307774
606 16.310299
607 16.974903
608 17.155903
609 15.706055
610 17.015759
611 16.789057
612 15.765398
613 16.707214
614 16.036274
615 16.394154
616 16.315023
617 16.386013
618 16.841217
619 15.970663
620 17.11996
621 17.61688
622 17.349125
623 17.886389
624 17.410929
625 18.279797
626 18.284016
627 19.240086
628 19.853785
629 18.550222
630 19.03439
631 17.141378
632 17.567406
633 16.326584
634 18.032642
635 17.586319
636 16.83498
637 17.304218
638 15.973154
639 17.695179
640 17.40209
641 16.485706
642 16.122896
643 17.3267
644 16.662046
645 16.323475
646 17.672682
647 18.183237
648 18.184875
649 18.19674
650 18.4183
651 17.577374
652 18.992647
653 17.823044
654 17.967775
655 18.646051
656 16.543423
657 17.262562
658 16.908161
659 17.032566
660 17.202806
661 16.785059
662 17.4108
663 17.054188
664 18.094934
665 18.83325
666 17.132727
667 17.058071
668 16.676928
669 17.73468
670 17.194036
671 17.191431
672 17.211634
673 17.27666
674 16.610968
675 16.661045
676 16.907701
677 16.539341
678 16.571835
679 16.266022
680 16.639164
681 16.384338
682 16.431103
683 17.108055
684 16.64389
685 16.104834
686 15.869723
687 17.236526
688 17.021723
689 18.750813
690 17.484207
691 17.121044
692 16.325626
693 16.566141
694 17.365133
695 15.929567
696 15.959646
697 17.23071
698 15.953293
699 15.353926
700 16.487349
701 15.865427
702 15.569025
703 15.938665
704 15.798994
705 15.778421
706 14.61247
707 16.562729
708 16.706715
709 16.418104
710 15.660375
711 15.48362
712 16.577099
713 16.858776
714 16.219791
715 16.695965
716 17.160336
717 18.17965
718 17.241034
719 16.165897
720 16.634726
721 16.4412
722 15.64003
723 16.635614
724 16.66474
725 16.019733
726 16.747995
727 16.165085
728 16.489426
729 15.235861
730 16.856562
731 16.706507
732 17.907042
733 17.022915
734 17.387867
735 17.05215
736 18.052505
737 18.824722
738 19.618977
739 18.746044
740 17.650639
741 17.905369
742 18.63583
743 18.027027
744 18.544832
745 17.963314
746 18.159344
747 16.783653
748 16.87954
749 17.569407
750 15.896701
751 15.810412
752 16.864635
753 15.626056
754 16.220898
755 16.079357
756 16.25848
757 17.415775
758 15.864871
759 17.215012
760 18.198645
761 17.506811
762 17.19992
763 16.898384
764 16.635672
765 16.676464
766 17.147055
767 15.960777
768 17.804096
769 16.637558
770 17.32182
771 16.794916
772 16.60051
773 16.548664
774 16.06149
775 16.985052
776 16.943132
777 18.266064
778 16.04891
779 16.591858
780 16.30042
781 17.60542
782 17.123848
783 16.905712
784 16.684937
785 16.430609
786 18.076647
787 17.389278
788 17.1906
789 16.408363
790 16.412937
791 16.081125
792 15.8149185
793 16.04619
794 16.414974
795 16.59351
796 15.802431
797 15.248777
798 16.395039
799 15.809402
800 16.28326
801 16.387585
802 16.366913
803 16.094393
804 15.728567
805 14.903006
806 15.344429
807 15.345538
808 16.94188
809 15.974161
810 17.227654
811 16.733166
812 16.521444
813 16.57345
814 16.478542
815 16.656687
816 15.538918
817 16.842422
818 16.90853
819 18.419586
820 17.999088
821 18.163403
822 17.639294
823 18.360159
824 18.198116
825 17.83624
826 18.037884
827 17.70419
828 16.294369
829 17.144897
830 16.086205
831 16.450329
832 16.857819
833 16.89217
834 16.475452
835 16.887821
836 17.000229
837 18.17541
838 16.69585
839 17.285917
840 16.794086
841 17.81564
842 16.571524
843 16.179745
844 15.992361
845 15.882235
846 15.916773
847 16.04466
848 15.62321
849 15.247546
850 14.739256
851 15.216688
852 14.866966
853 15.270503
854 14.736122
855 16.729465
856 16.293037
857 17.39551
858 16.896244
859 17.237482
860 17.923336
861 17.249945
862 17.150944
863 17.12995
864 16.19335
865 16.452063
866 16.101734
867 16.18761
868 16.053509
869 16.327013
870 15.547829
871 15.660286
872 15.123291
873 16.757694
874 16.2852
875 14.507504
876 16.018742
877 16.087378
878 16.694466
879 15.562147
880 15.988096
881 16.74429
882 16.135563
883 16.68963
884 17.02796
885 17.17194
886 16.060055
887 16.169876
888 16.871273
889 16.131012
890 16.966242
891 15.195788
892 15.207678
893 15.530762
894 14.822374
895 14.85802
896 14.536479
897 14.630676
898 15.590645
899 15.7722
900 15.366467
901 15.551847
902 17.52058
903 16.341526
904 16.839584
905 17.539581
906 17.136961
907 17.90842
908 17.039846
909 18.144302
910 17.791943
911 17.25934
912 16.948969
913 16.206472
914 15.345464
915 17.006588
916 16.418127
917 15.484772
918 15.099963
919 15.454649
920 15.108869
921 14.986478
922 16.138376
923 15.534276
924 14.399498
925 15.506558
926 15.483671
927 14.978389
928 16.60557
929 17.044043
930 16.543451
931 16.228695
932 15.941968
933 14.970682
934 15.147356
935 15.217769
936 15.274951
937 15.182638
938 14.799301
939 14.589119
940 16.755852
941 16.866299
942 16.68157
943 15.877162
944 15.806989
945 16.10192
946 17.259012
947 16.887882
948 17.595228
949 15.0559635
950 16.533325
951 15.416034
952 16.973104
953 17.034372
954 16.156254
955 16.7271
956 17.600372
957 17.365934
958 17.304092
959 17.285465
960 17.1991
961 17.422733
962 18.960009
963 18.102123
964 18.576996
965 17.644886
966 18.19832
967 19.076044
968 18.036015
969 16.776924
970 16.332525
971 16.793154
972 14.814188
973 15.531604
974 16.192915
975 17.473665
976 15.373619
977 15.744257
978 16.596323
979 16.059565
980 15.108813
981 14.509491
982 16.349648
983 15.072868
984 15.58884
985 16.45893
986 14.916829
987 16.262644
988 16.4566
989 16.44632
990 15.174585
991 16.681711
992 15.619181
993 16.286772
994 17.541103
995 16.271778
996 15.143526
997 15.538312
998 17.232355
999 15.965657
1000 16.670935
