1 0.00625
2 0.0125
3 0.034375
4 0.053125
5 0.103125
6 0.084375
7 0.11875
8 0.125
9 0.109375
10 0.128125
11 0.121875
12 0.11875
13 0.13125
14 0.125
15 0.128125
16 0.14375
17 0.109375
18 0.121875
19 0.115625
20 0.096875
21 0.11875
22 0.1
23 0.125
24 0.125
25 0.125
26 0.115625
27 0.125
28 0.121875
29 0.103125
30 0.115625
31 0.078125
32 0.11875
33 0.1125
34 0.115625
35 0.121875
36 0.121875
37 0.1375
38 0.134375
39 0.1375
40 0.153125
41 0.1375
42 0.146875
43 0.134375
44 0.121875
45 0.115625
46 0.13125
47 0.13125
48 0.134375
49 0.1125
50 0.13125
51 0.1375
52 0.11875
53 0.11875
54 0.11875
55 0.115625
56 0.146875
57 0.184375
58 0.15625
59 0.13125
60 0.115625
61 0.125
62 0.1375
63 0.1375
64 0.134375
65 0.15625
66 0.10625
67 0.178125
68 0.140625
69 0.125
70 0.1375
71 0.178125
72 0.128125
73 0.178125
74 0.153125
75 0.1625
76 0.15
77 0.128125
78 0.1625
79 0.153125
80 0.140625
81 0.184375
82 0.18125
83 0.209375
84 0.165625
85 0.190625
86 0.203125
87 0.19375
88 0.184375
89 0.209375
90 0.190625
91 0.184375
92 0.1625
93 0.203125
94 0.178125
95 0.171875
96 0.18125
97 0.215625
98 0.184375
99 0.184375
100 0.196875
101 0.221875
102 0.15625
103 0.20625
104 0.1875
105 0.1875
106 0.175
107 0.1875
108 0.146875
109 0.2125
110 0.190625
111 0.225
112 0.15625
113 0.2
114 0.21875
115 0.203125
116 0.2
117 0.2
118 0.21875
119 0.140625
120 0.184375
121 0.23125
122 0.184375
123 0.24375
124 0.178125
125 0.215625
126 0.196875
127 0.2
128 0.25625
129 0.221875
130 0.178125
131 0.196875
132 0.234375
133 0.196875
134 0.184375
135 0.25625
136 0.215625
137 0.234375
138 0.25625
139 0.19375
140 0.20625
141 0.25
142 0.221875
143 0.215625
144 0.24375
145 0.26875
146 0.221875
147 0.2375
148 0.228125
149 0.24375
150 0.246875
151 0.215625
152 0.21875
153 0.23125
154 0.196875
155 0.21875
156 0.215625
157 0.23125
158 0.21875
159 0.209375
160 0.221875
161 0.25
162 0.24375
163 0.23125
164 0.16875
165 0.2625
166 0.21875
167 0.23125
168 0.246875
169 0.215625
170 0.234375
171 0.20625
172 0.225
173 0.24375
174 0.24375
175 0.25
176 0.3125
177 0.28125
178 0.215625
179 0.240625
180 0.225
181 0.253125
182 0.240625
183 0.234375
184 0.2125
185 0.228125
186 0.271875
187 0.259375
188 0.25625
189 0.26875
190 0.190625
191 0.259375
192 0.18125
193 0.24375
194 0.1875
195 0.23125
196 0.228125
197 0.203125
198 0.225
199 0.240625
200 0.225
201 0.21875
202 0.228125
203 0.234375
204 0.240625
205 0.2375
206 0.246875
207 0.259375
208 0.25
209 0.225
210 0.25625
211 0.23125
212 0.215625
213 0.278125
214 0.265625
215 0.19375
216 0.221875
217 0.303125
218 0.278125
219 0.275
220 0.259375
221 0.29375
222 0.259375
223 0.234375
224 0.21875
225 0.275
226 0.278125
227 0.25
228 0.240625
229 0.28125
230 0.190625
231 0.240625
232 0.26875
233 0.25
234 0.275
235 0.25625
236 0.290625
237 0.3
238 0.265625
239 0.315625
240 0.253125
241 0.240625
242 0.221875
243 0.28125
244 0.228125
245 0.265625
246 0.278125
247 0.2375
248 0.26875
249 0.24375
250 0.225
251 0.21875
252 0.221875
253 0.265625
254 0.278125
255 0.25625
256 0.225
257 0.265625
258 0.24375
259 0.23125
260 0.221875
261 0.25
262 0.225
263 0.2375
264 0.25625
265 0.290625
266 0.28125
267 0.2625
268 0.259375
269 0.23125
270 0.278125
271 0.24375
272 0.2125
273 0.23125
274 0.240625
275 0.275
276 0.28125
277 0.271875
278 0.24375
279 0.284375
280 0.296875
281 0.2375
282 0.265625
283 0.25625
284 0.28125
285 0.334375
286 0.290625
287 0.25
288 0.221875
289 0.3125
290 0.265625
291 0.265625
292 0.28125
293 0.234375
294 0.296875
295 0.3
296 0.290625
297 0.265625
298 0.225
299 0.225
300 0.278125
301 0.24375
302 0.303125
303 0.228125
304 0.296875
305 0.209375
306 0.3
307 0.2625
308 0.3
309 0.259375
310 0.23125
311 0.296875
312 0.259375
313 0.234375
314 0.259375
315 0.2375
316 0.25
317 0.253125
318 0.30625
319 0.2375
320 0.29375
321 0.25625
322 0.2875
323 0.253125
324 0.29375
325 0.26875
326 0.265625
327 0.325
328 0.278125
329 0.2625
330 0.271875
331 0.33125
332 0.315625
333 0.29375
334 0.275
335 0.290625
336 0.334375
337 0.290625
338 0.259375
339 0.3
340 0.25625
341 0.278125
342 0.265625
343 0.265625
344 0.259375
345 0.278125
346 0.25
347 0.228125
348 0.23125
349 0.24375
350 0.284375
351 0.25625
352 0.2125
353 0.28125
354 0.284375
355 0.303125
356 0.265625
357 0.303125
358 0.23125
359 0.275
360 0.296875
361 0.28125
362 0.275
363 0.278125
364 0.271875
365 0.284375
366 0.3
367 0.30625
368 0.209375
369 0.2625
370 0.24375
371 0.2375
372 0.284375
373 0.259375
374 0.25625
375 0.18125
376 0.259375
377 0.25
378 0.271875
379 0.253125
380 0.20625
381 0.290625
382 0.24375
383 0.271875
384 0.340625
385 0.234375
386 0.3
387 0.26875
388 0.290625
389 0.296875
390 0.315625
391 0.303125
392 0.24375
393 0.325
394 0.315625
395 0.2875
396 0.3
397 0.265625
398 0.2875
399 0.284375
400 0.209375
401 0.31875
402 0.275
403 0.3
404 0.240625
405 0.290625
406 0.29375
407 0.290625
408 0.29375
409 0.3125
410 0.265625
411 0.2875
412 0.2625
413 0.303125
414 0.328125
415 0.3
416 0.290625
417 0.253125
418 0.28125
419 0.296875
420 0.26875
421 0.278125
422 0.296875
423 0.315625
424 0.24375
425 0.3
426 0.303125
427 0.290625
428 0.25625
429 0.284375
430 0.278125
431 0.265625
432 0.309375
433 0.246875
434 0.2
435 0.24375
436 0.234375
437 0.234375
438 0.259375
439 0.215625
440 0.303125
441 0.24375
442 0.21875
443 0.240625
444 0.25
445 0.309375
446 0.3125
447 0.265625
448 0.278125
449 0.353125
450 0.296875
451 0.275
452 0.31875
453 0.240625
454 0.246875
455 0.3125
456 0.278125
457 0.3
458 0.303125
459 0.28125
460 0.30625
461 0.2625
462 0.278125
463 0.265625
464 0.246875
465 0.26875
466 0.275
467 0.240625
468 0.215625
469 0.275
470 0.271875
471 0.309375
472 0.278125
473 0.296875
474 0.275
475 0.265625
476 0.29375
477 0.26875
478 0.33125
479 0.31875
480 0.3375
481 0.25625
482 0.328125
483 0.253125
484 0.259375
485 0.253125
486 0.33125
487 0.26875
488 0.271875
489 0.334375
490 0.234375
491 0.2625
492 0.290625
493 0.296875
494 0.2875
495 0.29375
496 0.303125
497 0.26875
498 0.340625
499 0.315625
500 0.26875
501 0.28125
502 0.271875
503 0.271875
504 0.33125
505 0.284375
506 0.240625
507 0.303125
508 0.265625
509 0.25
510 0.303125
511 0.325
512 0.25
513 0.296875
514 0.275
515 0.35
516 0.28125
517 0.328125
518 0.31875
519 0.35
520 0.30625
521 0.2625
522 0.2375
523 0.321875
524 0.290625
525 0.303125
526 0.3125
527 0.30625
528 0.3125
529 0.30625
530 0.246875
531 0.30625
532 0.31875
533 0.25625
534 0.240625
535 0.325
536 0.359375
537 0.315625
538 0.240625
539 0.31875
540 0.3
541 0.271875
542 0.3125
543 0.253125
544 0.38125
545 0.315625
546 0.353125
547 0.309375
548 0.296875
549 0.325
550 0.365625
551 0.303125
552 0.26875
553 0.26875
554 0.303125
555 0.265625
556 0.253125
557 0.315625
558 0.253125
559 0.26875
560 0.290625
561 0.334375
562 0.353125
563 0.309375
564 0.3125
565 0.271875
566 0.284375
567 0.328125
568 0.325
569 0.309375
570 0.303125
571 0.328125
572 0.36875
573 0.325
574 0.340625
575 0.275
576 0.31875
577 0.275
578 0.240625
579 0.3
580 0.309375
581 0.3125
582 0.2875
583 0.278125
584 0.315625
585 0.33125
586 0.2875
587 0.384375
588 0.26875
589 0.31875
590 0.328125
591 0.275
592 0.365625
593 0.359375
594 0.290625
595 0.3875
596 0.271875
597 0.296875
598 0.34375
599 0.328125
600 0.275
601 0.284375
602 0.34375
603 0.3625
604 0.33125
605 0.296875
606 0.365625
607 0.265625
608 0.265625
609 0.3125
610 0.290625
611 0.278125
612 0.296875
613 0.29375
614 0.315625
615 0.3
616 0.36875
617 0.328125
618 0.284375
619 0.3125
620 0.290625
621 0.284375
622 0.3
623 0.35
624 0.303125
625 0.296875
626 0.28125
627 0.29375
628 0.278125
629 0.359375
630 0.33125
631 0.290625
632 0.3125
633 0.31875
634 0.325
635 0.340625
636 0.315625
637 0.315625
638 0.3
639 0.28125
640 0.284375
641 0.3625
642 0.340625
643 0.296875
644 0.3125
645 0.303125
646 0.290625
647 0.334375
648 0.328125
649 0.309375
650 0.334375
651 0.29375
652 0.3125
653 0.35
654 0.28125
655 0.325
656 0.278125
657 0.3
658 0.328125
659 0.309375
660 0.309375
661 0.284375
662 0.375
663 0.303125
664 0.35625
665 0.275
666 0.31875
667 0.340625
668 0.3375
669 0.30625
670 0.265625
671 0.35625
672 0.34375
673 0.3
674 0.315625
675 0.315625
676 0.303125
677 0.325
678 0.290625
679 0.28125
680 0.359375
681 0.284375
682 0.328125
683 0.353125
684 0.33125
685 0.31875
686 0.325
687 0.296875
688 0.325
689 0.31875
690 0.35
691 0.35625
692 0.365625
693 0.325
694 0.25625
695 0.365625
696 0.2875
697 0.334375
698 0.296875
699 0.325
700 0.325
701 0.3
702 0.284375
703 0.3
704 0.28125
705 0.328125
706 0.28125
707 0.325
708 0.275
709 0.2625
710 0.3125
711 0.284375
712 0.29375
713 0.303125
714 0.346875
715 0.284375
716 0.296875
717 0.315625
718 0.3875
719 0.325
720 0.34375
721 0.371875
722 0.296875
723 0.334375
724 0.309375
725 0.340625
726 0.35
727 0.303125
728 0.296875
729 0.30625
730 0.309375
731 0.3125
732 0.3375
733 0.35
734 0.31875
735 0.35
736 0.340625
737 0.325
738 0.3375
739 0.296875
740 0.35625
741 0.34375
742 0.340625
743 0.359375
744 0.3375
745 0.359375
746 0.321875
747 0.334375
748 0.290625
749 0.34375
750 0.346875
751 0.29375
752 0.296875
753 0.296875
754 0.36875
755 0.359375
756 0.340625
757 0.325
758 0.36875
759 0.353125
760 0.315625
761 0.35
762 0.315625
763 0.303125
764 0.325
765 0.3125
766 0.3625
767 0.35625
768 0.290625
769 0.321875
770 0.271875
771 0.275
772 0.315625
773 0.309375
774 0.3375
775 0.434375
776 0.303125
777 0.278125
778 0.31875
779 0.3375
780 0.34375
781 0.359375
782 0.359375
783 0.328125
784 0.340625
785 0.35
786 0.26875
787 0.353125
788 0.359375
789 0.33125
790 0.33125
791 0.315625
792 0.353125
793 0.284375
794 0.325
795 0.290625
796 0.3125
797 0.31875
798 0.340625
799 0.278125
800 0.334375
801 0.334375
802 0.365625
803 0.378125
804 0.3125
805 0.296875
806 0.284375
807 0.3
808 0.30625
809 0.384375
810 0.278125
811 0.346875
812 0.29375
813 0.315625
814 0.340625
815 0.375
816 0.3625
817 0.31875
818 0.378125
819 0.409375
820 0.359375
821 0.334375
822 0.33125
823 0.371875
824 0.340625
825 0.328125
826 0.3875
827 0.296875
828 0.334375
829 0.365625
830 0.303125
831 0.340625
832 0.3375
833 0.33125
834 0.371875
835 0.33125
836 0.340625
837 0.3625
838 0.315625
839 0.321875
840 0.34375
841 0.303125
842 0.353125
843 0.328125
844 0.29375
845 0.34375
846 0.340625
847 0.31875
848 0.346875
849 0.296875
850 0.309375
851 0.334375
852 0.3375
853 0.378125
854 0.3375
855 0.31875
856 0.296875
857 0.3625
858 0.340625
859 0.39375
860 0.33125
861 0.275
862 0.315625
863 0.2875
864 0.31875
865 0.3375
866 0.34375
867 0.375
868 0.334375
869 0.315625
870 0.34375
871 0.328125
872 0.4125
873 0.321875
874 0.403125
875 0.290625
876 0.275
877 0.346875
878 0.31875
879 0.3375
880 0.353125
881 0.28125
882 0.334375
883 0.309375
884 0.296875
885 0.2875
886 0.3875
887 0.3625
888 0.3125
889 0.34375
890 0.328125
891 0.365625
892 0.34375
893 0.39375
894 0.403125
895 0.31875
896 0.328125
897 0.334375
898 0.346875
899 0.325
900 0.309375
901 0.3875
902 0.35625
903 0.36875
904 0.35
905 0.296875
906 0.3375
907 0.2625
908 0.353125
909 0.328125
910 0.3125
911 0.3375
912 0.359375
913 0.29375
914 0.3
915 0.35625
916 0.290625
917 0.371875
918 0.328125
919 0.2875
920 0.346875
921 0.2875
922 0.3375
923 0.3125
924 0.325
925 0.3
926 0.303125
927 0.31875
928 0.353125
929 0.34375
930 0.346875
931 0.296875
932 0.31875
933 0.29375
934 0.3
935 0.33125
936 0.296875
937 0.3625
938 0.3125
939 0.38125
940 0.328125
941 0.309375
942 0.38125
943 0.35
944 0.3875
945 0.309375
946 0.3125
947 0.371875
948 0.328125
949 0.315625
950 0.38125
951 0.35625
952 0.284375
953 0.346875
954 0.35
955 0.4
956 0.35625
957 0.353125
958 0.359375
959 0.375
960 0.35
961 0.36875
962 0.390625
963 0.371875
964 0.321875
965 0.321875
966 0.35
967 0.353125
968 0.284375
969 0.2875
970 0.33125
971 0.303125
972 0.3375
973 0.325
974 0.3375
975 0.340625
976 0.33125
977 0.35
978 0.378125
979 0.321875
980 0.390625
981 0.303125
982 0.3375
983 0.33125
984 0.3875
985 0.340625
986 0.3375
987 0.3
988 0.303125
989 0.340625
990 0.334375
991 0.3
992 0.309375
993 0.321875
994 0.296875
995 0.346875
996 0.334375
997 0.3125
998 0.3375
999 0.296875
1000 0.415625
