1 7.699097
2 7.6165066
3 7.5365186
4 7.4105096
5 7.20204
6 7.04343
7 6.7312975
8 6.640213
9 6.4058905
10 6.26864
11 5.9501147
12 5.866178
13 5.7226424
14 5.5808077
15 5.2554255
16 5.2340207
17 5.2011333
18 5.2122526
19 5.2098317
20 5.152824
21 5.0011497
22 5.0448112
23 4.93936
24 5.386555
25 5.153806
26 5.220376
27 5.2434053
28 5.238154
29 5.2234526
30 4.977458
31 5.2284956
32 5.1583037
33 4.7810965
34 5.0707603
35 5.0494366
36 5.2000847
37 5.115685
38 5.062266
39 5.297315
40 5.0087132
41 4.840842
42 5.0522194
43 5.093994
44 4.8718743
45 4.9687896
46 4.9968905
47 5.0546074
48 5.0613966
49 5.1109715
50 5.0747514
51 5.0710177
52 5.042298
53 5.1246767
54 5.1877694
55 5.027859
56 4.893178
57 4.9035835
58 4.913187
59 5.221746
60 4.988243
61 5.029511
62 4.96039
63 5.1475
64 4.985736
65 4.8991838
66 4.991446
67 5.014335
68 5.245755
69 4.9575324
70 5.082189
71 4.943116
72 5.2489643
73 4.869471
74 4.9557104
75 4.912054
76 4.830824
77 4.955349
78 4.7570252
79 4.945144
80 4.844912
81 4.8663516
82 4.69415
83 4.9165373
84 4.8685694
85 4.792564
86 4.7618093
87 4.6066575
88 4.7876716
89 4.724999
90 4.7447214
91 4.5803823
92 4.6462035
93 4.4488916
94 4.4886503
95 4.7056527
96 4.5849867
97 4.4812026
98 4.6067038
99 4.4922633
100 4.443058
101 4.493006
102 4.7884164
103 4.563915
104 4.451048
105 4.7111297
106 4.8279376
107 4.6389966
108 4.840078
109 4.4995265
110 4.5326734
111 4.560879
112 4.7079306
113 4.558286
114 4.5425153
115 4.627747
116 4.354449
117 4.4904847
118 4.5952067
119 4.7421927
120 4.515752
121 4.3585544
122 4.738288
123 4.495912
124 4.6267176
125 4.343436
126 4.610713
127 4.2144876
128 4.3021007
129 4.3718505
130 4.5270014
131 4.504896
132 4.296137
133 4.48788
134 4.503023
135 4.430443
136 4.2245703
137 4.2310658
138 4.254744
139 4.3663316
140 4.4052935
141 4.191129
142 4.305274
143 4.295093
144 4.263809
145 4.0593486
146 4.3471575
147 4.228224
148 4.3775616
149 4.3149843
150 4.1271152
151 4.387828
152 4.4085407
153 4.437687
154 4.441027
155 4.460777
156 4.420255
157 4.448744
158 4.3275943
159 4.3798594
160 4.012606
161 4.18318
162 4.043819
163 4.0785246
164 4.34839
165 4.0793567
166 4.417516
167 4.2473273
168 4.2437577
169 4.37514
170 4.1015425
171 4.3623343
172 4.334089
173 4.1275554
174 4.159133
175 4.0962896
176 4.1655664
177 4.002389
178 4.3127003
179 4.1030593
180 4.3593
181 4.164236
182 4.1123657
183 4.1944675
184 4.2077446
185 4.2179537
186 4.034687
187 4.1387076
188 4.278916
189 4.093651
190 4.3097324
191 4.261919
192 4.5061054
193 4.21916
194 4.4351315
195 4.5079494
196 4.2741218
197 4.1539416
198 4.3567085
199 4.1510696
200 4.322583
201 4.4257903
202 4.2061906
203 4.072994
204 4.0994315
205 4.081438
206 4.045708
207 4.0513077
208 4.2014575
209 4.095436
210 3.9730878
211 4.058501
212 4.087895
213 3.9450529
214 4.0952735
215 4.1483765
216 4.223682
217 3.8441014
218 4.107348
219 4.078738
220 4.182409
221 3.7982116
222 4.0580635
223 4.1176186
224 4.098035
225 3.9513073
226 4.090903
227 4.1587844
228 4.202748
229 3.913516
230 4.256453
231 4.342861
232 3.9573681
233 3.980718
234 3.9737833
235 4.0092745
236 4.0736747
237 3.9530456
238 4.0523705
239 3.9616468
240 4.096753
241 4.1481123
242 4.3688593
243 3.9532716
244 4.3538055
245 3.8304317
246 3.885097
247 4.266548
248 3.9195817
249 4.031358
250 4.3152776
251 4.076225
252 4.1742225
253 4.0504513
254 3.9695246
255 4.028711
256 4.065123
257 4.0431437
258 3.9734523
259 4.134488
260 4.4145103
261 4.0655613
262 4.174222
263 4.118118
264 4.049978
265 3.916808
266 3.948874
267 3.9797053
268 3.976199
269 4.151367
270 3.9981887
271 3.9736433
272 4.016686
273 4.0008187
274 4.167208
275 3.895281
276 4.0694127
277 3.9750319
278 3.9943182
279 4.054486
280 4.15619
281 4.1960087
282 4.060522
283 4.0985427
284 3.8279727
285 3.8364067
286 3.829063
287 3.9071724
288 4.084656
289 3.7920296
290 3.9221306
291 3.9516923
292 3.9498622
293 4.06681
294 3.7328565
295 3.8773
296 4.0301666
297 4.0724425
298 4.1988087
299 4.03474
300 4.094475
301 4.0316896
302 4.030612
303 4.2655044
304 3.973547
305 4.2518125
306 4.0045605
307 4.0746894
308 3.8307178
309 4.0295377
310 4.138888
311 3.8427672
312 3.95556
313 4.034349
314 3.8994136
315 4.035546
316 4.018464
317 4.168597
318 3.8655562
319 4.0890403
320 3.9194982
321 4.0244064
322 3.9415014
323 4.0531254
324 4.0270295
325 4.116439
326 3.9163125
327 3.8020885
328 3.810964
329 4.1269817
330 4.0206957
331 3.6708024
332 3.787437
333 3.8902755
334 3.838114
335 3.7554154
336 3.6681082
337 3.784968
338 3.9517918
339 3.8219798
340 4.175317
341 4.0069094
342 4.0191274
343 4.0877295
344 3.9976149
345 3.9276922
346 4.1777635
347 4.119678
348 3.9193206
349 4.0615396
350 3.915
351 3.9296463
352 4.1281695
353 3.7670274
354 3.9526434
355 3.741107
356 3.968245
357 3.9255462
358 4.3259587
359 3.866176
360 3.927584
361 4.019541
362 3.959703
363 3.9388146
364 4.0444493
365 3.8013139
366 3.843079
367 3.9460342
368 4.2616267
369 3.8882709
370 4.1659393
371 4.035408
372 4.020725
373 4.0596585
374 4.0527163
375 4.100983
376 4.062824
377 4.051218
378 4.0383577
379 4.163767
380 4.3981333
381 3.999874
382 3.9155006
383 4.057993
384 3.8380969
385 3.8664517
386 3.7456212
387 3.8876789
388 3.808339
389 3.7721581
390 3.8399498
391 3.903382
392 3.985176
393 3.5999985
394 3.8179412
395 3.792994
396 3.733653
397 4.030115
398 3.7636123
399 3.8430176
400 4.1179132
401 3.6222215
402 3.7933996
403 3.8380935
404 4.041513
405 3.9728343
406 3.9178572
407 3.887105
408 3.8090627
409 3.7396555
410 4.095945
411 3.7270925
412 3.8580654
413 3.938314
414 3.7565413
415 3.9361637
416 4.023508
417 4.088923
418 4.069234
419 3.9110343
420 3.9682286
421 3.9843118
422 3.8672445
423 3.7034423
424 3.8461578
425 3.7780626
426 3.7914968
427 3.8771944
428 4.0069017
429 3.8927994
430 3.9410958
431 3.892052
432 3.7355285
433 4.1025543
434 4.170849
435 3.9870546
436 4.1330495
437 4.1351023
438 4.1275744
439 4.0465097
440 3.959172
441 3.990921
442 4.2140803
443 4.1496787
444 4.307305
445 4.1138515
446 3.7629793
447 3.6842685
448 3.7006645
449 3.5789187
450 3.8351576
451 3.7289426
452 3.8058033
453 3.7623625
454 3.814787
455 3.7573538
456 4.0109897
457 3.7046797
458 3.8508885
459 3.8078382
460 3.6655562
461 3.8417904
462 4.058619
463 4.023701
464 3.9299397
465 4.0130973
466 3.8462186
467 4.028753
468 4.179699
469 4.1020675
470 4.1135697
471 3.948844
472 3.911677
473 3.7177193
474 3.878801
475 3.83887
476 3.8674214
477 3.9170604
478 3.766581
479 3.7758496
480 3.7353466
481 3.8786387
482 3.8305664
483 3.919111
484 4.038548
485 4.091403
486 3.7753694
487 3.9254882
488 3.8793125
489 3.720456
490 4.044331
491 4.059529
492 3.8542738
493 3.9252708
494 4.145191
495 3.9373815
496 3.9523263
497 4.0398235
498 3.6107626
499 3.9228477
500 3.8997595
501 4.0595474
502 3.9757793
503 4.07492
504 3.7413898
505 3.9324532
506 3.9542
507 3.8436291
508 3.87159
509 3.9512153
510 3.7600389
511 3.6333983
512 4.0233893
513 3.904231
514 3.9396179
515 3.7053156
516 4.113803
517 3.6749039
518 3.688629
519 3.5314507
520 3.7260134
521 3.951167
522 3.956591
523 3.6127741
524 3.9093454
525 3.876089
526 3.7145176
527 3.8121116
528 3.7783632
529 3.7424576
530 3.8836646
531 3.774056
532 3.8475697
533 4.180647
534 4.0506363
535 3.7922487
536 3.5021894
537 3.639178
538 4.0913863
539 3.7613776
540 4.008095
541 4.023245
542 3.8097231
543 3.962374
544 3.472987
545 3.7027404
546 3.6990793
547 3.6653903
548 3.72102
549 3.5881212
550 3.4395967
551 3.660128
552 3.8831253
553 3.9745698
554 3.7082982
555 3.895929
556 3.910871
557 3.5518246
558 3.7705662
559 3.7947066
560 3.8294232
561 3.4983695
562 3.5103743
563 3.7560208
564 3.7194595
565 3.9138188
566 3.8636158
567 3.8267198
568 3.8190677
569 3.7804925
570 3.6657636
571 3.6099577
572 3.3638687
573 3.615394
574 3.5217223
575 3.8457048
576 3.6670518
577 3.9171112
578 3.7548926
579 3.638088
580 3.7824948
581 3.7782545
582 3.8160522
583 3.7084668
584 3.8233218
585 3.832427
586 3.7647383
587 3.535779
588 3.996005
589 3.4454544
590 3.5460353
591 3.7694633
592 3.417491
593 3.5408442
594 3.6589797
595 3.472586
596 3.8684614
597 3.5628686
598 3.5586689
599 3.669301
600 3.8502984
601 3.8193784
602 3.7667785
603 3.6315444
604 3.8856242
605 3.8764122
606 3.6282277
607 3.9117641
608 3.7872045
609 3.804849
610 3.802174
611 3.8928142
612 3.7306266
613 3.8100176
614 3.713373
615 3.8599207
616 3.6772044
617 3.574432
618 3.7476277
619 3.7190673
620 3.835336
621 3.7744489
622 3.6830359
623 3.5303767
624 3.7193067
625 3.7439587
626 3.8121102
627 3.662493
628 3.8822901
629 3.4634783
630 3.6088226
631 3.8466861
632 3.640809
633 3.6729817
634 3.7236476
635 3.7055323
636 3.5539622
637 3.5433302
638 3.6487198
639 3.6339273
640 3.7108727
641 3.4255662
642 3.338525
643 3.6168501
644 3.9098976
645 3.673665
646 3.6832943
647 3.6472096
648 3.7668889
649 3.5614407
650 3.5999436
651 3.7558677
652 3.567432
653 3.3819625
654 3.7164288
655 3.6280022
656 3.7969773
657 3.69929
658 3.8703718
659 3.745352
660 3.8399055
661 3.6699715
662 3.3875844
663 3.537657
664 3.515822
665 3.836972
666 3.8502097
667 3.6868877
668 3.7542746
669 3.722629
670 3.9304798
671 3.4471962
672 3.5152504
673 3.594083
674 3.6720889
675 3.5542004
676 3.6274476
677 3.5679572
678 3.6724122
679 3.6599004
680 3.4173634
681 3.7176142
682 3.7160494
683 3.59825
684 3.7721856
685 3.6628308
686 3.643025
687 3.7741404
688 3.531509
689 3.5460522
690 3.501219
691 3.5327492
692 3.5545797
693 3.598389
694 3.8783693
695 3.5024602
696 3.9166284
697 3.6909919
698 3.6633646
699 3.5850897
700 3.5302253
701 3.780131
702 3.7473073
703 3.5254822
704 3.8384843
705 3.512496
706 3.595049
707 3.5599813
708 3.96819
709 3.8238306
710 3.5931103
711 3.9934394
712 3.7497385
713 3.585165
714 3.4888117
715 3.7213337
716 3.728615
717 3.4997895
718 3.3808827
719 3.5153775
720 3.5110555
721 3.415561
722 3.8231845
723 3.674454
724 3.6313298
725 3.5287943
726 3.4597425
727 3.8407788
728 3.7588768
729 3.587069
730 3.7293718
731 3.7086937
732 3.4631922
733 3.5020654
734 3.8716547
735 3.421688
736 3.5039563
737 3.6561027
738 3.6282182
739 3.7293224
740 3.431106
741 3.6427832
742 3.4191422
743 3.4540937
744 3.548395
745 3.5999866
746 3.7264729
747 3.5621984
748 3.7232325
749 3.4719808
750 3.5161335
751 3.7411606
752 3.5648048
753 3.6760187
754 3.5852704
755 3.5189312
756 3.5085802
757 3.4161167
758 3.4008465
759 3.57104
760 3.7070584
761 3.265826
762 3.6046653
763 3.5995839
764 3.4688756
765 3.7159336
766 3.53083
767 3.5769646
768 3.607539
769 3.6374123
770 3.899137
771 3.9166613
772 3.7923157
773 3.7379928
774 3.5346587
775 3.2584817
776 3.7918718
777 3.7926006
778 3.7296095
779 3.5964932
780 3.5497875
781 3.4356053
782 3.3218923
783 3.5171409
784 3.5244982
785 3.34466
786 3.8984346
787 3.4851115
788 3.4890597
789 3.4272244
790 3.457807
791 3.5958498
792 3.6894164
793 3.8426101
794 3.6818998
795 3.8352735
796 3.6722457
797 3.6976414
798 3.6969492
799 3.89377
800 3.4343157
801 3.670713
802 3.390414
803 3.257242
804 3.7922277
805 3.8725863
806 3.8432846
807 3.5601819
808 3.8258493
809 3.2091525
810 3.7026854
811 3.403138
812 3.5604043
813 3.507626
814 3.569197
815 3.4326763
816 3.484981
817 3.6606386
818 3.4961283
819 3.3778472
820 3.4521008
821 3.5536182
822 3.602518
823 3.3170094
824 3.5629346
825 3.4735782
826 3.361561
827 3.600845
828 3.4673162
829 3.603958
830 3.730464
831 3.3730826
832 3.491349
833 3.6183622
834 3.6366818
835 3.3493054
836 3.3432934
837 3.5661957
838 3.7899635
839 3.7053933
840 3.755796
841 3.8426929
842 3.6050074
843 3.5979712
844 3.8082879
845 3.6132946
846 3.663672
847 3.6549704
848 3.6432004
849 3.7424808
850 3.7208436
851 3.4495406
852 3.4089746
853 3.411113
854 3.5911353
855 3.5581896
856 3.769337
857 3.5131738
858 3.5067544
859 3.3153236
860 3.7190526
861 3.8981636
862 3.6272612
863 3.6628752
864 3.7873585
865 3.646711
866 3.551286
867 3.5649173
868 3.4982066
869 3.728577
870 3.5445855
871 3.6037207
872 3.311414
873 3.5806887
874 3.2140276
875 3.640657
876 3.8075962
877 3.5595107
878 3.7149196
879 3.6174405
880 3.4979863
881 3.7549872
882 3.6982775
883 3.6769016
884 3.7931354
885 3.7336335
886 3.3659074
887 3.480371
888 3.8129365
889 3.5919178
890 3.7526755
891 3.6232872
892 3.4279234
893 3.3882663
894 3.3654623
895 3.6318023
896 3.51757
897 3.435914
898 3.329783
899 3.5256946
900 3.6618435
901 3.477682
902 3.6314836
903 3.466506
904 3.5697048
905 3.7103102
906 3.6216412
907 3.7195318
908 3.3070166
909 3.5405936
910 3.7377226
911 3.4867532
912 3.4033213
913 3.530736
914 3.6745524
915 3.4619055
916 3.7773244
917 3.3842175
918 3.544159
919 3.8536012
920 3.6679275
921 4.039749
922 3.4435604
923 3.7415547
924 3.540392
925 3.5350668
926 3.495376
927 3.7263649
928 3.6278687
929 3.5802627
930 3.5052605
931 3.6656086
932 3.5874739
933 3.7811918
934 3.609409
935 3.60053
936 3.6548762
937 3.3735993
938 3.681703
939 3.4191809
940 3.64837
941 3.6667511
942 3.3811796
943 3.510146
944 3.0897217
945 3.4070494
946 3.54211
947 3.3144543
948 3.6672692
949 3.611967
950 3.4087362
951 3.5560515
952 3.548541
953 3.2424133
954 3.3991055
955 3.1431725
956 3.321935
957 3.49365
958 3.48475
959 3.2959177
960 3.3765666
961 3.458492
962 3.375972
963 3.4447348
964 3.586066
965 3.7784417
966 3.4494047
967 3.516923
968 3.8696723
969 3.7135656
970 3.5926132
971 3.6388083
972 3.638451
973 3.651832
974 3.429111
975 3.648564
976 3.565614
977 3.449713
978 3.4888005
979 3.6489882
980 3.2425642
981 3.700648
982 3.5479
983 3.366964
984 3.3064044
985 3.3898764
986 3.6730094
987 3.709316
988 3.7409892
989 3.4607415
990 3.539948
991 3.7347972
992 3.7320416
993 3.7046857
994 3.6599882
995 3.4396374
996 3.6754339
997 3.8243072
998 3.6245718
999 3.8028288
1000 3.1585376
