1 5.3366075
2 5.2793603
3 5.2239165
4 5.136574
5 4.992074
6 4.8821335
7 4.66578
8 4.602645
9 4.440225
10 4.3450904
11 4.1243052
12 4.066125
13 3.9666336
14 3.8683212
15 3.6427834
16 3.6279469
17 3.605151
18 3.6128583
19 3.61118
20 3.5716653
21 3.466533
22 3.4967968
23 3.4237037
24 3.7336755
25 3.5723462
26 3.618489
27 3.6344516
28 3.6308117
29 3.6206214
30 3.450111
31 3.624117
32 3.5754638
33 3.3140035
34 3.5147831
35 3.5000026
36 3.6044242
37 3.5459228
38 3.5088954
39 3.671819
40 3.4717755
41 3.3554158
42 3.5019317
43 3.5308876
44 3.376926
45 3.4441025
46 3.4635806
47 3.503587
48 3.5082927
49 3.5426555
50 3.5175495
51 3.5149617
52 3.4950547
53 3.5521553
54 3.5958877
55 3.4850464
56 3.3916926
57 3.3989053
58 3.405562
59 3.6194386
60 3.4575868
61 3.4861915
62 3.4382806
63 3.5679753
64 3.4558487
65 3.3958554
66 3.459807
67 3.4756725
68 3.6360805
69 3.4362998
70 3.522705
71 3.426307
72 3.638305
73 3.37526
74 3.435037
75 3.4047763
76 3.3484719
77 3.4347863
78 3.2973187
79 3.4277127
80 3.358237
81 3.373098
82 3.253737
83 3.4078841
84 3.3746352
85 3.321952
86 3.3006349
87 3.1930916
88 3.318561
89 3.2751198
90 3.2887902
91 3.174879
92 3.2205029
93 3.083737
94 3.1112955
95 3.26171
96 3.1780705
97 3.106133
98 3.1931238
99 3.1137996
100 3.0796933
101 3.1143146
102 3.3190773
103 3.1634645
104 3.0852313
105 3.2655063
106 3.3464713
107 3.2155075
108 3.3548865
109 3.1188343
110 3.1418097
111 3.1613605
112 3.263289
113 3.1595633
114 3.1486316
115 3.2077098
116 3.018274
117 3.1125667
118 3.1851547
119 3.2870376
120 3.1300807
121 3.0211196
122 3.2843308
123 3.1163287
124 3.2069962
125 3.0106404
126 3.1959028
127 2.9212604
128 2.981989
129 3.030336
130 3.1378784
131 3.1225562
132 2.9778552
133 3.1107616
134 3.1212578
135 3.070949
136 2.9282491
137 2.9327512
138 2.949164
139 3.0265105
140 3.0535169
141 2.9050694
142 2.9841886
143 2.9771316
144 2.9554474
145 2.813726
146 3.0132198
147 2.9307814
148 3.0342944
149 2.9909194
150 2.8606982
151 3.0414104
152 3.0557675
153 3.0759702
154 3.0782855
155 3.091975
156 3.0638876
157 3.0836344
158 2.9996598
159 3.0358872
160 2.7813265
161 2.8995593
162 2.8029618
163 2.8270178
164 3.0140743
165 2.8275945
166 3.0619888
167 2.944023
168 2.9415488
169 3.0326161
170 2.8429728
171 3.0237398
172 3.0041614
173 2.8610034
174 2.8828912
175 2.8393316
176 2.8873506
177 2.7742448
178 2.989336
179 2.8440242
180 3.0216365
181 2.8864286
182 2.8504748
183 2.9073834
184 2.9165864
185 2.9236627
186 2.796632
187 2.8687334
188 2.9659185
189 2.8375027
190 2.987279
191 2.9541373
192 3.1233943
193 2.9244988
194 3.074199
195 3.1246724
196 2.9625955
197 2.879293
198 3.0198402
199 2.8773022
200 2.9961863
201 3.0677242
202 2.9155092
203 2.8231845
204 2.8415093
205 2.8290372
206 2.8042712
207 2.8081524
208 2.9122286
209 2.83874
210 2.7539346
211 2.8131385
212 2.833513
213 2.7345023
214 2.8386273
215 2.8754356
216 2.9276333
217 2.6645281
218 2.8469968
219 2.827166
220 2.899025
221 2.6327198
222 2.8128352
223 2.8541157
224 2.8405414
225 2.7388375
226 2.8355978
227 2.8826497
228 2.913123
229 2.7126427
230 2.9503484
231 3.010242
232 2.7430387
233 2.7592235
234 2.7544167
235 2.7790172
236 2.8236563
237 2.7400424
238 2.8088894
239 2.7460043
240 2.839653
241 2.8752522
242 3.0282626
243 2.740199
244 3.0178282
245 2.655053
246 2.692944
247 2.957346
248 2.716847
249 2.7943244
250 2.9911225
251 2.8254237
252 2.8933506
253 2.8075588
254 2.7514648
255 2.7924895
256 2.8177288
257 2.8024936
258 2.7541873
259 2.865809
260 3.0599053
261 2.8180325
262 2.8933504
263 2.854462
264 2.8072307
265 2.7149243
266 2.737151
267 2.7585216
268 2.756091
269 2.8775086
270 2.7713332
271 2.7543197
272 2.7841547
273 2.7731564
274 2.8884888
275 2.7000031
276 2.820702
277 2.7552822
278 2.7686505
279 2.8103554
280 2.8808513
281 2.9084516
282 2.8145394
283 2.8408933
284 2.6533484
285 2.6591945
286 2.6541042
287 2.7082455
288 2.8312676
289 2.6284347
290 2.7186139
291 2.7391045
292 2.737836
293 2.818898
294 2.587419
295 2.6875396
296 2.7934985
297 2.822802
298 2.9103923
299 2.7966685
300 2.8380737
301 2.7945545
302 2.7938075
303 2.9566224
304 2.754253
305 2.9471319
306 2.7757497
307 2.8243594
308 2.6552513
309 2.7930627
310 2.8688586
311 2.6636033
312 2.7417853
313 2.7963977
314 2.7028675
315 2.7972274
316 2.785387
317 2.8894515
318 2.6793995
319 2.8343067
320 2.7167892
321 2.789506
322 2.7320406
323 2.8094125
324 2.7913241
325 2.853298
326 2.714581
327 2.635407
328 2.6415591
329 2.860606
330 2.786934
331 2.5444064
332 2.6252513
333 2.6965334
334 2.660378
335 2.6030557
336 2.542539
337 2.62354
338 2.7391734
339 2.6491945
340 2.8941092
341 2.7773778
342 2.7858467
343 2.833398
344 2.7709355
345 2.7224689
346 2.895805
347 2.8555434
348 2.716666
349 2.815245
350 2.7136712
351 2.7238233
352 2.8614292
353 2.6111045
354 2.7397637
355 2.5931377
356 2.750578
357 2.7209814
358 2.998526
359 2.679829
360 2.7223938
361 2.7861333
362 2.744657
363 2.7301784
364 2.8033986
365 2.63487
366 2.6638196
367 2.7351825
368 2.9539347
369 2.695144
370 2.887609
371 2.7971318
372 2.7869542
373 2.813941
374 2.809129
375 2.842585
376 2.816135
377 2.8080904
378 2.7991762
379 2.8861034
380 3.0485537
381 2.7725015
382 2.7140183
383 2.8127863
384 2.660366
385 2.68002
386 2.5962667
387 2.6947336
388 2.6397395
389 2.6146607
390 2.6616504
391 2.7056184
392 2.7623136
393 2.495329
394 2.6463952
395 2.6291032
396 2.5879712
397 2.793463
398 2.6087372
399 2.6637769
400 2.85432
401 2.5107327
402 2.6293843
403 2.6603637
404 2.8013632
405 2.753759
406 2.7156518
407 2.694336
408 2.6402411
409 2.5921316
410 2.8390927
411 2.5834236
412 2.6742072
413 2.7298312
414 2.603836
415 2.7283409
416 2.7888834
417 2.8342254
418 2.820578
419 2.7109225
420 2.7505665
421 2.7617145
422 2.6805696
423 2.5670307
424 2.6659534
425 2.6187534
426 2.6280653
427 2.6874664
428 2.7773728
429 2.698283
430 2.7317595
431 2.6977649
432 2.589271
433 2.843674
434 2.8910122
435 2.7636156
436 2.8648117
437 2.8662345
438 2.8610168
439 2.804827
440 2.744289
441 2.7662957
442 2.9209778
443 2.8763382
444 2.9855962
445 2.8515046
446 2.6082985
447 2.5537403
448 2.5651052
449 2.4807174
450 2.6583288
451 2.584706
452 2.637982
453 2.607871
454 2.644209
455 2.6043992
456 2.7802062
457 2.5678883
458 2.6692326
459 2.6393924
460 2.54077
461 2.6629262
462 2.8132203
463 2.7890172
464 2.7240267
465 2.781667
466 2.6659956
467 2.7925186
468 2.8971467
469 2.8433366
470 2.8513093
471 2.7371302
472 2.7113678
473 2.5769267
474 2.68858
475 2.660902
476 2.6806922
477 2.7150993
478 2.610795
479 2.6172194
480 2.589145
481 2.6884675
482 2.6551464
483 2.7165208
484 2.7993083
485 2.8359444
486 2.6168866
487 2.720941
488 2.6889346
489 2.5788236
490 2.8033166
491 2.8138509
492 2.6715791
493 2.7207904
494 2.8732276
495 2.7291849
496 2.739544
497 2.8001924
498 2.50279
499 2.719111
500 2.7031074
501 2.813864
502 2.7558002
503 2.8245196
504 2.5933337
505 2.7257688
506 2.7408426
507 2.6642008
508 2.6835816
509 2.7387738
510 2.6062603
511 2.5184798
512 2.788801
513 2.7062068
514 2.730735
515 2.568329
516 2.851471
517 2.5472493
518 2.5567627
519 2.4478152
520 2.5826757
521 2.7387404
522 2.7424998
523 2.5041842
524 2.7097518
525 2.6867003
526 2.5747075
527 2.6423545
528 2.6189618
529 2.594074
530 2.6919513
531 2.6159763
532 2.666932
533 2.8978035
534 2.807687
535 2.6285865
536 2.4275327
537 2.522486
538 2.835933
539 2.6071882
540 2.7781997
541 2.7887008
542 2.640699
543 2.7465084
544 2.4072912
545 2.566544
546 2.5640063
547 2.540655
548 2.5792146
549 2.487096
550 2.3841467
551 2.5370076
552 2.6915774
553 2.754962
554 2.5703964
555 2.7004523
556 2.7108092
557 2.4619372
558 2.6135573
559 2.6302903
560 2.6543539
561 2.424885
562 2.433206
563 2.6034753
564 2.5781329
565 2.7128525
566 2.6780543
567 2.6524801
568 2.647176
569 2.6204379
570 2.5409138
571 2.502232
572 2.3316562
573 2.5060003
574 2.441072
575 2.6656394
576 2.5418067
577 2.7151346
578 2.6026933
579 2.5217304
580 2.6218257
581 2.6188865
582 2.6450858
583 2.5705132
584 2.6501248
585 2.656436
586 2.6095178
587 2.4508152
588 2.7698197
589 2.388207
590 2.4579244
591 2.612793
592 2.3688242
593 2.4543262
594 2.5362115
595 2.4070132
596 2.6814132
597 2.4695923
598 2.4666812
599 2.5433657
600 2.6688235
601 2.6473913
602 2.6109319
603 2.5171947
604 2.6933095
605 2.6869242
606 2.514896
607 2.7114284
608 2.6250901
609 2.6373203
610 2.6354663
611 2.6982932
612 2.5858734
613 2.640903
614 2.573914
615 2.6754932
616 2.5488439
617 2.4776075
618 2.5976577
619 2.577861
620 2.6584523
621 2.6162486
622 2.552886
623 2.4470706
624 2.578027
625 2.5951145
626 2.6423535
627 2.5386467
628 2.6909986
629 2.4007003
630 2.5014453
631 2.6663196
632 2.5236166
633 2.545917
634 2.5810359
635 2.5684793
636 2.463419
637 2.4560494
638 2.5291
639 2.5188465
640 2.572181
641 2.3744216
642 2.3140893
643 2.5070095
644 2.7101345
645 2.5463905
646 2.553065
647 2.528053
648 2.6110084
649 2.4686027
650 2.4952908
651 2.6033692
652 2.4727554
653 2.3441978
654 2.5760322
655 2.5147395
656 2.631864
657 2.5641525
658 2.6827374
659 2.5960803
660 2.6616197
661 2.5438304
662 2.3480947
663 2.452117
664 2.4369822
665 2.6595864
666 2.668762
667 2.5555558
668 2.602265
669 2.58033
670 2.724401
671 2.3894143
672 2.436586
673 2.4912286
674 2.545298
675 2.463584
676 2.5143552
677 2.4731195
678 2.5455222
679 2.5368497
680 2.3687358
681 2.5768538
682 2.5757692
683 2.4941168
684 2.6146798
685 2.5388808
686 2.5251524
687 2.6160347
688 2.4478555
689 2.457936
690 2.42686
691 2.4487152
692 2.463847
693 2.494213
694 2.6882808
695 2.4277205
696 2.7148
697 2.5584006
698 2.5392509
699 2.484995
700 2.4469657
701 2.6201873
702 2.5974355
703 2.4436781
704 2.6606345
705 2.4346766
706 2.491898
707 2.467591
708 2.7505398
709 2.6504774
710 2.4905543
711 2.7680414
712 2.5991206
713 2.485047
714 2.41826
715 2.579432
716 2.584479
717 2.4258692
718 2.3434494
719 2.436674
720 2.4336782
721 2.3674865
722 2.6500297
723 2.5469375
724 2.517046
725 2.4459739
726 2.3981109
727 2.662225
728 2.605455
729 2.4863667
730 2.5850036
731 2.5706706
732 2.400502
733 2.4274468
734 2.6836267
735 2.3717334
736 2.4287574
737 2.5342174
738 2.5148892
739 2.5849693
740 2.3782616
741 2.5249848
742 2.369969
743 2.3941953
744 2.45956
745 2.4953206
746 2.5829942
747 2.469128
748 2.580748
749 2.4065938
750 2.4371982
751 2.593175
752 2.4709344
753 2.548022
754 2.48512
755 2.4391372
756 2.4319625
757 2.3678718
758 2.3572872
759 2.4752562
760 2.5695372
761 2.263698
762 2.4985635
763 2.4950414
764 2.4044414
765 2.5756888
766 2.4473848
767 2.479363
768 2.5005555
769 2.5212622
770 2.7026758
771 2.7148228
772 2.628633
773 2.590979
774 2.4500387
775 2.2586074
776 2.6283252
777 2.6288304
778 2.5851684
779 2.4928992
780 2.4605253
781 2.38138
782 2.3025603
783 2.4378963
784 2.442996
785 2.3183417
786 2.702189
787 2.4156952
788 2.418432
789 2.375571
790 2.3967693
791 2.492453
792 2.5573087
793 2.6634943
794 2.5520985
795 2.658409
796 2.5454068
797 2.5630097
798 2.56253
799 2.6989558
800 2.3804862
801 2.5443444
802 2.350056
803 2.2577481
804 2.628572
805 2.6842723
806 2.663962
807 2.46773
808 2.6518767
809 2.224415
810 2.566506
811 2.3588755
812 2.4678843
813 2.431301
814 2.4739788
815 2.37935
816 2.4156048
817 2.5373614
818 2.4233315
819 2.3413453
820 2.392814
821 2.4631805
822 2.4970753
823 2.2991757
824 2.469638
825 2.407701
826 2.3300567
827 2.4959157
828 2.4033604
829 2.4980733
830 2.5857606
831 2.3380427
832 2.4200187
833 2.5080576
834 2.5207558
835 2.3215616
836 2.3173945
837 2.4718986
838 2.6270025
839 2.568383
840 2.6033194
841 2.6635518
842 2.4988008
843 2.4939237
844 2.639704
845 2.504545
846 2.539464
847 2.5334325
848 2.525274
849 2.59409
850 2.5790923
851 2.3910394
852 2.3629212
853 2.3644035
854 2.4891853
855 2.4663491
856 2.6127052
857 2.4351466
858 2.430697
859 2.2980072
860 2.5778508
861 2.702001
862 2.514226
863 2.5389116
864 2.625197
865 2.5277076
866 2.4615638
867 2.4710124
868 2.424772
869 2.5844526
870 2.4569194
871 2.4979088
872 2.2952974
873 2.4819443
874 2.2277942
875 2.5235112
876 2.6392245
877 2.467265
878 2.574986
879 2.5074186
880 2.4246194
881 2.602759
882 2.5634506
883 2.548634
884 2.6292012
885 2.5879576
886 2.3330693
887 2.4124093
888 2.6429262
889 2.4897277
890 2.6011565
891 2.5114713
892 2.3760555
893 2.3485672
894 2.3327608
895 2.5173736
896 2.4381938
897 2.3815942
898 2.3080297
899 2.4438252
900 2.5381966
901 2.4105456
902 2.5171525
903 2.402799
904 2.474331
905 2.5717912
906 2.5103304
907 2.578183
908 2.2922492
909 2.4541526
910 2.590792
911 2.4168332
912 2.3590026
913 2.4473197
914 2.5470057
915 2.39961
916 2.6182418
917 2.3457608
918 2.4566238
919 2.6711128
920 2.5424137
921 2.8001409
922 2.3868942
923 2.5934482
924 2.4540126
925 2.4503217
926 2.42281
927 2.5829194
928 2.514647
929 2.481649
930 2.4296615
931 2.5408063
932 2.4866474
933 2.6209226
934 2.5018518
935 2.4956973
936 2.5333672
937 2.3384008
938 2.5519621
939 2.3699956
940 2.5288575
941 2.5415983
942 2.343655
943 2.4330478
944 2.1416318
945 2.3615868
946 2.4552035
947 2.2974048
948 2.5419574
949 2.503625
950 2.362756
951 2.464867
952 2.4596612
953 2.2474697
954 2.3560805
955 2.1786811
956 2.30259
957 2.4216137
958 2.4154446
959 2.2845562
960 2.3404577
961 2.397244
962 2.3400455
963 2.3877082
964 2.4856715
965 2.6190162
966 2.3909452
967 2.4377453
968 2.6822524
969 2.5740476
970 2.4902098
971 2.5222297
972 2.5219822
973 2.5312572
974 2.3768787
975 2.528992
976 2.4714954
977 2.3911588
978 2.4182522
979 2.529286
980 2.2475743
981 2.5650938
982 2.4592168
983 2.3338017
984 2.2918248
985 2.3496833
986 2.545936
987 2.571102
988 2.5930562
989 2.3988032
990 2.453705
991 2.5887642
992 2.5868542
993 2.5678926
994 2.5369105
995 2.384175
996 2.5476167
997 2.6508079
998 2.5123618
999 2.63592
1000 2.1893315
