1 204.38972
2 203.53154
3 202.9439
4 200.91629
5 196.55637
6 189.46617
7 176.55884
8 158.85854
9 133.77881
10 110.044556
11 91.05577
12 75.636765
13 65.67658
14 59.715736
15 54.498177
16 49.36081
17 44.871906
18 41.013245
19 38.504707
20 36.278862
21 34.701164
22 33.17489
23 31.825068
24 30.672674
25 29.77975
26 29.372076
27 28.870716
28 29.07015
29 29.134525
30 29.499817
31 30.088394
32 30.929724
33 31.722687
34 32.133247
35 32.297447
36 32.292595
37 32.22823
38 32.279346
39 32.253918
40 32.263237
41 31.942484
42 31.824713
43 31.775188
44 31.49116
45 31.623194
46 32.362007
47 33.020653
48 33.704987
49 34.265846
50 34.91521
51 35.303116
52 35.371483
53 35.538597
54 35.49131
55 35.34398
56 34.79583
57 34.676304
58 33.84923
59 33.77937
60 32.783337
61 32.578255
62 33.243374
63 33.786324
64 34.44298
65 34.31884
66 35.139263
67 35.31654
68 36.97578
69 36.61485
70 36.93083
71 37.84644
72 37.636696
73 37.920597
74 37.894783
75 38.589596
76 36.08122
77 34.91691
78 33.614983
79 35.387703
80 33.2688
81 32.117733
82 31.911816
83 32.656044
84 32.710346
85 34.201393
86 33.808647
87 33.712894
88 32.784157
89 29.421392
90 31.158499
91 31.532862
92 31.453848
93 26.641687
94 28.098022
95 29.966824
96 30.168005
97 28.992273
98 28.440441
99 28.615917
100 28.461643
101 29.167484
102 30.738369
103 29.165918
104 27.205093
105 30.309229
106 30.06051
107 32.049606
108 33.83056
109 29.189734
110 29.994473
111 31.49963
112 31.111362
113 28.810955
114 30.540844
115 32.48266
116 30.464062
117 28.088863
118 32.213886
119 31.543701
120 30.73407
121 27.923046
122 28.848272
123 27.653225
124 28.928461
125 29.868353
126 28.813635
127 25.870844
128 27.707876
129 28.689434
130 30.909302
131 27.800045
132 24.520706
133 25.848293
134 24.753834
135 26.978155
136 23.9646
137 23.270481
138 28.082195
139 25.816235
140 26.114813
141 26.3075
142 27.62087
143 26.730738
144 28.471045
145 24.169481
146 25.139524
147 25.730225
148 26.224651
149 22.4912
150 23.42184
151 25.790249
152 27.705866
153 26.091003
154 28.288342
155 27.04165
156 26.912973
157 26.674875
158 25.916534
159 24.65151
160 24.338017
161 24.054777
162 21.37709
163 22.3276
164 22.989246
165 21.008322
166 22.513292
167 22.313251
168 23.217829
169 22.180866
170 25.510046
171 24.687595
172 25.800388
173 25.357592
174 25.964996
175 27.546087
176 26.82467
177 25.116283
178 24.633923
179 22.997328
180 25.708462
181 22.497837
182 20.919392
183 21.957657
184 22.590984
185 21.94761
186 22.942247
187 22.191723
188 23.29964
189 23.980274
190 24.889809
191 26.051538
192 24.626455
193 22.612104
194 21.94303
195 23.60809
196 22.438843
197 22.563946
198 23.982067
199 23.682653
200 25.262835
201 25.743998
202 25.067043
203 24.444584
204 25.072361
205 24.601992
206 25.116833
207 23.905645
208 24.57845
209 23.50362
210 22.314894
211 23.495808
212 22.99938
213 22.418243
214 23.888563
215 22.047283
216 23.379524
217 22.323444
218 24.74109
219 23.50759
220 23.282887
221 22.28975
222 22.28982
223 21.637806
224 20.266512
225 20.57375
226 22.816921
227 20.936008
228 21.961466
229 20.36709
230 20.145386
231 20.71014
232 21.839453
233 20.580137
234 21.753136
235 20.817192
236 21.401058
237 21.06788
238 21.837717
239 21.753504
240 22.837557
241 21.484598
242 22.553581
243 22.500278
244 21.353497
245 21.729115
246 21.913528
247 22.725204
248 21.654882
249 22.41196
250 22.90952
251 22.17018
252 22.639044
253 22.051138
254 21.395008
255 21.573498
256 21.56337
257 23.106945
258 21.266035
259 21.282543
260 21.687992
261 22.480835
262 22.830517
263 23.180197
264 21.921558
265 22.1055
266 21.974758
267 22.263918
268 22.03289
269 23.10326
270 22.418163
271 21.088099
272 19.972101
273 20.86406
274 22.13834
275 21.834307
276 21.1287
277 21.41814
278 19.816605
279 20.524952
280 21.449093
281 22.72005
282 21.347832
283 21.50941
284 21.627296
285 22.898403
286 20.476755
287 19.685593
288 21.168373
289 21.362782
290 20.367329
291 20.38673
292 20.275421
293 19.27657
294 19.34425
295 20.03039
296 21.802795
297 21.174137
298 23.269115
299 22.529821
300 23.563206
301 21.796661
302 21.120998
303 21.020697
304 20.922728
305 20.537064
306 21.96076
307 20.517391
308 19.724642
309 19.993992
310 19.219946
311 20.46304
312 21.343779
313 21.054672
314 20.298899
315 21.045994
316 21.113636
317 22.335634
318 21.266193
319 22.869509
320 21.290234
321 20.494913
322 20.095718
323 20.492798
324 22.032812
325 21.219671
326 20.9864
327 19.695122
328 18.953503
329 21.433313
330 21.380438
331 19.837412
332 19.328815
333 18.509594
334 19.025887
335 18.715403
336 19.600485
337 20.585241
338 19.956036
339 19.718302
340 19.266064
341 19.611496
342 20.244816
343 20.702646
344 20.698551
345 20.634045
346 21.102404
347 21.009068
348 20.459402
349 20.736515
350 19.608995
351 21.63764
352 22.807276
353 21.740765
354 22.193865
355 22.015144
356 21.269262
357 23.103344
358 21.99519
359 21.98418
360 22.031551
361 20.890682
362 20.421673
363 20.639229
364 20.161406
365 18.555151
366 19.469566
367 19.245438
368 21.401655
369 21.37991
370 22.038555
371 21.553303
372 22.814566
373 21.602346
374 22.161068
375 20.955175
376 21.498901
377 20.634838
378 20.73248
379 21.608007
380 21.18622
381 19.316849
382 20.486553
383 20.49753
384 20.238726
385 21.197113
386 19.594387
387 19.430286
388 19.926502
389 19.935852
390 21.285465
391 20.005207
392 19.926645
393 18.735703
394 20.137798
395 18.546926
396 20.210545
397 19.336393
398 18.000237
399 18.386011
400 19.566027
401 19.00346
402 19.768574
403 18.656485
404 18.477627
405 19.069336
406 18.620655
407 17.832394
408 17.974934
409 18.442524
410 18.438366
411 18.371191
412 19.326593
413 18.282467
414 18.594925
415 18.288795
416 18.674229
417 20.199032
418 21.656757
419 20.199505
420 21.357738
421 19.157726
422 20.46236
423 20.16502
424 18.492397
425 19.474432
426 18.671757
427 17.845673
428 19.958979
429 19.148746
430 18.924168
431 18.843449
432 18.667889
433 19.34573
434 20.600796
435 20.548801
436 21.01856
437 21.173283
438 21.97517
439 20.225058
440 21.120789
441 20.082907
442 20.470062
443 20.185913
444 20.229021
445 20.030716
446 18.645954
447 20.058754
448 18.636942
449 19.22081
450 18.903605
451 19.036257
452 18.763586
453 18.597254
454 19.866497
455 19.7066
456 19.304611
457 20.36756
458 19.86341
459 18.935867
460 19.601051
461 19.187046
462 18.92553
463 20.029469
464 19.911833
465 19.708965
466 19.472136
467 19.35813
468 20.302544
469 20.45179
470 18.918167
471 19.868963
472 19.14978
473 18.748901
474 19.747425
475 18.839592
476 18.027927
477 18.098124
478 17.89718
479 18.358791
480 18.76896
481 18.935041
482 19.288128
483 18.839287
484 19.755417
485 20.357555
486 21.145548
487 20.789722
488 20.209728
489 19.638844
490 20.37356
491 18.96005
492 19.306618
493 19.936665
494 19.987614
495 21.099697
496 20.669924
497 22.264004
498 20.545475
499 21.889448
500 19.994553
501 20.269033
502 22.082478
503 20.346298
504 19.615475
505 19.265354
506 19.720242
507 20.25381
508 18.854895
509 18.40925
510 18.132456
511 17.905523
512 18.724464
513 19.789865
514 19.926113
515 19.630505
516 20.507193
517 18.36984
518 17.865173
519 18.356045
520 18.823753
521 19.086765
522 19.719242
523 19.999905
524 18.941269
525 19.694798
526 18.267544
527 18.173712
528 17.561281
529 18.314579
530 19.103733
531 19.108309
532 18.247206
533 19.95317
534 19.202528
535 18.828823
536 19.38906
537 19.490452
538 19.648336
539 20.219791
540 18.835491
541 19.016111
542 19.258007
543 20.055664
544 19.123241
545 18.802969
546 18.693014
547 18.690636
548 19.143604
549 17.310467
550 16.766632
551 17.015217
552 16.202305
553 17.12508
554 17.403606
555 17.327257
556 18.84353
557 17.971323
558 19.077356
559 17.981792
560 18.802423
561 18.07505
562 18.417843
563 19.281448
564 18.224253
565 18.311626
566 17.27798
567 17.68239
568 16.839088
569 18.364685
570 16.977337
571 16.449625
572 15.697823
573 16.419338
574 16.637533
575 16.676208
576 16.35683
577 17.328302
578 17.666569
579 16.854845
580 17.907654
581 17.57756
582 18.235758
583 18.260504
584 18.003345
585 17.913292
586 16.977823
587 17.403065
588 19.08146
589 18.180878
590 17.69462
591 17.168638
592 17.568737
593 16.683401
594 17.2266
595 16.817501
596 17.779552
597 17.45143
598 18.001633
599 17.478281
600 18.221073
601 18.94844
602 17.468584
603 16.764294
604 17.877827
605 18.15739
606 17.905216
607 17.638298
608 17.490505
609 17.995398
610 17.627567
611 17.79429
612 18.309628
613 17.921688
614 17.154514
615 17.591238
616 18.927593
617 17.478548
618 18.906515
619 17.452932
620 18.515442
621 18.27114
622 18.966593
623 18.11787
624 18.314594
625 18.072515
626 19.061634
627 17.3737
628 18.061508
629 17.004856
630 15.86099
631 16.803272
632 15.580618
633 17.188608
634 18.242687
635 18.21815
636 19.05767
637 19.002075
638 17.988834
639 18.500084
640 16.916586
641 16.721918
642 16.071789
643 16.96754
644 17.659475
645 17.83746
646 17.558582
647 15.577547
648 17.221058
649 16.929468
650 16.495874
651 18.097736
652 17.701832
653 16.540766
654 17.396551
655 16.535015
656 17.904087
657 16.528128
658 17.136896
659 16.730343
660 17.318436
661 16.237469
662 15.841681
663 16.11083
664 15.677884
665 16.536152
666 16.165936
667 17.70966
668 17.581547
669 16.86998
670 18.77891
671 16.468838
672 16.296167
673 17.398375
674 17.01655
675 16.308243
676 16.240213
677 16.96323
678 15.252421
679 15.480707
680 14.9828005
681 15.772298
682 16.544476
683 16.482533
684 16.135588
685 17.060598
686 16.314943
687 17.166388
688 16.988882
689 17.45054
690 16.562336
691 16.545456
692 15.784157
693 15.277887
694 15.9145565
695 15.596571
696 16.245548
697 16.298399
698 16.553043
699 16.709202
700 16.647839
701 17.173532
702 17.328169
703 16.701977
704 17.21849
705 17.01151
706 16.814404
707 17.29228
708 18.878948
709 17.100956
710 17.757431
711 16.971022
712 17.357445
713 16.767628
714 15.217165
715 15.957375
716 16.7563
717 15.818146
718 15.375188
719 16.031553
720 15.695996
721 16.714792
722 16.848827
723 17.4974
724 16.680084
725 16.213697
726 16.848007
727 17.353138
728 16.074345
729 16.298803
730 17.58146
731 17.364388
732 17.805538
733 16.724472
734 16.904087
735 16.410984
736 15.7649975
737 15.851087
738 16.36067
739 16.549973
740 16.343082
741 16.087145
742 15.204669
743 15.601872
744 16.188034
745 16.393703
746 17.870623
747 16.827076
748 17.281227
749 16.721016
750 17.165602
751 16.688932
752 16.25767
753 16.3581
754 15.800107
755 15.401579
756 16.729641
757 16.100763
758 15.955615
759 16.338207
760 16.829645
761 15.294774
762 16.409754
763 15.581924
764 14.872747
765 15.39469
766 15.253571
767 16.566648
768 15.779749
769 16.099842
770 16.908052
771 16.797619
772 17.110977
773 16.676289
774 16.083748
775 16.251186
776 16.434704
777 17.399578
778 17.022532
779 16.440283
780 15.663874
781 16.43013
782 15.522163
783 15.31295
784 15.512138
785 15.431078
786 14.853968
787 15.151706
788 14.862221
789 15.48714
790 15.978885
791 16.075811
792 16.157951
793 17.39777
794 17.630499
795 17.557734
796 17.833508
797 17.77335
798 18.284824
799 17.789867
800 16.906603
801 17.612698
802 15.9576845
803 16.271168
804 16.176777
805 16.578169
806 16.879635
807 16.11738
808 16.238132
809 15.906378
810 16.426598
811 16.95867
812 15.4884205
813 15.428101
814 16.325977
815 16.080124
816 15.391083
817 16.928013
818 15.687975
819 16.64329
820 15.838353
821 16.01421
822 15.807821
823 14.866583
824 15.973073
825 16.803005
826 16.296917
827 16.16631
828 15.97242
829 17.465975
830 17.519165
831 15.392456
832 15.163805
833 16.390423
834 16.307287
835 15.882277
836 16.597935
837 15.359752
838 15.982483
839 15.882609
840 15.490976
841 16.658894
842 15.504801
843 15.654859
844 17.966684
845 17.48528
846 16.903446
847 16.149647
848 17.378168
849 18.187479
850 17.65794
851 16.56904
852 16.740417
853 16.537169
854 16.866001
855 16.58469
856 17.524675
857 16.50098
858 16.996798
859 16.376276
860 17.08926
861 16.11884
862 16.34357
863 16.172924
864 16.185009
865 15.886438
866 16.015793
867 16.173534
868 16.300869
869 17.394522
870 16.952003
871 17.565613
872 15.215372
873 16.567228
874 15.618887
875 16.114473
876 16.739153
877 16.417934
878 16.493359
879 16.895222
880 15.690691
881 18.374186
882 17.12714
883 16.143042
884 16.184168
885 16.101297
886 15.2927685
887 15.659632
888 17.39533
889 15.608487
890 15.648718
891 15.772226
892 14.954193
893 16.034378
894 14.564087
895 15.18751
896 14.883871
897 13.843988
898 14.7975445
899 14.4162035
900 15.248708
901 15.934799
902 16.215961
903 16.084162
904 17.32139
905 17.656681
906 17.589535
907 17.529255
908 16.043001
909 16.886486
910 16.154905
911 15.752228
912 16.191551
913 15.899935
914 16.256468
915 14.910395
916 16.894737
917 15.533096
918 15.686984
919 17.465994
920 17.780884
921 17.755356
922 17.006535
923 17.074982
924 16.66835
925 16.61442
926 16.738165
927 17.353016
928 17.307652
929 15.580271
930 16.14856
931 16.201618
932 17.036074
933 17.132132
934 17.102009
935 16.994467
936 16.785484
937 16.276821
938 17.228786
939 17.59982
940 16.666264
941 17.243362
942 15.924658
943 15.542177
944 14.59831
945 15.517514
946 15.544336
947 15.5574665
948 15.837748
949 14.414286
950 14.29101
951 14.022632
952 15.567325
953 14.512698
954 14.745296
955 14.572309
956 14.461482
957 14.574573
958 14.717209
959 15.005789
960 15.7606325
961 15.861806
962 15.89649
963 14.982343
964 15.846306
965 16.432888
966 16.137287
967 16.76074
968 17.014664
969 17.174458
970 17.683365
971 17.79837
972 16.431948
973 16.369528
974 15.732486
975 16.645569
976 15.211429
977 16.289417
978 15.536285
979 15.880847
980 15.1666
981 16.186981
982 16.55073
983 15.978607
984 16.007587
985 14.489298
986 17.443533
987 16.345407
988 17.00832
989 15.572653
990 16.640764
991 17.164463
992 17.035046
993 17.25544
994 16.802496
995 16.89306
996 16.38808
997 16.511856
998 15.929181
999 16.057665
1000 14.525108
