1 0.00625
2 0.01875
3 0.053125
4 0.05
5 0.059375
6 0.1125
7 0.090625
8 0.10625
9 0.115625
10 0.121875
11 0.1125
12 0.090625
13 0.10625
14 0.0875
15 0.096875
16 0.11875
17 0.109375
18 0.1
19 0.121875
20 0.14375
21 0.109375
22 0.115625
23 0.109375
24 0.121875
25 0.14375
26 0.11875
27 0.09375
28 0.125
29 0.0875
30 0.13125
31 0.1375
32 0.1375
33 0.109375
34 0.103125
35 0.10625
36 0.1125
37 0.115625
38 0.10625
39 0.140625
40 0.134375
41 0.14375
42 0.11875
43 0.13125
44 0.11875
45 0.11875
46 0.153125
47 0.13125
48 0.121875
49 0.128125
50 0.128125
51 0.125
52 0.096875
53 0.128125
54 0.121875
55 0.1
56 0.08125
57 0.128125
58 0.10625
59 0.140625
60 0.1125
61 0.15
62 0.140625
63 0.134375
64 0.171875
65 0.140625
66 0.1125
67 0.10625
68 0.115625
69 0.15
70 0.140625
71 0.15
72 0.134375
73 0.165625
74 0.140625
75 0.14375
76 0.140625
77 0.121875
78 0.140625
79 0.14375
80 0.165625
81 0.140625
82 0.146875
83 0.11875
84 0.140625
85 0.190625
86 0.15
87 0.13125
88 0.140625
89 0.175
90 0.165625
91 0.175
92 0.1875
93 0.14375
94 0.1625
95 0.16875
96 0.165625
97 0.1875
98 0.171875
99 0.15625
100 0.18125
101 0.175
102 0.109375
103 0.16875
104 0.1875
105 0.178125
106 0.1625
107 0.20625
108 0.196875
109 0.140625
110 0.18125
111 0.190625
112 0.178125
113 0.184375
114 0.221875
115 0.190625
116 0.215625
117 0.18125
118 0.23125
119 0.171875
120 0.171875
121 0.225
122 0.209375
123 0.19375
124 0.221875
125 0.19375
126 0.221875
127 0.153125
128 0.225
129 0.1875
130 0.159375
131 0.203125
132 0.18125
133 0.175
134 0.2
135 0.20625
136 0.225
137 0.2
138 0.2
139 0.2125
140 0.1875
141 0.2
142 0.20625
143 0.2125
144 0.159375
145 0.18125
146 0.171875
147 0.2
148 0.196875
149 0.221875
150 0.171875
151 0.209375
152 0.215625
153 0.209375
154 0.190625
155 0.1875
156 0.203125
157 0.240625
158 0.2
159 0.246875
160 0.246875
161 0.190625
162 0.225
163 0.221875
164 0.2625
165 0.25
166 0.2125
167 0.246875
168 0.2625
169 0.21875
170 0.225
171 0.21875
172 0.215625
173 0.21875
174 0.25
175 0.228125
176 0.1875
177 0.21875
178 0.1875
179 0.221875
180 0.234375
181 0.209375
182 0.196875
183 0.240625
184 0.209375
185 0.19375
186 0.203125
187 0.215625
188 0.20625
189 0.2125
190 0.21875
191 0.23125
192 0.178125
193 0.20625
194 0.228125
195 0.215625
196 0.246875
197 0.2625
198 0.240625
199 0.234375
200 0.25625
201 0.23125
202 0.215625
203 0.265625
204 0.2125
205 0.25625
206 0.2125
207 0.25
208 0.278125
209 0.215625
210 0.253125
211 0.271875
212 0.228125
213 0.234375
214 0.24375
215 0.259375
216 0.24375
217 0.234375
218 0.265625
219 0.259375
220 0.234375
221 0.2625
222 0.278125
223 0.2375
224 0.203125
225 0.275
226 0.271875
227 0.21875
228 0.253125
229 0.225
230 0.253125
231 0.25
232 0.253125
233 0.240625
234 0.24375
235 0.225
236 0.203125
237 0.265625
238 0.228125
239 0.225
240 0.246875
241 0.25625
242 0.253125
243 0.234375
244 0.30625
245 0.2375
246 0.26875
247 0.265625
248 0.290625
249 0.24375
250 0.25
251 0.225
252 0.240625
253 0.215625
254 0.278125
255 0.278125
256 0.265625
257 0.303125
258 0.259375
259 0.296875
260 0.284375
261 0.275
262 0.25625
263 0.234375
264 0.265625
265 0.26875
266 0.28125
267 0.265625
268 0.24375
269 0.246875
270 0.3
271 0.321875
272 0.225
273 0.234375
274 0.25625
275 0.334375
276 0.315625
277 0.28125
278 0.3
279 0.21875
280 0.284375
281 0.275
282 0.246875
283 0.2625
284 0.3125
285 0.265625
286 0.259375
287 0.265625
288 0.25
289 0.315625
290 0.271875
291 0.234375
292 0.290625
293 0.28125
294 0.303125
295 0.271875
296 0.259375
297 0.278125
298 0.24375
299 0.253125
300 0.290625
301 0.2625
302 0.2875
303 0.284375
304 0.290625
305 0.209375
306 0.25
307 0.3
308 0.25
309 0.265625
310 0.31875
311 0.259375
312 0.259375
313 0.2875
314 0.278125
315 0.234375
316 0.275
317 0.284375
318 0.284375
319 0.296875
320 0.26875
321 0.284375
322 0.225
323 0.2875
324 0.240625
325 0.3
326 0.253125
327 0.259375
328 0.24375
329 0.325
330 0.31875
331 0.325
332 0.325
333 0.28125
334 0.353125
335 0.34375
336 0.234375
337 0.2875
338 0.259375
339 0.31875
340 0.325
341 0.328125
342 0.25625
343 0.2625
344 0.221875
345 0.278125
346 0.309375
347 0.26875
348 0.278125
349 0.29375
350 0.353125
351 0.271875
352 0.3
353 0.2625
354 0.309375
355 0.24375
356 0.275
357 0.2375
358 0.25625
359 0.2125
360 0.21875
361 0.228125
362 0.303125
363 0.31875
364 0.215625
365 0.315625
366 0.325
367 0.30625
368 0.215625
369 0.2625
370 0.29375
371 0.26875
372 0.25
373 0.35
374 0.315625
375 0.275
376 0.246875
377 0.209375
378 0.3
379 0.303125
380 0.315625
381 0.2625
382 0.290625
383 0.26875
384 0.24375
385 0.2375
386 0.25625
387 0.2375
388 0.259375
389 0.25625
390 0.2625
391 0.265625
392 0.340625
393 0.290625
394 0.290625
395 0.24375
396 0.284375
397 0.209375
398 0.246875
399 0.253125
400 0.234375
401 0.278125
402 0.21875
403 0.246875
404 0.259375
405 0.30625
406 0.31875
407 0.29375
408 0.228125
409 0.225
410 0.3125
411 0.2375
412 0.26875
413 0.315625
414 0.290625
415 0.275
416 0.315625
417 0.278125
418 0.271875
419 0.315625
420 0.328125
421 0.315625
422 0.315625
423 0.290625
424 0.271875
425 0.2625
426 0.30625
427 0.34375
428 0.228125
429 0.271875
430 0.29375
431 0.35625
432 0.26875
433 0.34375
434 0.35625
435 0.25625
436 0.328125
437 0.240625
438 0.278125
439 0.3
440 0.284375
441 0.29375
442 0.3
443 0.3375
444 0.325
445 0.303125
446 0.31875
447 0.259375
448 0.31875
449 0.30625
450 0.25
451 0.29375
452 0.296875
453 0.30625
454 0.284375
455 0.309375
456 0.284375
457 0.296875
458 0.328125
459 0.340625
460 0.309375
461 0.2625
462 0.259375
463 0.275
464 0.30625
465 0.321875
466 0.275
467 0.290625
468 0.2875
469 0.278125
470 0.30625
471 0.296875
472 0.30625
473 0.246875
474 0.284375
475 0.2875
476 0.275
477 0.278125
478 0.303125
479 0.30625
480 0.35625
481 0.271875
482 0.321875
483 0.234375
484 0.284375
485 0.253125
486 0.30625
487 0.28125
488 0.325
489 0.309375
490 0.2875
491 0.3
492 0.296875
493 0.29375
494 0.28125
495 0.325
496 0.33125
497 0.29375
498 0.315625
499 0.3125
500 0.3
501 0.284375
502 0.31875
503 0.31875
504 0.275
505 0.315625
506 0.29375
507 0.33125
508 0.278125
509 0.321875
510 0.315625
511 0.2375
512 0.228125
513 0.328125
514 0.24375
515 0.29375
516 0.325
517 0.246875
518 0.309375
519 0.265625
520 0.30625
521 0.321875
522 0.29375
523 0.253125
524 0.296875
525 0.303125
526 0.26875
527 0.29375
528 0.35625
529 0.315625
530 0.328125
531 0.259375
532 0.35625
533 0.296875
534 0.28125
535 0.3125
536 0.309375
537 0.3
538 0.321875
539 0.3125
540 0.284375
541 0.31875
542 0.303125
543 0.309375
544 0.2875
545 0.3125
546 0.4
547 0.315625
548 0.315625
549 0.309375
550 0.353125
551 0.321875
552 0.328125
553 0.28125
554 0.29375
555 0.26875
556 0.2875
557 0.26875
558 0.31875
559 0.29375
560 0.325
561 0.334375
562 0.2875
563 0.346875
564 0.35625
565 0.29375
566 0.296875
567 0.271875
568 0.271875
569 0.321875
570 0.35
571 0.3
572 0.325
573 0.278125
574 0.371875
575 0.296875
576 0.36875
577 0.346875
578 0.309375
579 0.234375
580 0.2875
581 0.2625
582 0.296875
583 0.3375
584 0.290625
585 0.3
586 0.30625
587 0.328125
588 0.325
589 0.284375
590 0.296875
591 0.39375
592 0.315625
593 0.35625
594 0.328125
595 0.265625
596 0.3125
597 0.31875
598 0.30625
599 0.290625
600 0.290625
601 0.26875
602 0.309375
603 0.315625
604 0.359375
605 0.253125
606 0.353125
607 0.303125
608 0.353125
609 0.3125
610 0.30625
611 0.265625
612 0.29375
613 0.3125
614 0.275
615 0.246875
616 0.3125
617 0.275
618 0.340625
619 0.321875
620 0.33125
621 0.321875
622 0.4
623 0.3125
624 0.290625
625 0.378125
626 0.384375
627 0.35
628 0.3875
629 0.33125
630 0.2875
631 0.290625
632 0.315625
633 0.33125
634 0.303125
635 0.328125
636 0.340625
637 0.3
638 0.309375
639 0.296875
640 0.284375
641 0.284375
642 0.340625
643 0.2875
644 0.26875
645 0.290625
646 0.378125
647 0.334375
648 0.31875
649 0.3
650 0.275
651 0.28125
652 0.296875
653 0.271875
654 0.296875
655 0.325
656 0.3125
657 0.290625
658 0.296875
659 0.303125
660 0.334375
661 0.359375
662 0.35625
663 0.35625
664 0.321875
665 0.34375
666 0.359375
667 0.30625
668 0.3375
669 0.26875
670 0.390625
671 0.328125
672 0.3125
673 0.2625
674 0.340625
675 0.303125
676 0.284375
677 0.309375
678 0.375
679 0.346875
680 0.30625
681 0.321875
682 0.315625
683 0.275
684 0.2875
685 0.275
686 0.353125
687 0.296875
688 0.36875
689 0.353125
690 0.3125
691 0.328125
692 0.325
693 0.278125
694 0.321875
695 0.3
696 0.346875
697 0.278125
698 0.3375
699 0.278125
700 0.34375
701 0.403125
702 0.3
703 0.28125
704 0.30625
705 0.309375
706 0.2875
707 0.315625
708 0.31875
709 0.28125
710 0.303125
711 0.403125
712 0.340625
713 0.34375
714 0.340625
715 0.3125
716 0.346875
717 0.309375
718 0.325
719 0.340625
720 0.328125
721 0.340625
722 0.34375
723 0.353125
724 0.31875
725 0.34375
726 0.3625
727 0.3375
728 0.33125
729 0.328125
730 0.28125
731 0.3125
732 0.3125
733 0.4
734 0.340625
735 0.303125
736 0.359375
737 0.2875
738 0.31875
739 0.34375
740 0.278125
741 0.296875
742 0.365625
743 0.375
744 0.38125
745 0.375
746 0.315625
747 0.290625
748 0.309375
749 0.30625
750 0.340625
751 0.315625
752 0.3625
753 0.309375
754 0.34375
755 0.346875
756 0.340625
757 0.33125
758 0.315625
759 0.321875
760 0.28125
761 0.3625
762 0.315625
763 0.309375
764 0.371875
765 0.315625
766 0.325
767 0.35
768 0.38125
769 0.321875
770 0.328125
771 0.34375
772 0.365625
773 0.3375
774 0.321875
775 0.34375
776 0.371875
777 0.31875
778 0.35
779 0.30625
780 0.4
781 0.325
782 0.36875
783 0.3625
784 0.334375
785 0.303125
786 0.35
787 0.296875
788 0.3
789 0.309375
790 0.2625
791 0.365625
792 0.33125
793 0.303125
794 0.321875
795 0.353125
796 0.33125
797 0.328125
798 0.346875
799 0.353125
800 0.315625
801 0.365625
802 0.325
803 0.309375
804 0.378125
805 0.3
806 0.315625
807 0.334375
808 0.35
809 0.265625
810 0.3375
811 0.284375
812 0.415625
813 0.33125
814 0.35
815 0.2875
816 0.309375
817 0.353125
818 0.359375
819 0.35625
820 0.30625
821 0.29375
822 0.371875
823 0.365625
824 0.3125
825 0.30625
826 0.384375
827 0.371875
828 0.38125
829 0.290625
830 0.35
831 0.340625
832 0.303125
833 0.31875
834 0.35625
835 0.3
836 0.353125
837 0.34375
838 0.365625
839 0.31875
840 0.321875
841 0.328125
842 0.3
843 0.40625
844 0.35625
845 0.36875
846 0.31875
847 0.321875
848 0.36875
849 0.365625
850 0.2875
851 0.3
852 0.31875
853 0.340625
854 0.315625
855 0.334375
856 0.315625
857 0.3625
858 0.259375
859 0.325
860 0.340625
861 0.33125
862 0.2875
863 0.309375
864 0.25625
865 0.353125
866 0.3
867 0.278125
868 0.28125
869 0.284375
870 0.33125
871 0.334375
872 0.34375
873 0.325
874 0.33125
875 0.36875
876 0.296875
877 0.3125
878 0.303125
879 0.36875
880 0.29375
881 0.265625
882 0.334375
883 0.34375
884 0.40625
885 0.303125
886 0.328125
887 0.2875
888 0.340625
889 0.309375
890 0.328125
891 0.3
892 0.36875
893 0.28125
894 0.3625
895 0.340625
896 0.296875
897 0.28125
898 0.328125
899 0.309375
900 0.321875
901 0.3375
902 0.3125
903 0.3375
904 0.353125
905 0.29375
906 0.3
907 0.296875
908 0.353125
909 0.35625
910 0.290625
911 0.30625
912 0.38125
913 0.315625
914 0.290625
915 0.353125
916 0.340625
917 0.35
918 0.3375
919 0.35625
920 0.34375
921 0.321875
922 0.2875
923 0.2875
924 0.378125
925 0.35
926 0.334375
927 0.375
928 0.29375
929 0.303125
930 0.396875
931 0.38125
932 0.346875
933 0.390625
934 0.284375
935 0.34375
936 0.325
937 0.2375
938 0.296875
939 0.296875
940 0.340625
941 0.2625
942 0.23125
943 0.409375
944 0.334375
945 0.346875
946 0.340625
947 0.30625
948 0.3125
949 0.334375
950 0.29375
951 0.29375
952 0.359375
953 0.28125
954 0.35
955 0.359375
956 0.3375
957 0.2875
958 0.325
959 0.271875
960 0.334375
961 0.328125
962 0.284375
963 0.31875
964 0.28125
965 0.290625
966 0.35
967 0.35
968 0.3
969 0.3375
970 0.33125
971 0.3125
972 0.3125
973 0.33125
974 0.378125
975 0.35
976 0.3625
977 0.334375
978 0.309375
979 0.278125
980 0.33125
981 0.328125
982 0.36875
983 0.309375
984 0.328125
985 0.309375
986 0.30625
987 0.39375
988 0.325
989 0.325
990 0.39375
991 0.33125
992 0.303125
993 0.321875
994 0.309375
995 0.325
996 0.315625
997 0.29375
998 0.30625
999 0.353125
1000 0.35625
