1 7.714363
2 7.653754
3 7.525624
4 7.4350147
5 7.303953
6 7.031348
7 6.853876
8 6.5579143
9 6.417944
10 6.165097
11 5.929754
12 5.888614
13 5.7747507
14 5.624495
15 5.6088834
16 5.6253505
17 5.524575
18 5.5337977
19 5.490544
20 5.167998
21 5.6514015
22 5.477484
23 5.259524
24 5.2391825
25 5.1111646
26 5.4295316
27 5.4464836
28 5.1960263
29 5.1405787
30 5.218346
31 5.197627
32 5.043492
33 5.4049106
34 5.1027985
35 5.265654
36 5.1613955
37 5.141854
38 5.0186896
39 5.202501
40 5.2575445
41 5.0373344
42 5.0308614
43 4.9841957
44 5.236808
45 5.008535
46 5.173382
47 4.9970446
48 5.255321
49 5.2785425
50 5.108439
51 5.110463
52 5.284805
53 5.230571
54 5.2366624
55 5.056966
56 5.3682504
57 5.1174793
58 5.0822496
59 5.452443
60 5.1235147
61 5.0585303
62 5.0860987
63 5.0073514
64 4.8696256
65 5.101161
66 5.1031384
67 5.2411356
68 5.3032165
69 5.2575173
70 5.2149134
71 5.102504
72 4.8543453
73 4.986498
74 5.1996517
75 5.167592
76 5.088853
77 5.0902605
78 5.2127886
79 4.906597
80 5.1422133
81 5.1413198
82 5.041229
83 5.334248
84 5.0951476
85 4.9478354
86 5.024292
87 5.0950174
88 4.8509297
89 4.875352
90 4.7733803
91 4.845962
92 4.6833544
93 4.8394156
94 4.9178076
95 4.6879764
96 4.684033
97 4.83716
98 4.6463017
99 4.7101727
100 4.7872176
101 4.6783843
102 4.92954
103 4.838571
104 4.7444186
105 4.735638
106 4.7011976
107 4.641459
108 4.6312466
109 4.899183
110 4.5962734
111 4.77657
112 4.5476375
113 4.644001
114 4.52239
115 4.766629
116 4.5042596
117 4.782593
118 4.5765324
119 4.795946
120 4.734717
121 4.4571857
122 4.5901403
123 4.7150407
124 4.5667424
125 4.6557183
126 4.636904
127 4.793211
128 4.6073303
129 4.8040037
130 5.072001
131 4.729166
132 4.8547206
133 4.6554565
134 4.5918365
135 4.8085127
136 4.5088215
137 4.349582
138 4.4750223
139 4.6169424
140 4.5849233
141 4.5872197
142 4.569915
143 4.4789352
144 4.7306457
145 4.6891117
146 4.643411
147 4.5664773
148 4.6321063
149 4.4963937
150 4.526355
151 4.6117125
152 4.4175816
153 4.5756845
154 4.629266
155 4.6659822
156 4.783504
157 4.5266037
158 4.613827
159 4.4221945
160 4.3665214
161 4.5521197
162 4.3263016
163 4.310223
164 4.152618
165 4.3842573
166 4.298443
167 4.2089653
168 4.2488375
169 4.269494
170 4.380034
171 4.3581653
172 4.3977003
173 4.4193974
174 4.3260036
175 4.379681
176 4.591364
177 4.403086
178 4.415828
179 4.175613
180 4.4350038
181 4.340998
182 4.5023427
183 4.387803
184 4.3112044
185 4.3929005
186 4.4889693
187 4.5137897
188 4.6140795
189 4.493966
190 4.3694158
191 4.4897966
192 4.6487317
193 4.3479857
194 4.2676873
195 4.2441554
196 4.223711
197 4.386897
198 4.1537056
199 4.3119597
200 4.017796
201 4.304683
202 4.3217278
203 4.163396
204 4.373998
205 4.0654416
206 4.260042
207 4.0567155
208 4.0735707
209 4.2919292
210 4.1402383
211 4.2174554
212 4.0668287
213 4.2431607
214 4.098664
215 4.150939
216 4.1016836
217 4.1817074
218 3.9977531
219 4.234256
220 4.3166494
221 4.2664967
222 4.2181764
223 4.391451
224 4.4303894
225 4.306453
226 4.18396
227 4.3109326
228 4.1497283
229 4.413006
230 4.2100973
231 4.113787
232 4.195703
233 4.424816
234 4.242876
235 4.2758985
236 4.4036508
237 4.154502
238 4.3519607
239 4.232911
240 4.0537844
241 4.210711
242 4.1228986
243 4.1015387
244 3.9638124
245 4.1091776
246 4.1014166
247 4.217906
248 4.136459
249 4.3914757
250 4.12713
251 4.308264
252 4.063449
253 4.2700453
254 4.1418076
255 4.072606
256 4.1623087
257 3.997801
258 4.093508
259 3.9697874
260 3.777048
261 3.9769282
262 4.0020466
263 4.190301
264 3.9532669
265 4.014827
266 4.1006765
267 4.166506
268 4.206111
269 4.153804
270 3.9030285
271 3.887198
272 4.0610905
273 4.0788136
274 4.089606
275 3.9194856
276 3.974341
277 3.9518263
278 3.7945201
279 4.1547413
280 3.9889874
281 4.201114
282 4.122633
283 4.163996
284 3.9621046
285 4.027623
286 3.8541164
287 3.933771
288 4.075077
289 3.6974938
290 3.9877431
291 4.1366925
292 4.0196853
293 4.0982885
294 3.8940804
295 4.253349
296 4.1219296
297 3.9987893
298 4.1048646
299 4.1563253
300 3.9400392
301 4.1315055
302 3.9635637
303 3.9064229
304 3.9276438
305 4.127213
306 4.0244737
307 3.7245595
308 4.154978
309 3.950284
310 3.9073858
311 4.007887
312 4.0882006
313 4.0340953
314 4.065607
315 4.1021967
316 3.8231502
317 3.8011258
318 3.7982867
319 3.9392946
320 3.952334
321 4.084666
322 4.23191
323 3.812776
324 4.156802
325 3.8505077
326 3.9864163
327 4.1580377
328 4.2321916
329 3.8275843
330 3.742715
331 3.829229
332 3.8855414
333 3.7579675
334 3.631244
335 3.6160228
336 3.9851644
337 3.8036282
338 3.8983393
339 3.7474954
340 3.6725976
341 3.7667243
342 4.1151414
343 3.9803984
344 4.0023427
345 3.93359
346 3.6786077
347 3.9348922
348 3.8411534
349 3.7894278
350 3.513298
351 3.9145393
352 3.9502454
353 3.8505182
354 3.8185093
355 3.906496
356 3.9835055
357 4.0697236
358 3.8532264
359 3.998401
360 4.1307197
361 4.150784
362 3.752253
363 3.8615546
364 4.374593
365 3.9483879
366 3.7182841
367 3.9380097
368 4.2305374
369 4.1924324
370 4.005024
371 3.95529
372 3.9249818
373 3.4594152
374 3.836891
375 3.8912797
376 4.1707506
377 4.1496215
378 3.834623
379 3.8332057
380 3.6844661
381 3.8577247
382 3.9339764
383 3.9990897
384 4.0826077
385 4.1888137
386 4.195452
387 4.2023735
388 3.8640373
389 3.9232373
390 3.8445137
391 3.8572605
392 3.6675055
393 3.8786771
394 3.9023447
395 4.010697
396 3.6967456
397 4.33037
398 4.0631294
399 3.9606757
400 4.138481
401 3.9476707
402 4.137541
403 3.9047196
404 3.8773158
405 3.6622117
406 3.8328927
407 3.7473874
408 3.9831839
409 4.086936
410 3.8303983
411 4.064625
412 3.8679373
413 3.7320483
414 3.7688055
415 4.015313
416 3.8962011
417 3.8617535
418 3.9144204
419 3.6954813
420 3.807347
421 4.0738254
422 3.7989924
423 4.029064
424 3.663543
425 3.89046
426 3.8796732
427 3.7184153
428 4.0326366
429 3.9694827
430 3.8559031
431 3.577407
432 3.8215222
433 3.4686582
434 3.5106974
435 3.9887228
436 3.612262
437 3.7922902
438 3.988339
439 3.8695855
440 3.8056743
441 3.770291
442 3.7763045
443 3.6331615
444 3.626769
445 3.7829585
446 3.5940208
447 3.920498
448 3.7460372
449 3.960329
450 4.0475616
451 3.798655
452 3.8071146
453 3.9177911
454 3.7562902
455 3.9415097
456 4.031544
457 3.8380435
458 3.9824822
459 3.6471756
460 3.72937
461 4.12084
462 3.8567164
463 3.975707
464 3.8282866
465 3.914452
466 4.0910416
467 3.808267
468 3.9538226
469 3.863133
470 3.9911861
471 3.8872292
472 3.8113234
473 4.084368
474 3.7909286
475 3.8059926
476 3.9353683
477 3.8489823
478 3.7107933
479 3.810677
480 3.4531605
481 3.9138534
482 3.7309604
483 3.8919694
484 3.7718647
485 3.883712
486 3.783727
487 3.8161485
488 3.6624315
489 3.784417
490 3.7785947
491 3.7780936
492 3.8739986
493 3.8286254
494 3.7749293
495 3.8178341
496 3.7419407
497 3.6135023
498 3.6831994
499 3.6198199
500 3.7936196
501 3.8069096
502 3.6253676
503 3.6700513
504 3.7077434
505 3.6316853
506 3.7096334
507 3.541106
508 3.7281244
509 3.5921352
510 3.52261
511 3.9972434
512 3.842807
513 3.7470827
514 3.9425535
515 3.675892
516 3.4751136
517 3.8253157
518 3.751601
519 4.1047444
520 3.7499719
521 3.6855984
522 3.7272725
523 4.0881796
524 3.7271495
525 3.8890016
526 4.199283
527 3.6790977
528 3.4215584
529 3.5402548
530 3.5524771
531 3.9834716
532 3.7705786
533 3.6433609
534 3.772026
535 3.5213616
536 3.8672655
537 3.9085324
538 3.7371988
539 3.6309175
540 3.8489878
541 3.75205
542 3.8863304
543 3.784831
544 3.7832866
545 3.7032893
546 3.4402287
547 3.7118251
548 3.7731607
549 3.5925002
550 3.5938616
551 3.4995885
552 3.5566006
553 3.6523612
554 3.893846
555 3.9424455
556 3.7453573
557 3.9539502
558 3.7101479
559 3.805438
560 3.8451042
561 3.6637166
562 3.797038
563 3.5740862
564 3.7429929
565 3.8181014
566 3.6513257
567 3.9973247
568 3.9893634
569 3.666943
570 3.6794925
571 3.6844623
572 3.6525352
573 3.7985783
574 3.5445414
575 3.9275358
576 3.3341389
577 3.6090105
578 3.8651938
579 4.000111
580 3.8088582
581 3.8354814
582 3.720758
583 3.7402794
584 3.7837193
585 3.7594383
586 3.6161914
587 3.6517627
588 3.4972816
589 3.783856
590 3.7642183
591 3.4719636
592 3.5858624
593 3.5659177
594 3.5526476
595 3.8800125
596 3.7839715
597 3.7267084
598 3.7257857
599 3.7305574
600 3.7883763
601 3.7889948
602 3.7943528
603 3.7026355
604 3.5882008
605 4.000898
606 3.5663671
607 3.7491965
608 3.4458718
609 3.6778157
610 3.8220267
611 3.7518651
612 3.856511
613 3.6104937
614 3.892076
615 4.1716533
616 3.7376397
617 3.7734306
618 3.4019709
619 3.7462273
620 3.5691233
621 3.5998628
622 3.4331152
623 3.6686466
624 3.7424862
625 3.552638
626 3.386595
627 3.5416803
628 3.584865
629 3.5668824
630 3.8141005
631 3.9872956
632 3.606384
633 3.6739311
634 3.7519827
635 3.7574308
636 3.8279953
637 4.098226
638 3.7488623
639 3.7737644
640 3.899465
641 3.9492478
642 3.6276376
643 3.6904294
644 3.695321
645 3.7260413
646 3.4712462
647 3.704979
648 3.7533114
649 3.812193
650 3.9872553
651 3.8799472
652 3.895441
653 3.8232203
654 3.8136516
655 3.5223126
656 3.7114725
657 3.9082277
658 3.7183347
659 3.8414161
660 3.52096
661 3.5532844
662 3.5569005
663 3.5512958
664 3.6988714
665 3.5888376
666 3.643837
667 3.6272883
668 3.5260296
669 3.782197
670 3.4598844
671 3.620467
672 3.783877
673 3.7527955
674 3.6067612
675 3.7052443
676 3.811717
677 3.6768594
678 3.5897546
679 3.4750834
680 3.887706
681 3.8090422
682 3.681307
683 3.9038737
684 3.6917224
685 3.7777257
686 3.7479944
687 3.7164373
688 3.615446
689 3.5799365
690 3.7188177
691 3.6637244
692 3.461539
693 3.8242013
694 3.6887295
695 3.8321745
696 3.5081825
697 3.882693
698 3.7396955
699 3.7785926
700 3.4102695
701 3.3331997
702 3.8499987
703 3.8253787
704 3.64989
705 3.705781
706 3.9318945
707 3.8057933
708 3.6430485
709 3.8462467
710 3.7502189
711 3.3893027
712 3.706136
713 3.534174
714 3.4791718
715 3.6604311
716 3.5507674
717 3.5866451
718 3.7464852
719 3.6168993
720 3.6362896
721 3.6631343
722 3.6203825
723 3.4253914
724 3.6458771
725 3.566373
726 3.5784369
727 3.6563525
728 3.5611203
729 3.6734982
730 3.8716166
731 3.6491172
732 3.6697564
733 3.3642797
734 3.4303746
735 3.589704
736 3.5049303
737 3.5511026
738 3.6598327
739 3.5605369
740 3.9260776
741 3.7653131
742 3.5355818
743 3.4314516
744 3.3155186
745 3.4279194
746 3.6745489
747 3.8505776
748 3.6239526
749 3.6175838
750 3.5799668
751 3.8282697
752 3.6112816
753 3.8302255
754 3.6409698
755 3.5316186
756 3.5215683
757 3.6295424
758 3.710122
759 3.8392887
760 4.0755396
761 3.5550318
762 3.88207
763 3.6530724
764 3.4102798
765 3.6321573
766 3.8167608
767 3.4603066
768 3.5763516
769 3.6359477
770 3.6611247
771 3.557622
772 3.5293558
773 3.8529978
774 3.6297665
775 3.464786
776 3.4583476
777 3.5819278
778 3.3448124
779 3.5184808
780 3.3912315
781 3.563088
782 3.4395916
783 3.568427
784 3.6357317
785 3.660271
786 3.4490123
787 3.828593
788 3.6691706
789 4.0160103
790 3.9734294
791 3.4608521
792 3.7496834
793 3.584507
794 3.5194516
795 3.6396286
796 3.5888052
797 3.440451
798 3.4441404
799 3.5282183
800 3.739048
801 3.481507
802 3.7401788
803 3.6300943
804 3.2265375
805 3.8049266
806 3.921827
807 3.5658462
808 3.6511738
809 3.823411
810 3.5417573
811 3.918965
812 3.2845397
813 3.5485582
814 3.486923
815 4.0325737
816 3.7137637
817 3.5876486
818 3.4668324
819 3.5586743
820 3.9193542
821 3.6044695
822 3.3733826
823 3.6593223
824 3.6548204
825 3.735448
826 3.6156204
827 3.6790178
828 3.5971086
829 3.8376634
830 3.561296
831 3.5885267
832 3.584721
833 3.700962
834 3.4366932
835 3.6648223
836 3.646103
837 3.663904
838 3.5352035
839 3.630497
840 3.8350403
841 3.6977081
842 3.8932393
843 3.4042704
844 3.4337337
845 3.4375217
846 3.6784062
847 3.7052994
848 3.6073518
849 3.5230184
850 3.8291047
851 3.8774183
852 3.8723416
853 3.5985105
854 3.7165377
855 3.546947
856 3.6975358
857 3.488403
858 3.9178386
859 3.7239413
860 3.6349654
861 3.635308
862 3.7827213
863 3.757068
864 3.9157622
865 3.6702068
866 3.8457494
867 3.9610858
868 3.811448
869 3.9138563
870 3.6882842
871 3.773386
872 3.5900862
873 3.5685492
874 3.7013745
875 3.4276578
876 3.8144457
877 3.7524214
878 3.6412723
879 3.557966
880 3.8805423
881 3.93914
882 3.6758068
883 3.6626894
884 3.3351312
885 3.7934852
886 3.6063447
887 3.710369
888 3.6994445
889 3.654761
890 3.6518898
891 4.0129294
892 3.575824
893 3.959964
894 3.5845354
895 3.5905952
896 3.7977877
897 3.8916764
898 3.6168082
899 3.8356197
900 3.655505
901 3.8309073
902 3.6254294
903 3.6294403
904 3.653215
905 3.7032995
906 3.693336
907 3.776244
908 3.5754843
909 3.5860062
910 3.7735405
911 3.8919182
912 3.4541717
913 3.6468687
914 3.7249155
915 3.5229506
916 3.4341774
917 3.4025316
918 3.5152628
919 3.4438872
920 3.6515527
921 3.5656698
922 3.9408286
923 3.8356857
924 3.270229
925 3.6078498
926 3.7546802
927 3.4573095
928 3.781959
929 3.814943
930 3.363841
931 3.404719
932 3.775252
933 3.50536
934 3.6952598
935 3.665048
936 3.6474452
937 4.049745
938 3.8179426
939 3.7618823
940 3.4296677
941 4.218746
942 3.9776123
943 3.2629926
944 3.542505
945 3.5348265
946 3.590011
947 3.9668713
948 3.9589407
949 3.5935493
950 3.8939545
951 3.7843013
952 3.5559962
953 3.7408948
954 3.6555524
955 3.534431
956 3.5391395
957 3.841974
958 3.601531
959 3.8783221
960 3.7211833
961 3.518529
962 3.782663
963 3.5436137
964 3.6260262
965 3.697319
966 3.559672
967 3.509884
968 3.649826
969 3.6529348
970 3.9510062
971 3.58284
972 3.7132766
973 3.5546842
974 3.1878147
975 3.5132685
976 3.582516
977 3.6037462
978 3.7288775
979 3.6037152
980 3.635381
981 3.5386798
982 3.3340564
983 3.5462048
984 3.5936544
985 3.7368083
986 3.6823132
987 3.2912323
988 3.5704916
989 3.4234955
990 3.5295787
991 3.5708194
992 3.6251576
993 3.7144659
994 3.6489322
995 3.7458854
996 3.6385596
997 3.7736478
998 3.6475027
999 3.595762
1000 3.7649584
