1 5.347189
2 5.305178
3 5.216365
4 5.1535597
5 5.0627146
6 4.8737593
7 4.750745
8 4.5456
9 4.44858
10 4.2733197
11 4.1101923
12 4.0816765
13 4.0027523
14 3.898603
15 3.8877819
16 3.899196
17 3.8293438
18 3.8357365
19 3.805755
20 3.5821831
21 3.917253
22 3.7967029
23 3.6456242
24 3.6315246
25 3.5427895
26 3.7634645
27 3.7752147
28 3.601611
29 3.5631776
30 3.6170819
31 3.6027207
32 3.495882
33 3.7463984
34 3.5369904
35 3.6498733
36 3.577607
37 3.5640616
38 3.4786906
39 3.606099
40 3.644252
41 3.491614
42 3.4871273
43 3.4547813
44 3.6298785
45 3.4716518
46 3.585915
47 3.4636874
48 3.642711
49 3.658807
50 3.5409
51 3.542303
52 3.6631474
53 3.6255555
54 3.629778
55 3.5052216
56 3.7209878
57 3.5471663
58 3.522747
59 3.7793458
60 3.5513496
61 3.5063062
62 3.525415
63 3.4708316
64 3.3753674
65 3.5358555
66 3.5372262
67 3.6328785
68 3.6759095
69 3.6442332
70 3.6147027
71 3.5367863
72 3.364776
73 3.456377
74 3.604124
75 3.581902
76 3.5273242
77 3.5282998
78 3.6132298
79 3.400994
80 3.5643108
81 3.5636914
82 3.4943135
83 3.697419
84 3.5316873
85 3.4295783
86 3.4825737
87 3.5315971
88 3.3624082
89 3.3793366
90 3.3086553
91 3.358965
92 3.246254
93 3.3544273
94 3.4087644
95 3.2494576
96 3.2467244
97 3.352864
98 3.220571
99 3.264843
100 3.3182464
101 3.2428088
102 3.4168968
103 3.3538418
104 3.2885804
105 3.2824943
106 3.258622
107 3.217214
108 3.2101357
109 3.395855
110 3.185894
111 3.3108659
112 3.152182
113 3.2189763
114 3.134682
115 3.3039756
116 3.122115
117 3.3150406
118 3.1722107
119 3.3242965
120 3.2818558
121 3.089486
122 3.1816428
123 3.268217
124 3.1654248
125 3.227098
126 3.2140567
127 3.3224006
128 3.1935582
129 3.3298817
130 3.5156434
131 3.2780082
132 3.365036
133 3.2269166
134 3.1828184
135 3.333007
136 3.125277
137 3.0149007
138 3.101849
139 3.2002206
140 3.1780267
141 3.1796184
142 3.1676235
143 3.1045613
144 3.2790337
145 3.2502446
146 3.2185674
147 3.165241
148 3.2107315
149 3.1166625
150 3.1374302
151 3.1965957
152 3.0620341
153 3.1716228
154 3.2087624
155 3.2342124
156 3.3156724
157 3.1376026
158 3.1980612
159 3.0652316
160 3.026642
161 3.155289
162 2.9987638
163 2.987619
164 2.8783755
165 3.0389357
166 2.9794536
167 2.9174323
168 2.9450698
169 2.9593878
170 3.0360084
171 3.02085
172 3.0482538
173 3.063293
174 2.9985573
175 3.0357637
176 3.1824908
177 3.051987
178 3.060819
179 2.8943143
180 3.0741105
181 3.0089507
182 3.1207862
183 3.0413935
184 2.9882991
185 3.0449266
186 3.1115165
187 3.1287205
188 3.1982362
189 3.11498
190 3.0286481
191 3.1120899
192 3.2222552
193 3.013794
194 2.9581356
195 2.9418244
196 2.9276533
197 3.0407655
198 2.8791294
199 2.988823
200 2.784924
201 2.9837792
202 2.9955935
203 2.8858461
204 3.0318246
205 2.8179495
206 2.9528363
207 2.811901
208 2.823584
209 2.9749386
210 2.8697946
211 2.9233174
212 2.8189108
213 2.941135
214 2.8409772
215 2.8772118
216 2.8430705
217 2.8985388
218 2.7710314
219 2.9349625
220 2.9920735
221 2.9573102
222 2.9238172
223 3.0439217
224 3.0709121
225 2.9850059
226 2.9001002
227 2.9881108
228 2.8763726
229 3.0588627
230 2.9182172
231 2.85146
232 2.9082398
233 3.0670488
234 2.9409375
235 2.9638271
236 3.0523782
237 2.8796813
238 3.0165493
239 2.9340305
240 2.8098693
241 2.9186425
242 2.8577757
243 2.84297
244 2.7475054
245 2.848265
246 2.8428853
247 2.9236298
248 2.8671749
249 3.043939
250 2.8607087
251 2.986261
252 2.8165681
253 2.9597697
254 2.8708823
255 2.8229156
256 2.8850927
257 2.7710645
258 2.8374035
259 2.751647
260 2.6180503
261 2.7565966
262 2.7740073
263 2.9044952
264 2.7401958
265 2.782866
266 2.8423724
267 2.8880017
268 2.9154541
269 2.8791976
270 2.7053733
271 2.6944003
272 2.8149333
273 2.827218
274 2.834699
275 2.7167804
276 2.7548032
277 2.7391973
278 2.630161
279 2.8798473
280 2.7649555
281 2.9119904
282 2.8575916
283 2.8862622
284 2.7463217
285 2.7917356
286 2.67147
287 2.7266822
288 2.8246284
289 2.5629075
290 2.764093
291 2.8673368
292 2.7862334
293 2.840717
294 2.6991708
295 2.9481966
296 2.857104
297 2.7717495
298 2.8452754
299 2.8809452
300 2.7310271
301 2.8637414
302 2.747333
303 2.707726
304 2.7224352
305 2.8607662
306 2.7895527
307 2.581668
308 2.8800113
309 2.7381282
310 2.7083936
311 2.7780557
312 2.8337247
313 2.7962217
314 2.8180642
315 2.843426
316 2.6500058
317 2.6347396
318 2.6327717
319 2.730511
320 2.7395492
321 2.8312747
322 2.9333367
323 2.642815
324 2.881276
325 2.6689687
326 2.7631733
327 2.882132
328 2.9335318
329 2.6530793
330 2.5942523
331 2.6542194
332 2.693252
333 2.6048245
334 2.5169866
335 2.506436
336 2.7623055
337 2.6364741
338 2.702123
339 2.597566
340 2.5456507
341 2.6108944
342 2.8523986
343 2.759002
344 2.7742126
345 2.7265568
346 2.5498166
347 2.7274594
348 2.6624846
349 2.6266313
350 2.4352326
351 2.713352
352 2.7381015
353 2.6689758
354 2.646789
355 2.7077768
356 2.7611556
357 2.8209174
358 2.6708531
359 2.7714803
360 2.8631968
361 2.8771043
362 2.6008637
363 2.6766257
364 3.0322366
365 2.736814
366 2.5773182
367 2.7296205
368 2.932385
369 2.9059727
370 2.776071
371 2.7415981
372 2.72059
373 2.397884
374 2.6595302
375 2.6972296
376 2.890944
377 2.8762984
378 2.6579583
379 2.6569757
380 2.5538774
381 2.673971
382 2.7268248
383 2.7719579
384 2.829848
385 2.9034646
386 2.908066
387 2.9128635
388 2.6783466
389 2.7193809
390 2.6648138
391 2.6736493
392 2.5421212
393 2.6884942
394 2.7048993
395 2.7800033
396 2.562389
397 3.0015838
398 2.8163466
399 2.7453313
400 2.8685765
401 2.736317
402 2.867925
403 2.7065454
404 2.6875505
405 2.5384517
406 2.6567588
407 2.597491
408 2.7609327
409 2.832848
410 2.6550298
411 2.8173833
412 2.6810498
413 2.5868587
414 2.6123369
415 2.7832031
416 2.700641
417 2.6767635
418 2.7132695
419 2.5615125
420 2.639052
421 2.8237605
422 2.633261
423 2.7927346
424 2.5393746
425 2.6966615
426 2.6891847
427 2.577409
428 2.7952108
429 2.7514358
430 2.6727085
431 2.4796696
432 2.6488774
433 2.4042907
434 2.43343
435 2.764772
436 2.5038292
437 2.6286154
438 2.7645059
439 2.6821923
440 2.6378925
441 2.6133666
442 2.6175349
443 2.5183158
444 2.5138848
445 2.622147
446 2.4911854
447 2.717482
448 2.5965552
449 2.745091
450 2.8055558
451 2.633027
452 2.6388907
453 2.715606
454 2.603662
455 2.7320464
456 2.7944534
457 2.660329
458 2.7604463
459 2.5280294
460 2.5850024
461 2.8563488
462 2.6732721
463 2.7557502
464 2.6535661
465 2.7132914
466 2.8356938
467 2.6396897
468 2.740581
469 2.6777198
470 2.7664795
471 2.694422
472 2.641808
473 2.8310685
474 2.6276715
475 2.638113
476 2.7277894
477 2.6679113
478 2.572126
479 2.64136
480 2.3935485
481 2.7128766
482 2.5861046
483 2.6977077
484 2.6144574
485 2.6919842
486 2.6226797
487 2.6451526
488 2.538604
489 2.623158
490 2.6191223
491 2.618775
492 2.6852512
493 2.653801
494 2.6165817
495 2.646321
496 2.5937157
497 2.504689
498 2.5529993
499 2.509068
500 2.6295369
501 2.6387486
502 2.5129135
503 2.5438857
504 2.5700119
505 2.5172925
506 2.571322
507 2.4545076
508 2.5841389
509 2.4898784
510 2.441687
511 2.770678
512 2.663631
513 2.5972798
514 2.73277
515 2.5479343
516 2.4087653
517 2.651507
518 2.6004117
519 2.8451922
520 2.5992825
521 2.5546622
522 2.5835485
523 2.8337102
524 2.5834632
525 2.6956506
526 2.9107213
527 2.550156
528 2.3716435
529 2.4539177
530 2.4623895
531 2.7611322
532 2.613566
533 2.5253854
534 2.6145692
535 2.440822
536 2.6805842
537 2.7091882
538 2.5904288
539 2.5167603
540 2.667915
541 2.6007228
542 2.693799
543 2.623445
544 2.6223745
545 2.5669246
546 2.384585
547 2.5728412
548 2.6153557
549 2.4901314
550 2.491075
551 2.42573
552 2.4652476
553 2.5316238
554 2.6990085
555 2.732695
556 2.5960839
557 2.7406695
558 2.5716786
559 2.6377287
560 2.6652231
561 2.5394948
562 2.6319063
563 2.4773679
564 2.594445
565 2.6465063
566 2.5309062
567 2.7707343
568 2.765216
569 2.5417314
570 2.5504298
571 2.5538747
572 2.5317445
573 2.632974
574 2.456889
575 2.7223604
576 2.311049
577 2.5015755
578 2.6791482
579 2.7726657
580 2.6400993
581 2.6585531
582 2.579033
583 2.592564
584 2.6226745
585 2.605844
586 2.506553
587 2.531209
588 2.424131
589 2.622769
590 2.6091573
591 2.4065819
592 2.4855304
593 2.471706
594 2.4625077
595 2.6894197
596 2.6228492
597 2.5831575
598 2.5825179
599 2.5858254
600 2.6259024
601 2.626331
602 2.630045
603 2.5664713
604 2.4871514
605 2.773211
606 2.4720173
607 2.598745
608 2.3884964
609 2.5492675
610 2.6492271
611 2.6005948
612 2.6731298
613 2.5026035
614 2.6977816
615 2.8915699
616 2.5907345
617 2.615543
618 2.3580666
619 2.5966868
620 2.4739277
621 2.4952347
622 2.3796542
623 2.542912
624 2.5940938
625 2.462501
626 2.3474088
627 2.4549057
628 2.4848392
629 2.4723744
630 2.643733
631 2.7637827
632 2.499755
633 2.546575
634 2.6006763
635 2.6044526
636 2.6533642
637 2.840674
638 2.5985134
639 2.6157742
640 2.7029033
641 2.73741
642 2.5144868
643 2.5580108
644 2.5614014
645 2.582695
646 2.4060845
647 2.5680957
648 2.6015973
649 2.6424108
650 2.7637548
651 2.6893744
652 2.700114
653 2.6500545
654 2.643422
655 2.441481
656 2.5725968
657 2.708977
658 2.5773532
659 2.6626668
660 2.4405437
661 2.462949
662 2.4654555
663 2.4615707
664 2.5638623
665 2.4875927
666 2.5257154
667 2.5142448
668 2.4440575
669 2.6216192
670 2.398209
671 2.5095165
672 2.6227837
673 2.6012397
674 2.5000165
675 2.5682797
676 2.642081
677 2.5486047
678 2.4882283
679 2.4087443
680 2.6947525
681 2.6402268
682 2.5516877
683 2.705959
684 2.558907
685 2.61852
686 2.5979118
687 2.5760381
688 2.5060363
689 2.481423
690 2.577688
691 2.5395002
692 2.3993561
693 2.6507344
694 2.5568326
695 2.656261
696 2.4316869
697 2.6912777
698 2.5921595
699 2.6191208
700 2.3638186
701 2.310398
702 2.6686158
703 2.6515505
704 2.529911
705 2.5686517
706 2.7253816
707 2.637975
708 2.525169
709 2.6660151
710 2.5994537
711 2.3492856
712 2.5688977
713 2.4497027
714 2.4115782
715 2.5372176
716 2.4612045
717 2.486073
718 2.5968657
719 2.5070436
720 2.520484
721 2.5390913
722 2.509458
723 2.3743005
724 2.5271294
725 2.4720216
726 2.4803834
727 2.5343904
728 2.4683805
729 2.546275
730 2.6836002
731 2.5293753
732 2.5436814
733 2.3319411
734 2.3777544
735 2.4881933
736 2.4294326
737 2.4614367
738 2.5368028
739 2.467976
740 2.7213497
741 2.6099162
742 2.4506786
743 2.378501
744 2.2981424
745 2.3760526
746 2.5470033
747 2.669017
748 2.5119326
749 2.507518
750 2.481444
751 2.6535544
752 2.5031497
753 2.65491
754 2.523728
755 2.4479315
756 2.4409652
757 2.5158072
758 2.5716608
759 2.6611922
760 2.8249488
761 2.4641602
762 2.690846
763 2.532117
764 2.3638258
765 2.5176196
766 2.645577
767 2.3985019
768 2.478938
769 2.520247
770 2.5376983
771 2.4659557
772 2.446363
773 2.6706946
774 2.5159624
775 2.4016068
776 2.3971438
777 2.482803
778 2.3184474
779 2.4388251
780 2.3506227
781 2.4697444
782 2.3841434
783 2.4734452
784 2.5200973
785 2.5371065
786 2.3906732
787 2.6537786
788 2.5432754
789 2.7836862
790 2.7541714
791 2.39888
792 2.5990825
793 2.484591
794 2.439498
795 2.5227983
796 2.4875703
797 2.384739
798 2.3872962
799 2.4455745
800 2.5917106
801 2.4131968
802 2.5924945
803 2.5161896
804 2.2364655
805 2.6373742
806 2.7184033
807 2.4716563
808 2.5308008
809 2.6501865
810 2.4549592
811 2.7164197
812 2.2766695
813 2.4596732
814 2.416951
815 2.7951672
816 2.574185
817 2.4867685
818 2.4030252
819 2.466685
820 2.7166893
821 2.4984279
822 2.3382506
823 2.536449
824 2.5333285
825 2.5892153
826 2.5061572
827 2.5501008
828 2.4933257
829 2.6600657
830 2.4685023
831 2.4873772
832 2.4847393
833 2.5653114
834 2.3821342
835 2.5402613
836 2.527286
837 2.5396247
838 2.4504163
839 2.5164688
840 2.6582475
841 2.563056
842 2.698588
843 2.3596604
844 2.3800828
845 2.3827085
846 2.549677
847 2.568318
848 2.5004258
849 2.4419703
850 2.654133
851 2.6876216
852 2.6841028
853 2.4942975
854 2.5761077
855 2.4585564
856 2.5629365
857 2.4179769
858 2.7156389
859 2.5812395
860 2.519566
861 2.5198035
862 2.6219826
863 2.604201
864 2.7141995
865 2.5439935
866 2.6656704
867 2.7456155
868 2.6418946
869 2.7128785
870 2.5565238
871 2.615512
872 2.4884582
873 2.4735298
874 2.5655973
875 2.3758714
876 2.6439724
877 2.6009803
878 2.5239377
879 2.4661942
880 2.689787
881 2.730404
882 2.5478752
883 2.5387828
884 2.3117368
885 2.6294436
886 2.4997277
887 2.571832
888 2.5642595
889 2.5332873
890 2.5312972
891 2.781551
892 2.4785724
893 2.744838
894 2.4846106
895 2.488811
896 2.6324258
897 2.6975045
898 2.5069804
899 2.658649
900 2.533803
901 2.6553826
902 2.5129561
903 2.5157363
904 2.5322156
905 2.5669317
906 2.5600255
907 2.617493
908 2.4783368
909 2.48563
910 2.615619
911 2.6976721
912 2.3942494
913 2.5278168
914 2.5819147
915 2.4419234
916 2.3803904
917 2.3584552
918 2.4365945
919 2.3871207
920 2.5310636
921 2.471534
922 2.7315743
923 2.6586947
924 2.26675
925 2.500771
926 2.602546
927 2.3964243
928 2.6214542
929 2.6443172
930 2.331637
931 2.3599715
932 2.6168053
933 2.4297304
934 2.561359
935 2.5404177
936 2.5282164
937 2.8070693
938 2.6463962
939 2.6075382
940 2.3772645
941 2.924212
942 2.7570708
943 2.2617342
944 2.4554775
945 2.450155
946 2.488406
947 2.7496257
948 2.7441287
949 2.4908586
950 2.6990836
951 2.6230779
952 2.4648287
953 2.5929906
954 2.533836
955 2.4498808
956 2.4531446
957 2.6630535
958 2.496391
959 2.6882482
960 2.5793278
961 2.4388585
962 2.6219423
963 2.456246
964 2.5133698
965 2.5627863
966 2.4673767
967 2.4328663
968 2.5298667
969 2.5320215
970 2.7386289
971 2.4834354
972 2.5738473
973 2.4639194
974 2.2096248
975 2.4352121
976 2.4832108
977 2.4979265
978 2.584661
979 2.497905
980 2.519854
981 2.452826
982 2.3109918
983 2.458042
984 2.4909315
985 2.5901582
986 2.552385
987 2.2813084
988 2.4748762
989 2.3729863
990 2.4465175
991 2.4751034
992 2.5127678
993 2.5746715
994 2.529247
995 2.5964499
996 2.5220573
997 2.6156933
998 2.5282562
999 2.4923923
1000 2.6096704
