1 204.28688
2 203.55862
3 202.95074
4 201.81174
5 198.54216
6 192.81612
7 183.18973
8 170.0401
9 151.39906
10 130.32983
11 105.56631
12 82.6073
13 64.12435
14 50.189827
15 42.94289
16 38.75933
17 36.775036
18 35.631935
19 35.476215
20 35.485954
21 35.223057
22 35.825615
23 36.444313
24 36.69452
25 37.260925
26 37.393364
27 38.173477
28 39.030098
29 39.58361
30 40.018578
31 40.00442
32 39.48069
33 39.040348
34 38.23656
35 37.743645
36 36.832497
37 36.29823
38 35.78775
39 35.397224
40 35.230976
41 34.80976
42 34.609432
43 34.451912
44 34.197105
45 33.938072
46 33.805065
47 33.606556
48 33.768955
49 33.74578
50 33.759274
51 34.168617
52 34.313652
53 35.031395
54 35.66739
55 36.44056
56 37.497276
57 38.21627
58 39.04581
59 39.987343
60 40.23573
61 40.418453
62 40.570885
63 39.909897
64 39.588715
65 38.8767
66 36.98243
67 36.45375
68 36.53443
69 36.445564
70 36.191044
71 37.02165
72 36.75467
73 37.86043
74 38.92417
75 39.72307
76 39.61833
77 40.081993
78 40.202793
79 40.41512
80 39.275463
81 39.398705
82 39.039036
83 40.210564
84 39.13378
85 39.731964
86 39.850677
87 38.029846
88 38.577335
89 37.46337
90 35.82673
91 33.965973
92 32.62771
93 32.34742
94 31.740692
95 31.410675
96 30.005924
97 32.85892
98 31.349615
99 32.296867
100 34.94698
101 33.959267
102 33.185875
103 32.675076
104 35.25414
105 33.39176
106 31.08171
107 32.429115
108 32.239254
109 32.395874
110 31.164661
111 28.881802
112 29.758987
113 31.803217
114 30.1498
115 30.684158
116 28.198658
117 31.004486
118 32.501793
119 30.498693
120 33.104774
121 33.13058
122 33.1923
123 32.61312
124 31.509424
125 29.401117
126 30.13981
127 27.976978
128 27.864664
129 31.012135
130 34.158726
131 36.662712
132 36.53529
133 35.072243
134 35.133354
135 38.147408
136 33.66014
137 31.24062
138 28.566608
139 30.2282
140 27.573257
141 26.732864
142 27.39275
143 28.036001
144 27.99198
145 28.272058
146 26.537994
147 30.27947
148 31.658752
149 32.262993
150 31.424551
151 33.18676
152 32.870464
153 33.32561
154 32.975628
155 31.622696
156 34.2265
157 31.99231
158 30.46901
159 27.071533
160 24.139944
161 26.400766
162 26.042383
163 23.553135
164 25.963177
165 28.24295
166 27.747166
167 26.492573
168 26.947952
169 26.165012
170 24.025173
171 26.887012
172 25.051693
173 28.301533
174 25.912449
175 27.004694
176 28.926428
177 26.431341
178 27.306559
179 26.764404
180 26.703144
181 26.798084
182 26.302536
183 27.538837
184 26.457714
185 26.284973
186 27.101818
187 27.646032
188 28.896616
189 28.558187
190 26.639215
191 27.387964
192 28.683624
193 25.945484
194 26.621637
195 26.367813
196 28.317038
197 27.441376
198 27.187504
199 25.597582
200 25.222677
201 25.36073
202 25.177608
203 24.809898
204 26.069187
205 25.11404
206 23.12294
207 23.4006
208 23.950031
209 23.854692
210 24.097866
211 24.26029
212 24.054752
213 25.4646
214 22.972158
215 23.960392
216 23.09224
217 23.006876
218 23.079662
219 22.05956
220 23.325699
221 23.266392
222 25.345943
223 25.25162
224 25.96844
225 26.305853
226 25.226568
227 25.131975
228 25.295368
229 25.62637
230 25.614742
231 23.62379
232 24.170416
233 24.585075
234 23.141438
235 22.844168
236 23.510742
237 23.994154
238 23.192692
239 24.089603
240 23.69013
241 24.981813
242 23.213291
243 24.126163
244 23.48994
245 23.871265
246 23.363865
247 22.465174
248 22.65921
249 23.005966
250 22.156185
251 24.239464
252 24.958487
253 23.84055
254 24.259874
255 23.163584
256 23.962372
257 24.623974
258 25.882126
259 23.067673
260 21.068668
261 22.873438
262 20.985172
263 22.003113
264 20.132551
265 20.904465
266 20.724634
267 22.149801
268 22.102886
269 23.192657
270 21.585165
271 22.66846
272 21.29096
273 22.91454
274 22.531824
275 22.378918
276 22.462236
277 22.02448
278 22.067623
279 21.281387
280 22.308762
281 22.159746
282 21.657375
283 22.064144
284 22.104647
285 21.600521
286 21.653305
287 20.786922
288 20.476965
289 19.428055
290 20.106894
291 19.143969
292 19.65245
293 19.551682
294 20.289108
295 21.99495
296 22.11623
297 21.709305
298 21.681442
299 21.65128
300 20.672451
301 22.760517
302 23.615854
303 22.356369
304 22.141195
305 23.210915
306 21.861523
307 20.337414
308 20.94498
309 21.031979
310 21.335337
311 19.631754
312 21.191671
313 20.617683
314 21.488663
315 22.739788
316 21.539515
317 21.051245
318 22.027386
319 22.775183
320 21.839945
321 21.119009
322 23.418077
323 21.057117
324 21.547117
325 21.027288
326 21.011864
327 21.655283
328 20.434546
329 20.841473
330 18.76659
331 20.860245
332 19.904219
333 19.15235
334 19.672688
335 19.077145
336 19.909851
337 20.023815
338 19.8776
339 19.070719
340 18.365597
341 20.011827
342 20.023676
343 19.722809
344 20.258707
345 20.161724
346 19.825853
347 20.249184
348 20.04598
349 20.333618
350 18.947506
351 20.149832
352 19.580158
353 19.839224
354 19.101519
355 19.100935
356 19.122952
357 20.034473
358 18.858658
359 18.515917
360 19.479515
361 18.569273
362 18.336273
363 19.609987
364 20.324596
365 20.297531
366 18.97987
367 19.879827
368 21.289082
369 20.917278
370 20.474451
371 19.379309
372 19.889889
373 19.02512
374 20.041676
375 19.896046
376 19.671062
377 19.017859
378 19.607992
379 18.677114
380 18.388828
381 18.69568
382 19.296335
383 19.197834
384 20.463541
385 20.16147
386 20.800817
387 20.925854
388 20.894293
389 20.451899
390 20.615309
391 20.90886
392 20.602777
393 21.78057
394 20.651867
395 19.98248
396 19.277744
397 20.854313
398 19.39405
399 19.737469
400 20.887619
401 19.27935
402 20.372759
403 20.169773
404 19.608486
405 18.912857
406 19.363327
407 19.014433
408 19.69211
409 19.318752
410 18.399845
411 20.242004
412 18.667286
413 18.995594
414 18.942572
415 20.23711
416 18.921295
417 18.41579
418 18.666098
419 18.542698
420 18.356411
421 19.199923
422 18.23768
423 18.065083
424 16.866001
425 18.147873
426 18.68822
427 19.304998
428 19.198565
429 19.104515
430 18.621517
431 17.734482
432 19.151974
433 17.939892
434 18.897
435 19.002657
436 18.271147
437 18.728195
438 19.533268
439 18.586447
440 18.185175
441 18.586496
442 18.300598
443 17.78124
444 18.005392
445 18.014748
446 17.283184
447 18.152065
448 17.740917
449 17.927383
450 18.590368
451 18.958006
452 17.710857
453 19.434952
454 18.894331
455 19.842798
456 18.44625
457 20.383633
458 20.546507
459 19.24452
460 20.164494
461 20.65517
462 19.499361
463 19.832157
464 18.745127
465 18.333675
466 19.013052
467 17.573437
468 17.994137
469 19.24834
470 18.080578
471 19.538122
472 19.334194
473 19.754488
474 19.211044
475 18.413029
476 18.608625
477 19.854343
478 19.170748
479 19.968756
480 19.010592
481 19.977303
482 18.061825
483 19.044855
484 20.504166
485 18.648357
486 18.547108
487 18.742172
488 18.32932
489 18.835484
490 17.927555
491 18.28136
492 17.437138
493 18.468296
494 17.202612
495 18.248735
496 17.487198
497 17.743505
498 17.66908
499 18.013172
500 16.57075
501 17.522356
502 17.554934
503 18.68104
504 18.625175
505 17.381813
506 16.90158
507 17.512749
508 18.49755
509 17.690805
510 18.101152
511 18.595367
512 18.74368
513 18.908293
514 18.508045
515 16.92122
516 17.168549
517 17.815144
518 17.785843
519 17.953007
520 18.615679
521 18.889006
522 18.07152
523 18.790854
524 17.467651
525 18.678127
526 19.268913
527 18.673435
528 17.934713
529 18.327427
530 18.118944
531 19.87449
532 18.838268
533 17.688847
534 18.537144
535 18.184742
536 19.065031
537 17.672504
538 18.313412
539 17.923151
540 17.846014
541 18.225683
542 19.02347
543 18.915924
544 18.342525
545 19.447441
546 18.58922
547 18.880224
548 19.08617
549 18.748135
550 18.331589
551 16.89684
552 18.807812
553 17.779846
554 17.96484
555 20.48796
556 17.974041
557 18.53304
558 19.437983
559 17.918343
560 17.646082
561 18.053925
562 18.737629
563 17.357454
564 16.894611
565 17.221842
566 15.919348
567 16.596004
568 17.772701
569 16.310656
570 17.005688
571 17.809553
572 17.715101
573 17.573467
574 18.20417
575 18.503235
576 17.4691
577 18.092838
578 17.402279
579 18.707602
580 17.804815
581 18.341177
582 18.040775
583 17.92565
584 17.232754
585 16.799746
586 16.012852
587 16.46349
588 16.483994
589 18.000826
590 17.256643
591 16.108883
592 17.449482
593 16.706625
594 17.33689
595 18.160585
596 17.569044
597 17.94241
598 18.043703
599 17.776411
600 17.248531
601 17.188715
602 17.939371
603 18.506023
604 17.33523
605 18.828373
606 17.071537
607 17.868977
608 17.503483
609 17.219389
610 17.920834
611 18.08844
612 18.339527
613 16.412859
614 18.350965
615 18.97161
616 19.27985
617 18.431473
618 16.941708
619 17.985401
620 16.853329
621 16.50308
622 16.637217
623 17.767555
624 17.162043
625 17.15375
626 16.220617
627 17.064571
628 17.090939
629 17.423143
630 17.47002
631 19.027245
632 17.864635
633 16.408875
634 16.553013
635 17.658321
636 17.075891
637 17.699522
638 18.153357
639 18.678867
640 17.795738
641 18.181494
642 17.806574
643 18.93396
644 16.597282
645 17.37759
646 16.718195
647 18.07057
648 18.467525
649 18.002462
650 18.101343
651 18.687405
652 19.634003
653 18.254154
654 18.475126
655 17.87667
656 18.045841
657 16.689823
658 18.040487
659 17.576237
660 18.147442
661 16.577652
662 17.248455
663 16.733685
664 16.519188
665 17.601513
666 17.84354
667 17.42316
668 16.80687
669 16.757263
670 16.996283
671 17.151142
672 18.377987
673 18.812658
674 18.487047
675 19.005322
676 19.380772
677 18.503641
678 17.968838
679 18.248505
680 18.742573
681 17.593252
682 18.520819
683 18.96108
684 18.90369
685 18.387728
686 18.351711
687 18.844807
688 18.375597
689 17.657211
690 17.877249
691 18.049683
692 16.04535
693 17.146368
694 16.328144
695 16.652317
696 17.115154
697 18.11747
698 15.72568
699 17.418493
700 16.366331
701 16.377115
702 19.332172
703 19.539915
704 18.06589
705 18.193066
706 19.34283
707 17.338438
708 16.969873
709 17.289822
710 17.357527
711 17.008713
712 16.690277
713 17.498125
714 17.55644
715 16.699879
716 17.040432
717 17.563416
718 16.643719
719 15.536001
720 17.426882
721 17.345245
722 17.043352
723 16.873661
724 17.078802
725 16.236185
726 15.600131
727 17.363293
728 16.119541
729 16.84727
730 17.078846
731 16.599573
732 16.405197
733 17.079433
734 15.458115
735 15.818609
736 15.18555
737 15.67127
738 15.400233
739 17.04426
740 17.099072
741 18.02159
742 16.643969
743 17.465458
744 16.840034
745 16.202456
746 16.879253
747 16.956799
748 16.510708
749 17.303585
750 17.002422
751 15.800021
752 16.539137
753 16.959631
754 17.584518
755 15.760724
756 17.119858
757 16.369236
758 17.220549
759 17.198048
760 16.758307
761 17.44012
762 16.598896
763 16.90062
764 16.068377
765 16.177649
766 17.148706
767 16.830755
768 17.393848
769 16.520657
770 16.937681
771 17.80014
772 16.571226
773 17.420795
774 17.206875
775 16.90328
776 17.472544
777 17.929018
778 16.516901
779 16.25532
780 17.253942
781 17.606468
782 16.540485
783 16.055882
784 16.54559
785 17.205078
786 16.574844
787 17.082117
788 17.189816
789 17.905188
790 17.720615
791 16.318863
792 17.37379
793 16.835453
794 16.449036
795 17.362087
796 16.34711
797 16.335272
798 15.493856
799 15.293936
800 15.864832
801 15.246706
802 16.237967
803 15.063141
804 14.197836
805 16.104868
806 16.388887
807 16.990925
808 18.4448
809 18.004612
810 17.489994
811 17.832806
812 16.866451
813 17.402882
814 16.971378
815 17.920666
816 17.869083
817 17.282473
818 15.891086
819 17.475317
820 17.485783
821 17.055624
822 17.139742
823 18.144135
824 16.947693
825 17.728748
826 16.949362
827 17.91803
828 17.238571
829 18.658712
830 17.82456
831 18.083218
832 18.589565
833 17.2265
834 15.771807
835 18.011806
836 17.700966
837 17.511013
838 18.03286
839 17.295923
840 17.708292
841 17.16101
842 17.746332
843 16.056448
844 16.03107
845 16.765179
846 17.647808
847 17.216621
848 16.32271
849 16.660471
850 18.051886
851 17.533398
852 17.617699
853 17.335447
854 17.110798
855 17.335186
856 17.275589
857 16.546001
858 18.855011
859 18.244814
860 16.402294
861 18.235275
862 18.460283
863 18.078072
864 18.023573
865 17.759
866 16.990906
867 18.094656
868 18.04193
869 18.039675
870 18.267786
871 18.409649
872 17.88846
873 16.770222
874 15.914507
875 16.962425
876 17.021303
877 17.635714
878 16.609726
879 16.859457
880 17.542288
881 19.041126
882 17.988491
883 16.939796
884 16.569715
885 17.848698
886 17.314045
887 19.071402
888 18.388056
889 18.05161
890 18.678978
891 19.235682
892 16.943354
893 18.28097
894 17.821697
895 16.498579
896 17.532955
897 18.950243
898 18.482576
899 18.669527
900 17.425356
901 19.323618
902 17.732883
903 18.390198
904 17.923801
905 17.567982
906 17.934687
907 17.42875
908 16.491741
909 18.686308
910 18.635193
911 18.723429
912 17.379385
913 17.367226
914 17.171917
915 15.950659
916 17.093021
917 15.533396
918 15.524526
919 16.854221
920 16.298939
921 17.528193
922 17.412144
923 18.933317
924 16.057905
925 16.637804
926 16.905367
927 16.303616
928 17.80888
929 17.141125
930 16.774418
931 17.373798
932 18.140648
933 16.881645
934 19.091808
935 18.21162
936 19.020609
937 19.237038
938 18.607885
939 18.084133
940 16.83858
941 19.722355
942 18.990751
943 16.229563
944 17.258892
945 16.510824
946 17.327053
947 18.957394
948 19.320547
949 18.427006
950 17.004208
951 18.818348
952 17.323874
953 18.720768
954 19.44389
955 19.59018
956 17.957226
957 19.467218
958 18.444767
959 21.006693
960 18.487242
961 18.052988
962 17.79342
963 16.240597
964 18.009068
965 17.147333
966 16.620632
967 17.782133
968 16.285522
969 17.451405
970 17.360111
971 16.100697
972 15.850195
973 16.301603
974 15.432283
975 16.113146
976 16.331938
977 16.190334
978 16.910685
979 17.232258
980 16.959661
981 17.708136
982 17.205624
983 17.891792
984 18.674433
985 17.451447
986 16.492188
987 16.476116
988 18.165787
989 15.777286
990 17.784445
991 17.290667
992 16.928476
993 16.373081
994 16.395412
995 16.322826
996 17.278585
997 16.845001
998 16.645435
999 17.383877
1000 17.703205
