1 0.0
2 0.00625
3 0.009375
4 0.01875
5 0.028125
6 0.053125
7 0.075
8 0.06875
9 0.0625
10 0.065625
11 0.065625
12 0.040625
13 0.0625
14 0.040625
15 0.05
16 0.090625
17 0.0875
18 0.121875
19 0.121875
20 0.103125
21 0.09375
22 0.128125
23 0.115625
24 0.0875
25 0.1375
26 0.15
27 0.115625
28 0.128125
29 0.1
30 0.1
31 0.128125
32 0.1125
33 0.140625
34 0.1
35 0.13125
36 0.15
37 0.10625
38 0.09375
39 0.134375
40 0.1125
41 0.103125
42 0.109375
43 0.121875
44 0.1375
45 0.128125
46 0.109375
47 0.1
48 0.125
49 0.128125
50 0.10625
51 0.128125
52 0.146875
53 0.15
54 0.103125
55 0.153125
56 0.10625
57 0.125
58 0.13125
59 0.140625
60 0.09375
61 0.109375
62 0.125
63 0.09375
64 0.125
65 0.125
66 0.1
67 0.140625
68 0.140625
69 0.14375
70 0.1375
71 0.165625
72 0.1375
73 0.15625
74 0.14375
75 0.14375
76 0.14375
77 0.14375
78 0.13125
79 0.1625
80 0.153125
81 0.159375
82 0.16875
83 0.14375
84 0.146875
85 0.1625
86 0.184375
87 0.146875
88 0.14375
89 0.146875
90 0.146875
91 0.14375
92 0.153125
93 0.153125
94 0.16875
95 0.159375
96 0.18125
97 0.19375
98 0.15
99 0.146875
100 0.1625
101 0.16875
102 0.19375
103 0.19375
104 0.15625
105 0.20625
106 0.190625
107 0.190625
108 0.209375
109 0.19375
110 0.225
111 0.196875
112 0.190625
113 0.178125
114 0.1875
115 0.171875
116 0.175
117 0.1875
118 0.203125
119 0.209375
120 0.15625
121 0.2
122 0.15625
123 0.190625
124 0.171875
125 0.190625
126 0.2125
127 0.178125
128 0.2125
129 0.203125
130 0.196875
131 0.159375
132 0.240625
133 0.234375
134 0.146875
135 0.246875
136 0.175
137 0.1625
138 0.178125
139 0.19375
140 0.215625
141 0.228125
142 0.20625
143 0.203125
144 0.209375
145 0.20625
146 0.196875
147 0.234375
148 0.184375
149 0.24375
150 0.24375
151 0.2625
152 0.234375
153 0.24375
154 0.221875
155 0.203125
156 0.246875
157 0.228125
158 0.196875
159 0.240625
160 0.246875
161 0.24375
162 0.25625
163 0.253125
164 0.209375
165 0.240625
166 0.259375
167 0.2625
168 0.24375
169 0.215625
170 0.225
171 0.23125
172 0.1875
173 0.20625
174 0.259375
175 0.203125
176 0.234375
177 0.20625
178 0.2625
179 0.221875
180 0.2375
181 0.23125
182 0.225
183 0.23125
184 0.25
185 0.23125
186 0.2375
187 0.221875
188 0.221875
189 0.253125
190 0.209375
191 0.253125
192 0.2375
193 0.221875
194 0.26875
195 0.259375
196 0.1875
197 0.225
198 0.203125
199 0.228125
200 0.221875
201 0.246875
202 0.228125
203 0.21875
204 0.271875
205 0.25625
206 0.234375
207 0.21875
208 0.246875
209 0.265625
210 0.225
211 0.19375
212 0.228125
213 0.221875
214 0.175
215 0.271875
216 0.28125
217 0.28125
218 0.259375
219 0.246875
220 0.234375
221 0.2125
222 0.253125
223 0.21875
224 0.246875
225 0.24375
226 0.2625
227 0.25
228 0.2625
229 0.25625
230 0.23125
231 0.2875
232 0.30625
233 0.21875
234 0.253125
235 0.265625
236 0.21875
237 0.2875
238 0.228125
239 0.259375
240 0.24375
241 0.278125
242 0.234375
243 0.246875
244 0.3
245 0.2375
246 0.20625
247 0.265625
248 0.25625
249 0.2625
250 0.23125
251 0.29375
252 0.259375
253 0.225
254 0.29375
255 0.25
256 0.24375
257 0.246875
258 0.246875
259 0.278125
260 0.28125
261 0.26875
262 0.234375
263 0.265625
264 0.290625
265 0.253125
266 0.2375
267 0.2375
268 0.23125
269 0.25625
270 0.253125
271 0.29375
272 0.225
273 0.29375
274 0.2875
275 0.234375
276 0.240625
277 0.225
278 0.2125
279 0.253125
280 0.253125
281 0.225
282 0.2625
283 0.23125
284 0.275
285 0.29375
286 0.265625
287 0.29375
288 0.24375
289 0.2375
290 0.240625
291 0.240625
292 0.253125
293 0.25
294 0.296875
295 0.26875
296 0.265625
297 0.259375
298 0.20625
299 0.26875
300 0.178125
301 0.25
302 0.28125
303 0.2375
304 0.25
305 0.278125
306 0.228125
307 0.234375
308 0.24375
309 0.234375
310 0.2
311 0.296875
312 0.246875
313 0.24375
314 0.24375
315 0.25625
316 0.28125
317 0.253125
318 0.334375
319 0.246875
320 0.19375
321 0.278125
322 0.271875
323 0.290625
324 0.265625
325 0.259375
326 0.303125
327 0.309375
328 0.2375
329 0.240625
330 0.2375
331 0.271875
332 0.259375
333 0.246875
334 0.28125
335 0.246875
336 0.278125
337 0.275
338 0.2375
339 0.33125
340 0.246875
341 0.309375
342 0.284375
343 0.246875
344 0.325
345 0.28125
346 0.259375
347 0.290625
348 0.265625
349 0.26875
350 0.3125
351 0.25625
352 0.253125
353 0.26875
354 0.284375
355 0.246875
356 0.26875
357 0.29375
358 0.2375
359 0.29375
360 0.246875
361 0.275
362 0.2875
363 0.29375
364 0.28125
365 0.24375
366 0.275
367 0.2625
368 0.253125
369 0.23125
370 0.24375
371 0.29375
372 0.2375
373 0.275
374 0.303125
375 0.228125
376 0.303125
377 0.265625
378 0.196875
379 0.2625
380 0.25625
381 0.2625
382 0.221875
383 0.265625
384 0.3
385 0.278125
386 0.2625
387 0.275
388 0.23125
389 0.284375
390 0.28125
391 0.259375
392 0.278125
393 0.290625
394 0.30625
395 0.25
396 0.275
397 0.265625
398 0.28125
399 0.2625
400 0.284375
401 0.328125
402 0.325
403 0.271875
404 0.3125
405 0.29375
406 0.303125
407 0.290625
408 0.303125
409 0.353125
410 0.278125
411 0.3125
412 0.2875
413 0.2625
414 0.290625
415 0.2625
416 0.25
417 0.25625
418 0.26875
419 0.275
420 0.321875
421 0.271875
422 0.25
423 0.3375
424 0.29375
425 0.259375
426 0.284375
427 0.246875
428 0.275
429 0.271875
430 0.275
431 0.3125
432 0.234375
433 0.240625
434 0.26875
435 0.296875
436 0.259375
437 0.26875
438 0.290625
439 0.33125
440 0.30625
441 0.296875
442 0.271875
443 0.265625
444 0.253125
445 0.25
446 0.315625
447 0.3
448 0.315625
449 0.24375
450 0.334375
451 0.3125
452 0.328125
453 0.3
454 0.309375
455 0.265625
456 0.29375
457 0.309375
458 0.275
459 0.30625
460 0.275
461 0.265625
462 0.265625
463 0.221875
464 0.2375
465 0.253125
466 0.303125
467 0.29375
468 0.29375
469 0.25
470 0.275
471 0.359375
472 0.28125
473 0.3
474 0.28125
475 0.253125
476 0.259375
477 0.315625
478 0.30625
479 0.29375
480 0.3125
481 0.3625
482 0.31875
483 0.3
484 0.271875
485 0.3
486 0.3875
487 0.309375
488 0.278125
489 0.28125
490 0.303125
491 0.23125
492 0.33125
493 0.30625
494 0.328125
495 0.3
496 0.359375
497 0.31875
498 0.321875
499 0.29375
500 0.325
501 0.271875
502 0.340625
503 0.259375
504 0.275
505 0.328125
506 0.3125
507 0.259375
508 0.290625
509 0.303125
510 0.309375
511 0.3
512 0.30625
513 0.303125
514 0.26875
515 0.265625
516 0.3375
517 0.296875
518 0.259375
519 0.309375
520 0.378125
521 0.278125
522 0.271875
523 0.296875
524 0.26875
525 0.25
526 0.3125
527 0.3625
528 0.253125
529 0.29375
530 0.3375
531 0.35
532 0.315625
533 0.25
534 0.2875
535 0.3125
536 0.2875
537 0.28125
538 0.296875
539 0.30625
540 0.265625
541 0.2875
542 0.34375
543 0.309375
544 0.259375
545 0.290625
546 0.303125
547 0.2625
548 0.275
549 0.29375
550 0.271875
551 0.28125
552 0.275
553 0.29375
554 0.303125
555 0.31875
556 0.303125
557 0.33125
558 0.321875
559 0.321875
560 0.353125
561 0.325
562 0.28125
563 0.3
564 0.28125
565 0.315625
566 0.290625
567 0.309375
568 0.290625
569 0.321875
570 0.309375
571 0.309375
572 0.246875
573 0.275
574 0.29375
575 0.315625
576 0.30625
577 0.2875
578 0.278125
579 0.3125
580 0.29375
581 0.334375
582 0.28125
583 0.325
584 0.31875
585 0.265625
586 0.284375
587 0.2875
588 0.2875
589 0.3
590 0.325
591 0.35
592 0.340625
593 0.346875
594 0.31875
595 0.353125
596 0.33125
597 0.375
598 0.31875
599 0.3
600 0.29375
601 0.309375
602 0.3125
603 0.33125
604 0.28125
605 0.31875
606 0.3
607 0.325
608 0.3
609 0.315625
610 0.346875
611 0.328125
612 0.35
613 0.309375
614 0.296875
615 0.265625
616 0.346875
617 0.31875
618 0.290625
619 0.3125
620 0.2375
621 0.309375
622 0.275
623 0.346875
624 0.325
625 0.29375
626 0.271875
627 0.296875
628 0.3125
629 0.3125
630 0.2375
631 0.38125
632 0.3125
633 0.29375
634 0.31875
635 0.303125
636 0.353125
637 0.34375
638 0.353125
639 0.340625
640 0.309375
641 0.28125
642 0.2875
643 0.28125
644 0.340625
645 0.30625
646 0.375
647 0.3
648 0.303125
649 0.309375
650 0.265625
651 0.26875
652 0.2625
653 0.328125
654 0.2875
655 0.278125
656 0.325
657 0.30625
658 0.296875
659 0.3
660 0.2875
661 0.34375
662 0.303125
663 0.303125
664 0.3125
665 0.365625
666 0.3
667 0.309375
668 0.33125
669 0.2625
670 0.296875
671 0.30625
672 0.29375
673 0.290625
674 0.309375
675 0.340625
676 0.296875
677 0.29375
678 0.246875
679 0.33125
680 0.353125
681 0.34375
682 0.334375
683 0.328125
684 0.353125
685 0.29375
686 0.275
687 0.346875
688 0.30625
689 0.328125
690 0.303125
691 0.284375
692 0.33125
693 0.2875
694 0.353125
695 0.315625
696 0.271875
697 0.33125
698 0.296875
699 0.3375
700 0.28125
701 0.31875
702 0.296875
703 0.31875
704 0.29375
705 0.275
706 0.3
707 0.321875
708 0.38125
709 0.29375
710 0.35625
711 0.31875
712 0.328125
713 0.3625
714 0.325
715 0.328125
716 0.309375
717 0.275
718 0.309375
719 0.353125
720 0.321875
721 0.3375
722 0.365625
723 0.365625
724 0.334375
725 0.290625
726 0.2875
727 0.3375
728 0.315625
729 0.30625
730 0.3
731 0.36875
732 0.275
733 0.359375
734 0.321875
735 0.36875
736 0.275
737 0.275
738 0.31875
739 0.375
740 0.321875
741 0.3
742 0.2875
743 0.3125
744 0.2875
745 0.3375
746 0.3375
747 0.3125
748 0.3125
749 0.340625
750 0.3625
751 0.321875
752 0.378125
753 0.3
754 0.284375
755 0.28125
756 0.284375
757 0.3375
758 0.35
759 0.384375
760 0.309375
761 0.28125
762 0.2875
763 0.309375
764 0.31875
765 0.334375
766 0.315625
767 0.3125
768 0.33125
769 0.284375
770 0.35625
771 0.321875
772 0.30625
773 0.3375
774 0.346875
775 0.30625
776 0.325
777 0.3375
778 0.290625
779 0.321875
780 0.33125
781 0.421875
782 0.284375
783 0.359375
784 0.284375
785 0.33125
786 0.334375
787 0.340625
788 0.30625
789 0.36875
790 0.315625
791 0.340625
792 0.31875
793 0.3125
794 0.284375
795 0.290625
796 0.259375
797 0.321875
798 0.26875
799 0.31875
800 0.346875
801 0.3375
802 0.296875
803 0.328125
804 0.33125
805 0.3125
806 0.2875
807 0.303125
808 0.321875
809 0.296875
810 0.278125
811 0.328125
812 0.28125
813 0.35
814 0.328125
815 0.371875
816 0.346875
817 0.346875
818 0.29375
819 0.35
820 0.340625
821 0.334375
822 0.29375
823 0.290625
824 0.33125
825 0.378125
826 0.33125
827 0.3125
828 0.303125
829 0.259375
830 0.340625
831 0.265625
832 0.309375
833 0.290625
834 0.3125
835 0.35
836 0.271875
837 0.378125
838 0.36875
839 0.3625
840 0.35625
841 0.403125
842 0.296875
843 0.334375
844 0.309375
845 0.296875
846 0.2875
847 0.325
848 0.33125
849 0.321875
850 0.321875
851 0.3
852 0.359375
853 0.334375
854 0.390625
855 0.340625
856 0.321875
857 0.321875
858 0.35625
859 0.353125
860 0.33125
861 0.334375
862 0.3
863 0.3125
864 0.30625
865 0.296875
866 0.30625
867 0.371875
868 0.309375
869 0.34375
870 0.325
871 0.3125
872 0.325
873 0.34375
874 0.371875
875 0.45625
876 0.38125
877 0.315625
878 0.375
879 0.35
880 0.378125
881 0.284375
882 0.34375
883 0.325
884 0.346875
885 0.39375
886 0.328125
887 0.35
888 0.321875
889 0.325
890 0.29375
891 0.325
892 0.340625
893 0.35
894 0.334375
895 0.328125
896 0.359375
897 0.26875
898 0.334375
899 0.315625
900 0.3625
901 0.31875
902 0.365625
903 0.284375
904 0.309375
905 0.334375
906 0.375
907 0.371875
908 0.39375
909 0.359375
910 0.2625
911 0.353125
912 0.36875
913 0.290625
914 0.309375
915 0.353125
916 0.378125
917 0.3
918 0.2875
919 0.359375
920 0.378125
921 0.30625
922 0.321875
923 0.340625
924 0.3375
925 0.346875
926 0.3375
927 0.328125
928 0.35
929 0.30625
930 0.303125
931 0.284375
932 0.346875
933 0.3125
934 0.35
935 0.30625
936 0.334375
937 0.4
938 0.328125
939 0.296875
940 0.3125
941 0.384375
942 0.33125
943 0.34375
944 0.34375
945 0.359375
946 0.303125
947 0.24375
948 0.309375
949 0.3375
950 0.34375
951 0.34375
952 0.3625
953 0.375
954 0.3625
955 0.334375
956 0.25625
957 0.33125
958 0.36875
959 0.3375
960 0.340625
961 0.35
962 0.31875
963 0.321875
964 0.378125
965 0.296875
966 0.290625
967 0.3875
968 0.3125
969 0.365625
970 0.34375
971 0.359375
972 0.31875
973 0.284375
974 0.33125
975 0.35625
976 0.378125
977 0.346875
978 0.38125
979 0.334375
980 0.321875
981 0.328125
982 0.3
983 0.328125
984 0.30625
985 0.3625
986 0.30625
987 0.309375
988 0.278125
989 0.346875
990 0.33125
991 0.309375
992 0.315625
993 0.3625
994 0.275
995 0.259375
996 0.340625
997 0.31875
998 0.325
999 0.28125
1000 0.353125
