1 7.712535
2 7.6859894
3 7.6191216
4 7.5338416
5 7.470675
6 7.346129
7 7.1204867
8 7.0128098
9 6.780636
10 6.4996486
11 6.087916
12 6.2539
13 5.9911027
14 5.976061
15 5.903171
16 5.7947936
17 5.7432694
18 5.527353
19 5.594103
20 5.285074
21 5.4004974
22 5.2767477
23 5.2977448
24 5.257611
25 5.2171893
26 4.84588
27 5.3094263
28 5.0770884
29 5.4643803
30 5.1207976
31 5.1972523
32 5.2662096
33 5.075464
34 5.110904
35 4.933246
36 5.29294
37 5.1727767
38 5.379071
39 4.886515
40 5.265872
41 5.3324933
42 5.145963
43 5.0813518
44 4.947255
45 4.8944683
46 5.2126813
47 5.012902
48 5.146869
49 4.888949
50 4.928023
51 5.1942854
52 4.925841
53 5.185333
54 5.2854195
55 5.0178585
56 5.2793756
57 5.144181
58 5.1073046
59 5.0440216
60 5.292727
61 5.090145
62 5.014924
63 5.060863
64 4.982292
65 5.0316334
66 5.092867
67 4.8473825
68 4.8798523
69 4.898149
70 5.003201
71 4.9061785
72 4.919713
73 4.8859534
74 4.8830414
75 4.9611692
76 5.18306
77 5.0079384
78 5.247464
79 4.952681
80 4.854982
81 5.019501
82 4.924332
83 4.977572
84 5.042103
85 4.863307
86 4.7946086
87 4.930627
88 4.9811835
89 5.089718
90 4.9673514
91 4.929597
92 4.882395
93 4.9748626
94 4.916795
95 4.8305798
96 4.8454623
97 4.759014
98 4.9960995
99 4.9071546
100 4.84208
101 4.4846544
102 4.640073
103 4.4985523
104 4.535261
105 4.5915413
106 4.6449194
107 4.69094
108 4.642763
109 4.5665913
110 4.409627
111 4.5455666
112 4.6129727
113 4.5937653
114 4.560322
115 4.59467
116 4.6970177
117 4.6912155
118 4.5478725
119 4.5486903
120 4.8291764
121 4.5807343
122 4.5766253
123 4.550147
124 4.5518985
125 4.5566783
126 4.7023406
127 4.580026
128 4.6008544
129 4.5945277
130 4.607401
131 4.563333
132 4.4526973
133 4.442156
134 4.7674065
135 4.444527
136 4.78406
137 4.8902736
138 4.6314626
139 4.4084635
140 4.4485354
141 4.2954946
142 4.4917665
143 4.426975
144 4.592389
145 4.485526
146 4.499462
147 4.2742963
148 4.4689345
149 4.2139907
150 4.3165174
151 4.2146225
152 4.2809067
153 4.2062693
154 4.4463825
155 4.301486
156 4.344716
157 4.298696
158 4.5226626
159 4.1429844
160 4.202296
161 4.2850924
162 4.254352
163 4.153395
164 4.3591623
165 4.1762347
166 4.340489
167 4.1284323
168 4.380775
169 4.283847
170 4.269814
171 4.2280946
172 4.3393846
173 4.4003224
174 4.3125377
175 4.3837447
176 4.4221144
177 4.38653
178 4.090973
179 4.3143215
180 4.246667
181 4.0827575
182 4.34174
183 4.1399093
184 4.1761436
185 4.041327
186 4.366202
187 4.2827973
188 4.2495284
189 4.1976886
190 4.0937495
191 3.8870006
192 4.0989437
193 4.213671
194 4.0884924
195 4.3156447
196 4.448671
197 4.253086
198 4.440858
199 4.2572646
200 4.2990117
201 4.2422395
202 4.1938143
203 4.3296375
204 4.1594777
205 4.3445945
206 4.2834287
207 4.270058
208 4.2664237
209 4.2714043
210 4.401094
211 4.6037436
212 4.3287845
213 4.2634993
214 4.3848395
215 4.174151
216 4.101585
217 4.086842
218 4.0950227
219 4.280879
220 4.4850497
221 4.527511
222 4.401454
223 4.552685
224 4.2791257
225 4.375457
226 4.087233
227 4.253336
228 4.16448
229 4.2378783
230 4.231124
231 4.133055
232 3.9841933
233 4.136381
234 4.189882
235 3.9367704
236 4.1627965
237 3.911007
238 4.1528463
239 4.0191283
240 4.130503
241 4.169898
242 4.342701
243 4.2298408
244 3.8822346
245 4.241477
246 4.235442
247 4.1350164
248 4.1584024
249 4.170274
250 4.33009
251 3.9413598
252 4.0100603
253 4.163978
254 3.869016
255 4.0381703
256 4.214148
257 4.052341
258 4.114625
259 3.9310565
260 3.963437
261 3.825202
262 4.0723214
263 3.8976502
264 3.8593512
265 4.103649
266 3.9883876
267 4.156667
268 4.193994
269 4.0065207
270 4.2255406
271 3.8083735
272 3.9758968
273 3.8870025
274 3.9855506
275 4.0933537
276 4.039287
277 4.135398
278 3.9372797
279 4.0572205
280 4.092078
281 4.0450144
282 3.825367
283 4.3145614
284 3.8985124
285 3.727897
286 4.1585
287 4.0136614
288 4.127018
289 4.0687304
290 4.3262806
291 3.9685712
292 4.0263104
293 4.0979443
294 3.8980236
295 4.0808363
296 4.100118
297 4.1038904
298 4.2151175
299 4.1220765
300 4.231402
301 4.0984297
302 3.927124
303 4.1330924
304 4.0289364
305 4.1474724
306 4.1162906
307 4.3480196
308 4.035652
309 4.2579937
310 4.2412195
311 3.8868065
312 3.927926
313 4.1322727
314 3.883878
315 3.9310834
316 3.7524276
317 3.8206933
318 3.6710818
319 3.8785186
320 4.103643
321 3.8397143
322 3.9898295
323 3.8654666
324 4.0553393
325 4.017541
326 3.757095
327 3.8866532
328 4.213548
329 4.1160216
330 4.184234
331 3.8374395
332 4.163999
333 3.9609482
334 3.9797645
335 3.8393965
336 3.9320447
337 3.9675634
338 4.0237484
339 3.7047205
340 4.1104236
341 3.667572
342 3.8748052
343 3.893934
344 3.714198
345 4.0444574
346 4.1023836
347 3.886843
348 4.059041
349 3.8605995
350 3.9361665
351 3.8686106
352 4.216966
353 4.041034
354 4.0616097
355 4.1339974
356 3.8985825
357 4.034818
358 4.151587
359 3.8259904
360 4.0464816
361 3.918258
362 3.9999497
363 3.786412
364 4.0492425
365 3.9433157
366 4.1133447
367 4.013369
368 3.982644
369 4.1801987
370 3.960156
371 3.943893
372 4.059339
373 4.068648
374 3.7666636
375 4.226245
376 3.9657197
377 4.2172127
378 4.3141856
379 3.993261
380 4.168457
381 3.9460526
382 4.1975827
383 4.009988
384 3.827352
385 3.8806791
386 3.8068068
387 3.9245691
388 4.013787
389 3.9689832
390 3.8722959
391 3.856457
392 3.9845467
393 4.03433
394 3.9889352
395 4.157376
396 4.161184
397 4.0675817
398 4.012126
399 4.0233006
400 4.0152583
401 3.8615031
402 3.8016267
403 3.9863844
404 3.9517822
405 3.933321
406 3.7365425
407 3.72654
408 3.8503504
409 3.539943
410 3.8019462
411 3.7904282
412 3.8634014
413 3.990086
414 3.969815
415 4.0881395
416 4.0894628
417 3.9209573
418 4.185319
419 4.106954
420 3.880108
421 3.9097834
422 4.1008673
423 3.6285715
424 3.9044454
425 4.046613
426 4.05708
427 4.085967
428 4.0448737
429 4.0218244
430 3.8514283
431 3.8535423
432 4.063257
433 4.1300483
434 3.9048047
435 3.9352732
436 3.8921967
437 4.032911
438 3.9984622
439 3.5209124
440 3.848287
441 3.8279543
442 3.9360015
443 4.044573
444 4.2458553
445 3.9806213
446 3.8787234
447 3.847068
448 3.6696048
449 4.121695
450 3.5566437
451 3.837367
452 3.6024466
453 3.8407874
454 3.6648402
455 3.9469054
456 3.7490597
457 3.733188
458 4.0078306
459 3.8970485
460 3.8813055
461 4.017061
462 3.8651662
463 4.093743
464 4.028919
465 3.9980001
466 4.0268593
467 3.9064999
468 3.8977735
469 4.1119347
470 3.9095683
471 3.665322
472 3.8419483
473 3.8569589
474 3.738695
475 3.8959935
476 3.9702315
477 3.7892232
478 3.8062508
479 3.6595368
480 3.7408895
481 3.403579
482 3.64777
483 3.7226174
484 3.7997775
485 3.774418
486 3.4594066
487 3.8057566
488 4.076562
489 3.887621
490 3.6022158
491 3.9793308
492 3.847631
493 3.7310004
494 3.8840675
495 3.7603989
496 3.5969985
497 3.5868113
498 3.588676
499 3.9114723
500 3.8179593
501 3.8043246
502 3.7482085
503 3.8634915
504 3.975539
505 3.8748708
506 3.6673696
507 3.979843
508 3.7889552
509 3.6451278
510 3.8168721
511 3.9022343
512 3.8119466
513 3.7176297
514 3.8536777
515 3.7577293
516 3.6935878
517 3.8743753
518 3.9845912
519 3.8410463
520 3.5619314
521 3.9288328
522 3.9356325
523 3.9662411
524 3.969913
525 4.223463
526 3.8715394
527 3.5085056
528 3.926593
529 3.751385
530 3.5915253
531 3.788934
532 3.6340353
533 4.052125
534 3.9321363
535 3.8390422
536 3.9142928
537 3.8757453
538 3.628429
539 3.809676
540 4.069659
541 3.8420734
542 3.6678712
543 4.107011
544 4.1000366
545 3.8770187
546 3.814826
547 3.8520842
548 4.033526
549 4.134802
550 4.0331635
551 3.9789586
552 3.6595294
553 3.762088
554 3.6550348
555 3.6417918
556 3.5734956
557 3.6921568
558 3.683355
559 3.6944816
560 3.6091511
561 3.537282
562 3.8134036
563 3.5632555
564 3.8636951
565 3.7513192
566 3.7438002
567 3.5866191
568 3.7451885
569 3.6111782
570 3.7141204
571 3.6381516
572 4.181354
573 3.9007788
574 3.8014622
575 3.753546
576 3.832638
577 3.7530363
578 3.7224152
579 3.7434418
580 3.7768373
581 3.523464
582 3.7718847
583 3.603066
584 3.5821247
585 3.803084
586 3.8044949
587 3.709232
588 3.8039997
589 3.6517785
590 3.6532674
591 3.458192
592 3.4360569
593 3.5112672
594 3.4739223
595 3.4775617
596 3.532463
597 3.4954083
598 3.5609634
599 3.761309
600 3.6010175
601 3.795991
602 3.7636125
603 3.835265
604 3.983368
605 3.8753195
606 3.7606025
607 3.698207
608 3.861948
609 3.7005603
610 3.5069075
611 3.7738535
612 3.5193095
613 3.8313365
614 3.758779
615 3.832452
616 3.616115
617 3.478574
618 3.7707725
619 3.742836
620 4.021116
621 3.7463977
622 4.1741314
623 3.6297767
624 3.7308388
625 3.8078725
626 3.9017477
627 3.6279666
628 3.7601447
629 3.7983704
630 4.0048437
631 3.60919
632 3.8118086
633 3.839136
634 3.7064304
635 3.7392898
636 3.4796512
637 3.4137008
638 3.565258
639 3.5102413
640 3.77292
641 3.8463027
642 3.8222215
643 3.874972
644 3.6578832
645 3.8130941
646 3.5430448
647 3.7897086
648 3.816946
649 3.5179584
650 3.893354
651 3.9565
652 3.8631194
653 3.7059202
654 3.9035366
655 4.1498837
656 3.7392585
657 3.814524
658 3.7669563
659 3.814871
660 3.826949
661 3.46611
662 3.6557662
663 3.6861022
664 3.6026175
665 3.3087838
666 3.632236
667 3.4819095
668 3.7452817
669 3.8324277
670 3.6862285
671 3.6937082
672 3.7294617
673 3.8704922
674 3.6235967
675 3.671533
676 3.6480227
677 3.8024352
678 3.7519152
679 3.5445437
680 3.4320576
681 3.6397858
682 3.663701
683 3.5735693
684 3.6259177
685 3.780785
686 3.9116168
687 3.5185373
688 3.5923095
689 3.641903
690 3.9210544
691 3.916031
692 3.695268
693 3.8086064
694 3.6065876
695 3.753723
696 3.8578873
697 3.5335479
698 3.8020692
699 3.5445857
700 3.8589213
701 3.6384308
702 3.6718688
703 3.6474988
704 3.6352391
705 3.9745455
706 3.6326911
707 3.595814
708 3.5432625
709 3.7987149
710 3.4512944
711 3.7163131
712 3.6725707
713 3.4194465
714 3.7448695
715 3.5921726
716 3.532311
717 3.8583813
718 3.6335318
719 3.6338754
720 3.7027168
721 3.5044444
722 3.4401903
723 3.4143755
724 3.6814904
725 3.7670367
726 3.7371132
727 3.4339142
728 3.4504857
729 3.7074475
730 3.7228682
731 3.4636993
732 3.8675947
733 3.3942416
734 3.6821754
735 3.3701317
736 3.9430995
737 3.781903
738 3.8536317
739 3.3804984
740 3.723737
741 3.829248
742 3.9490373
743 3.8035672
744 3.8138185
745 3.54463
746 3.5132017
747 3.599289
748 3.5393782
749 3.3647642
750 3.4801104
751 3.6305063
752 3.6623895
753 3.725448
754 3.7045076
755 3.6017852
756 3.8461704
757 3.5259838
758 3.4929903
759 3.3503714
760 3.7717311
761 3.792116
762 3.8432257
763 3.6973622
764 3.6941729
765 3.5267692
766 3.703688
767 3.447783
768 3.4617648
769 3.7920825
770 3.4797146
771 3.4970548
772 3.6784725
773 3.6712482
774 3.6175075
775 3.6229749
776 3.5188565
777 3.456647
778 3.6958797
779 3.601473
780 3.4852483
781 3.0779738
782 3.7246375
783 3.3894236
784 3.8844237
785 3.653769
786 3.6560867
787 3.5041237
788 3.694144
789 3.5050366
790 3.5654912
791 3.4522305
792 3.63019
793 3.650804
794 3.7020094
795 3.766015
796 3.8045995
797 3.8486001
798 3.9427428
799 3.5972571
800 3.6896944
801 3.5982518
802 3.8966446
803 3.6579323
804 3.6200616
805 3.7178776
806 3.7358768
807 3.4654558
808 3.6922772
809 3.7764242
810 3.7194543
811 3.4838545
812 3.6864433
813 3.445196
814 3.7038844
815 3.2856247
816 3.563018
817 3.3517678
818 3.7773554
819 3.4964685
820 3.6115043
821 3.7138536
822 3.9313169
823 3.9033468
824 3.8264809
825 3.281816
826 3.4791749
827 3.8036196
828 3.7712429
829 3.8294334
830 3.482897
831 3.870246
832 3.852071
833 3.9035604
834 3.7525437
835 3.6085255
836 3.7401843
837 3.30913
838 3.6220062
839 3.4118633
840 3.4033158
841 3.4265816
842 3.7912576
843 3.5871515
844 3.7986653
845 3.7321682
846 3.8864691
847 3.5318456
848 3.5309587
849 3.5390706
850 3.3280838
851 3.6670418
852 3.4533875
853 3.5467446
854 3.4505272
855 3.5461218
856 3.45034
857 3.606392
858 3.5449195
859 3.539998
860 3.622408
861 3.7025464
862 3.7261424
863 3.7595768
864 3.7776322
865 3.803807
866 3.6030915
867 3.3145444
868 3.7329829
869 3.6379542
870 3.8562784
871 3.7147455
872 3.5955331
873 3.433109
874 3.3190522
875 3.0134099
876 3.288771
877 3.4199882
878 3.4444613
879 3.4534397
880 3.5922587
881 3.7546096
882 3.5981667
883 3.5137672
884 3.6260815
885 3.216156
886 3.51428
887 3.3557088
888 3.5265427
889 3.5797222
890 3.6172676
891 3.4871085
892 3.4490488
893 3.4092884
894 3.5529366
895 3.7213526
896 3.509086
897 3.890026
898 3.480408
899 3.6131744
900 3.5101156
901 3.5706952
902 3.4078736
903 3.7090197
904 3.7846522
905 3.5855086
906 3.4677362
907 3.2514303
908 3.1990385
909 3.4472587
910 3.5986907
911 3.437352
912 3.4030533
913 3.6268833
914 3.499509
915 3.3795547
916 3.4262311
917 3.6763504
918 3.5455203
919 3.5056524
920 3.3795075
921 3.7951293
922 3.518276
923 3.4999976
924 3.5039084
925 3.4746108
926 3.544074
927 3.4837916
928 3.3607202
929 3.5850327
930 3.627955
931 3.7238681
932 3.5344272
933 3.5482886
934 3.5246637
935 3.5965934
936 3.5734746
937 3.3245714
938 3.4783628
939 3.7696643
940 3.6885827
941 3.4700427
942 3.5478427
943 3.5398178
944 3.7038698
945 3.6250098
946 3.6530535
947 3.7403195
948 3.6459846
949 3.5634458
950 3.5504038
951 3.3815718
952 3.468976
953 3.351763
954 3.287188
955 3.525497
956 3.7871106
957 3.5582948
958 3.3576682
959 3.534638
960 3.5229576
961 3.5598238
962 3.5944161
963 3.8047054
964 3.4166822
965 3.587635
966 3.739589
967 3.4173284
968 3.7580252
969 3.5927792
970 3.5467658
971 3.4142728
972 3.5714176
973 3.7801144
974 3.551597
975 3.523456
976 3.3907735
977 3.4311275
978 3.4462283
979 3.6186304
980 3.4784694
981 3.7924414
982 3.6658728
983 3.6187274
984 3.6279113
985 3.3711054
986 3.667541
987 3.607605
988 3.7932394
989 3.6111245
990 3.6276898
991 3.690974
992 3.6113489
993 3.518819
994 3.7699113
995 4.013202
996 3.615292
997 3.5136545
998 3.6881428
999 3.7614992
1000 3.3260083
