1 5.345922
2 5.327522
3 5.2811728
4 5.222061
5 5.1782775
6 5.0919485
7 4.9355454
8 4.8609095
9 4.699979
10 4.5052133
11 4.219822
12 4.334873
13 4.152716
14 4.1422896
15 4.0917664
16 4.016645
17 3.980931
18 3.831269
19 3.8775368
20 3.6633344
21 3.7433395
22 3.657563
23 3.6721168
24 3.644298
25 3.61628
26 3.3589082
27 3.680214
28 3.5191696
29 3.7876198
30 3.5494664
31 3.6024609
32 3.6502585
33 3.5180435
34 3.5426087
35 3.4194655
36 3.6687865
37 3.5854955
38 3.7284882
39 3.3870742
40 3.6500244
41 3.6962028
42 3.5669098
43 3.5221245
44 3.4291759
45 3.392587
46 3.6131554
47 3.4746788
48 3.5675378
49 3.388761
50 3.4158452
51 3.6004043
52 3.4143326
53 3.5941987
54 3.6635737
55 3.4781146
56 3.6593845
57 3.5656743
58 3.540114
59 3.4962494
60 3.6686387
61 3.52822
62 3.4760804
63 3.5079231
64 3.453462
65 3.4876626
66 3.5301063
67 3.3599496
68 3.3824558
69 3.3951383
70 3.4679546
71 3.400704
72 3.4100852
73 3.386685
74 3.3846664
75 3.4388206
76 3.5926235
77 3.4712384
78 3.637265
79 3.432937
80 3.3652172
81 3.479253
82 3.413287
83 3.45019
84 3.4949195
85 3.3709877
86 3.3233695
87 3.4176502
88 3.4526935
89 3.5279236
90 3.4431057
91 3.4169362
92 3.3842182
93 3.448312
94 3.4080625
95 3.3483028
96 3.3586185
97 3.2986972
98 3.4630322
99 3.4013805
100 3.3562744
101 3.1085255
102 3.2162533
103 3.1181588
104 3.1436036
105 3.1826138
106 3.2196128
107 3.2515118
108 3.2181182
109 3.16532
110 3.0565205
111 3.1507468
112 3.1974692
113 3.1841555
114 3.1609743
115 3.1847825
116 3.2557247
117 3.2517028
118 3.152345
119 3.152912
120 3.34733
121 3.1751232
122 3.172275
123 3.1539216
124 3.1551356
125 3.1584487
126 3.2594142
127 3.1746323
128 3.1890693
129 3.184684
130 3.1936069
131 3.1630614
132 3.0863748
133 3.0790677
134 3.3045144
135 3.0807116
136 3.3160577
137 3.3896794
138 3.2102852
139 3.0557141
140 3.08349
141 2.9774098
142 3.1134553
143 3.068545
144 3.1832016
145 3.1091297
146 3.1187894
147 2.9627166
148 3.0976295
149 2.9209158
150 2.991982
151 2.9213538
152 2.9672985
153 2.9155636
154 3.0819976
155 2.981563
156 3.0115278
157 2.979629
158 3.134871
159 2.871698
160 2.9128094
161 2.9701998
162 2.948892
163 2.8789144
164 3.021541
165 2.8947453
166 3.0085979
167 2.8616111
168 3.036522
169 2.9693365
170 2.9596095
171 2.930692
172 3.0078323
173 3.050071
174 2.9892235
175 3.0385804
176 3.0651762
177 3.040511
178 2.8356464
179 2.9904597
180 2.9435651
181 2.8299518
182 3.009465
183 2.8695664
184 2.8946822
185 2.8012345
186 3.0264206
187 2.9686089
188 2.9455485
189 2.909616
190 2.837571
191 2.6942635
192 2.8411713
193 2.9206944
194 2.833927
195 2.9913769
196 3.0835836
197 2.9480147
198 3.0781682
199 2.950911
200 2.979848
201 2.9404962
202 2.9069304
203 3.001076
204 2.8831303
205 3.0114436
206 2.9690466
207 2.9597788
208 2.9572597
209 2.9607117
210 3.050606
211 3.191072
212 3.0004847
213 2.9552324
214 3.0393393
215 2.893301
216 2.843002
217 2.8327832
218 2.8384535
219 2.9672792
220 3.1087997
221 3.1382318
222 3.0508554
223 3.1556807
224 2.966064
225 3.0328355
226 2.833054
227 2.9481878
228 2.8865979
229 2.9374733
230 2.9327917
231 2.8648157
232 2.7616324
233 2.867121
234 2.9042048
235 2.7287614
236 2.8854306
237 2.7109034
238 2.8785338
239 2.7858474
240 2.8630466
241 2.890353
242 3.010131
243 2.9319022
244 2.69096
245 2.9399679
246 2.9357848
247 2.8661752
248 2.882385
249 2.8906136
250 3.0013897
251 2.7319424
252 2.779562
253 2.8862498
254 2.6817975
255 2.7990463
256 2.9210248
257 2.808869
258 2.8520408
259 2.7248008
260 2.7472453
261 2.651428
262 2.8227181
263 2.7016454
264 2.6750984
265 2.8444328
266 2.7645397
267 2.8811822
268 2.9070551
269 2.7771087
270 2.9289215
271 2.6397634
272 2.7558818
273 2.694265
274 2.7625732
275 2.8372965
276 2.7998204
277 2.8664393
278 2.7291143
279 2.8122509
280 2.8364127
281 2.8037903
282 2.6515424
283 2.990626
284 2.7022429
285 2.5839813
286 2.8824527
287 2.7820582
288 2.860631
289 2.820229
290 2.9987493
291 2.750804
292 2.7908256
293 2.8404784
294 2.701904
295 2.8286202
296 2.8419852
297 2.8446002
298 2.921697
299 2.8572059
300 2.9329844
301 2.840815
302 2.722075
303 2.8648415
304 2.792646
305 2.8748088
306 2.8531952
307 3.0138175
308 2.7973008
309 2.9514163
310 2.9397893
311 2.694129
312 2.722631
313 2.8642733
314 2.692099
315 2.7248194
316 2.6009846
317 2.6483028
318 2.5446
319 2.6883843
320 2.8444285
321 2.661487
322 2.7655392
323 2.6793373
324 2.8109472
325 2.7847471
326 2.60422
327 2.6940227
328 2.920609
329 2.8530087
330 2.90029
331 2.6599104
332 2.8862643
333 2.74552
334 2.7585626
335 2.6612668
336 2.7254858
337 2.7501054
338 2.7890499
339 2.5679166
340 2.8491285
341 2.5421672
342 2.6858103
343 2.6990695
344 2.574486
345 2.8034043
346 2.8435557
347 2.6941543
348 2.8135128
349 2.6759636
350 2.7283428
351 2.6815166
352 2.9229782
353 2.8010316
354 2.8152933
355 2.8654687
356 2.7022915
357 2.796723
358 2.8776608
359 2.6519744
360 2.8048074
361 2.7159295
362 2.772554
363 2.6245408
364 2.8067212
365 2.7332983
366 2.8511534
367 2.7818553
368 2.7605586
369 2.897493
370 2.744971
371 2.7336984
372 2.8137195
373 2.8201718
374 2.6108522
375 2.9294097
376 2.7488275
377 2.923149
378 2.9903655
379 2.7679176
380 2.8893542
381 2.7351952
382 2.9095426
383 2.7795117
384 2.6529183
385 2.6898818
386 2.6386774
387 2.720304
388 2.782145
389 2.7510896
390 2.684071
391 2.6730924
392 2.7618773
393 2.7963843
394 2.7649193
395 2.8816733
396 2.8843129
397 2.8194327
398 2.7809937
399 2.7887397
400 2.783165
401 2.67659
402 2.6350868
403 2.7631512
404 2.7391667
405 2.7263703
406 2.589974
407 2.5830407
408 2.6688595
409 2.4537015
410 2.6353083
411 2.6273246
412 2.6779058
413 2.765717
414 2.751666
415 2.8336825
416 2.8345997
417 2.7178006
418 2.9010422
419 2.8467236
420 2.689486
421 2.7100554
422 2.8425045
423 2.515134
424 2.7063553
425 2.8048987
426 2.8121536
427 2.8321767
428 2.8036928
429 2.7877162
430 2.6696067
431 2.671072
432 2.8164353
433 2.8627315
434 2.7066045
435 2.7277236
436 2.6978652
437 2.7954009
438 2.7715228
439 2.4405105
440 2.6674294
441 2.6533358
442 2.7282283
443 2.8034844
444 2.9430027
445 2.7591565
446 2.6885262
447 2.6665845
448 2.5435762
449 2.8569415
450 2.4652777
451 2.6598601
452 2.4970257
453 2.662231
454 2.5402737
455 2.7357864
456 2.5986502
457 2.5876486
458 2.7780166
459 2.7012281
460 2.690316
461 2.7844148
462 2.6791291
463 2.8375664
464 2.792634
465 2.7712026
466 2.7912064
467 2.7077794
468 2.7017307
469 2.8501759
470 2.7099063
471 2.5406077
472 2.6630356
473 2.6734402
474 2.591466
475 2.700497
476 2.7519548
477 2.6264894
478 2.638292
479 2.5365977
480 2.592987
481 2.3591812
482 2.5284414
483 2.5803218
484 2.633805
485 2.6162274
486 2.397878
487 2.6379495
488 2.8256574
489 2.6946936
490 2.4968657
491 2.758262
492 2.6669745
493 2.5861325
494 2.6922305
495 2.60651
496 2.4932494
497 2.4861882
498 2.4874806
499 2.711226
500 2.6464078
501 2.636957
502 2.5980601
503 2.6779683
504 2.7556336
505 2.6858559
506 2.542027
507 2.758617
508 2.6263037
509 2.5266101
510 2.6456542
511 2.7048228
512 2.64224
513 2.5768645
514 2.671166
515 2.6046596
516 2.5602
517 2.6855123
518 2.7619083
519 2.6624105
520 2.4689426
521 2.7232594
522 2.7279725
523 2.749189
524 2.751734
525 2.9274814
526 2.6835465
527 2.4319108
528 2.7217069
529 2.600262
530 2.4894557
531 2.626289
532 2.5189214
533 2.8087192
534 2.7255492
535 2.6610212
536 2.713181
537 2.686462
538 2.5150354
539 2.6406662
540 2.820873
541 2.6631224
542 2.5423746
543 2.8467631
544 2.841929
545 2.6873446
546 2.6442358
547 2.6700613
548 2.7958272
549 2.8660264
550 2.7955759
551 2.758004
552 2.5365925
553 2.6076808
554 2.533477
555 2.5242977
556 2.4769585
557 2.5592082
558 2.5531073
559 2.5608196
560 2.501673
561 2.451857
562 2.64325
563 2.4698606
564 2.6781094
565 2.6002164
566 2.5950046
567 2.486055
568 2.5959668
569 2.503078
570 2.5744321
571 2.5217745
572 2.8982937
573 2.7038138
574 2.6349728
575 2.60176
576 2.6565824
577 2.6014066
578 2.5801816
579 2.5947561
580 2.6179042
581 2.442279
582 2.6144712
583 2.4974551
584 2.4829397
585 2.636097
586 2.637075
587 2.5710437
588 2.6367316
589 2.53122
590 2.532252
591 2.397036
592 2.3816931
593 2.433825
594 2.4079394
595 2.4104621
596 2.4485168
597 2.4228325
598 2.4682717
599 2.6071408
600 2.496035
601 2.6311805
602 2.6087375
603 2.6584032
604 2.7610602
605 2.6861668
606 2.606651
607 2.5634017
608 2.6768985
609 2.565033
610 2.430803
611 2.615836
612 2.4393995
613 2.6556802
614 2.6053872
615 2.6564534
616 2.5065
617 2.4111638
618 2.6137004
619 2.5943363
620 2.7872252
621 2.596805
622 2.8932874
623 2.5159695
624 2.5860205
625 2.6394162
626 2.7044854
627 2.514715
628 2.6063337
629 2.6328297
630 2.7759461
631 2.5017
632 2.6421444
633 2.6610863
634 2.5691018
635 2.5918782
636 2.4119105
637 2.366197
638 2.4712486
639 2.4331138
640 2.6151888
641 2.666054
642 2.649362
643 2.685926
644 2.5354514
645 2.6430354
646 2.4558516
647 2.6268258
648 2.6457055
649 2.438463
650 2.6986673
651 2.742437
652 2.6777103
653 2.5687482
654 2.7057254
655 2.87648
656 2.5918565
657 2.6440265
658 2.6110551
659 2.644267
660 2.652639
661 2.4025245
662 2.5339842
663 2.5550113
664 2.4971442
665 2.2934742
666 2.5176742
667 2.4134758
668 2.5960314
669 2.6564364
670 2.555099
671 2.5602834
672 2.5850658
673 2.6828208
674 2.5116858
675 2.5449128
676 2.5286167
677 2.6356473
678 2.6006296
679 2.4568906
680 2.378921
681 2.5229073
682 2.539484
683 2.4770095
684 2.5132947
685 2.6206405
686 2.7113261
687 2.4388642
688 2.4899993
689 2.5243747
690 2.7178679
691 2.7143857
692 2.5613647
693 2.6399248
694 2.499896
695 2.6018825
696 2.6740837
697 2.4492688
698 2.6353936
699 2.4569197
700 2.6748004
701 2.5219681
702 2.5451455
703 2.5282536
704 2.5197558
705 2.754945
706 2.5179896
707 2.4924283
708 2.4560025
709 2.6330686
710 2.392255
711 2.575952
712 2.5456321
713 2.3701797
714 2.5957458
715 2.4899044
716 2.4484115
717 2.674426
718 2.5185723
719 2.5188105
720 2.5665278
721 2.4290957
722 2.3845582
723 2.366665
724 2.5518148
725 2.611111
726 2.5903695
727 2.380208
728 2.3916945
729 2.5698068
730 2.5804956
731 2.4008534
732 2.6808124
733 2.352709
734 2.5522895
735 2.3359973
736 2.7331483
737 2.6214154
738 2.671134
739 2.343183
740 2.5810978
741 2.6542325
742 2.7372642
743 2.636432
744 2.6435375
745 2.4569504
746 2.435166
747 2.494837
748 2.45331
749 2.3322768
750 2.4122288
751 2.5164752
752 2.538575
753 2.5822837
754 2.567769
755 2.4965672
756 2.6659622
757 2.4440258
758 2.4211564
759 2.3223004
760 2.6143649
761 2.6284945
762 2.663921
763 2.5628161
764 2.5606055
765 2.44457
766 2.567201
767 2.389821
768 2.3995125
769 2.6284714
770 2.4119544
771 2.4239738
772 2.549723
773 2.5447154
774 2.5074651
775 2.5112548
776 2.4390855
777 2.395965
778 2.5617886
779 2.496351
780 2.41579
781 2.133489
782 2.581722
783 2.3493695
784 2.6924775
785 2.5325997
786 2.5342062
787 2.4288735
788 2.5605855
789 2.4295063
790 2.4714103
791 2.3929038
792 2.5162559
793 2.5305445
794 2.5660374
795 2.6104028
796 2.6371474
797 2.6676464
798 2.732901
799 2.4934287
800 2.5575013
801 2.4941182
802 2.7009482
803 2.5354855
804 2.5092356
805 2.5770364
806 2.5895126
807 2.402071
808 2.5592916
809 2.6176178
810 2.5781293
811 2.414824
812 2.5552478
813 2.388028
814 2.567337
815 2.2774215
816 2.469696
817 2.3232684
818 2.6182632
819 2.4235673
820 2.503304
821 2.5742471
822 2.7249813
823 2.7055938
824 2.6523144
825 2.2747815
826 2.4115803
827 2.6364682
828 2.6140263
829 2.654361
830 2.4141603
831 2.68265
832 2.6700523
833 2.705742
834 2.6010652
835 2.5012393
836 2.5924983
837 2.293714
838 2.5105834
839 2.3649235
840 2.3589988
841 2.3751254
842 2.6278996
843 2.486424
844 2.6330342
845 2.586942
846 2.693895
847 2.448089
848 2.447474
849 2.4530969
850 2.3068519
851 2.5417998
852 2.3937058
853 2.458416
854 2.3917232
855 2.4579844
856 2.3915935
857 2.4997604
858 2.457151
859 2.4537396
860 2.5108619
861 2.5664096
862 2.582765
863 2.60594
864 2.6184552
865 2.636598
866 2.4974728
867 2.2974672
868 2.5875065
869 2.5216377
870 2.6729686
871 2.5748653
872 2.4922338
873 2.3796499
874 2.3005917
875 2.0887365
876 2.2796023
877 2.3705552
878 2.3875186
879 2.393742
880 2.489964
881 2.602497
882 2.494059
883 2.4355578
884 2.5134082
885 2.2292695
886 2.4359133
887 2.3260002
888 2.4444132
889 2.4812744
890 2.507299
891 2.4170794
892 2.3906984
893 2.3631387
894 2.462708
895 2.5794451
896 2.432313
897 2.6963606
898 2.412435
899 2.5044618
900 2.4330268
901 2.4750173
902 2.362158
903 2.5708966
904 2.623321
905 2.4852853
906 2.4036517
907 2.2537198
908 2.2174046
909 2.3894577
910 2.4944224
911 2.3825908
912 2.3588169
913 2.513964
914 2.425675
915 2.3425288
916 2.3748825
917 2.5482519
918 2.4575675
919 2.429933
920 2.3424962
921 2.6305833
922 2.438683
923 2.4260135
924 2.4287243
925 2.4084167
926 2.456565
927 2.4147804
928 2.3294737
929 2.4849553
930 2.5147069
931 2.5811887
932 2.4498782
933 2.4594862
934 2.4431107
935 2.4929686
936 2.476944
937 2.3044174
938 2.4110174
939 2.6129322
940 2.5567307
941 2.4052503
942 2.4591773
943 2.4536147
944 2.567327
945 2.5126653
946 2.5321038
947 2.592592
948 2.527204
949 2.4699924
950 2.4609525
951 2.343927
952 2.404511
953 2.323265
954 2.278505
955 2.4436884
956 2.625025
957 2.466422
958 2.3273582
959 2.4500244
960 2.4419281
961 2.4674819
962 2.4914594
963 2.6372209
964 2.3682637
965 2.4867592
966 2.5920856
967 2.3687115
968 2.6048646
969 2.4903247
970 2.4584308
971 2.3665936
972 2.475518
973 2.6201756
974 2.4617796
975 2.4422736
976 2.350305
977 2.3782763
978 2.3887434
979 2.5082436
980 2.4110913
981 2.62872
982 2.5409894
983 2.5083108
984 2.5146766
985 2.3366723
986 2.5421457
987 2.5006013
988 2.6292732
989 2.5030408
990 2.514523
991 2.5583882
992 2.5031962
993 2.4390595
994 2.6131034
995 2.7817397
996 2.5059295
997 2.4354796
998 2.5564258
999 2.6072726
1000 2.3054132
