1 204.51434
2 203.83833
3 203.3837
4 202.95985
5 201.58984
6 199.45836
7 194.40732
8 187.38773
9 176.87057
10 161.30867
11 141.00038
12 119.027756
13 97.92155
14 80.30269
15 67.3412
16 57.93798
17 51.308815
18 46.606613
19 42.082855
20 39.192375
21 37.21041
22 35.89681
23 34.68257
24 33.710754
25 33.567238
26 32.8283
27 32.464333
28 32.13805
29 32.297596
30 32.35378
31 33.07616
32 33.875618
33 34.258568
34 34.8007
35 35.269493
36 35.336926
37 35.380806
38 35.661705
39 35.525715
40 35.50072
41 35.693798
42 36.004887
43 36.03907
44 35.982437
45 35.853207
46 35.808266
47 35.703644
48 35.89491
49 35.557865
50 34.842735
51 34.79964
52 34.401253
53 33.970554
54 34.231102
55 34.757874
56 35.488014
57 36.00573
58 36.620277
59 35.82453
60 37.818
61 37.87627
62 37.291214
63 38.716278
64 37.847702
65 36.318703
66 36.735806
67 34.368267
68 34.000538
69 34.194366
70 33.84957
71 35.45512
72 38.45115
73 35.572376
74 35.860252
75 36.045574
76 37.15274
77 34.901325
78 37.203407
79 35.69154
80 35.11338
81 38.084515
82 39.042747
83 36.670856
84 38.812275
85 35.62171
86 33.486782
87 34.99003
88 36.259212
89 33.378735
90 33.478043
91 36.48445
92 36.5164
93 39.582558
94 37.119453
95 36.088654
96 40.45007
97 42.68777
98 37.86808
99 37.032215
100 34.476974
101 31.81515
102 31.431936
103 29.966892
104 31.059317
105 32.57635
106 32.10594
107 30.562927
108 30.152985
109 28.825687
110 28.224121
111 29.957605
112 28.996014
113 27.681635
114 29.332163
115 27.389883
116 28.450247
117 31.359097
118 30.059265
119 29.391418
120 28.883764
121 29.963757
122 29.791956
123 29.401012
124 29.597095
125 29.692486
126 32.846363
127 30.503546
128 29.950903
129 30.508167
130 32.94974
131 31.053493
132 33.467705
133 31.372747
134 31.235538
135 31.122492
136 29.870096
137 29.97817
138 27.472916
139 27.565475
140 27.824574
141 27.897848
142 28.157597
143 27.801428
144 28.30389
145 27.416698
146 29.578318
147 29.301952
148 27.35963
149 27.294514
150 27.389044
151 26.294449
152 25.596226
153 24.438206
154 25.929907
155 26.802618
156 27.092432
157 27.609915
158 29.190954
159 27.77836
160 25.425838
161 27.00182
162 25.290625
163 23.4124
164 23.858994
165 25.718796
166 25.212992
167 25.41734
168 23.5396
169 25.466825
170 24.463737
171 25.188272
172 25.049492
173 26.329824
174 26.902075
175 27.42655
176 25.170532
177 25.535975
178 24.493942
179 23.606634
180 24.672213
181 24.21137
182 23.293905
183 22.99126
184 23.657375
185 22.970646
186 25.011105
187 24.11579
188 24.034506
189 25.768387
190 22.613476
191 23.163563
192 22.466671
193 23.441217
194 23.47205
195 24.388556
196 26.319925
197 24.982899
198 25.38033
199 26.827795
200 27.497791
201 25.502298
202 25.724894
203 25.091715
204 23.211367
205 23.291088
206 23.476604
207 23.414747
208 24.130484
209 24.362436
210 24.510279
211 25.563137
212 26.308905
213 26.521282
214 26.014568
215 25.978388
216 27.304546
217 25.908442
218 26.051926
219 26.23663
220 25.75761
221 25.32684
222 26.084564
223 25.99504
224 25.082745
225 26.628992
226 25.232933
227 24.908281
228 24.051235
229 25.27707
230 25.435974
231 24.885998
232 24.970486
233 23.945557
234 23.314112
235 21.687233
236 20.740665
237 21.327225
238 21.649113
239 21.45238
240 23.213675
241 25.500437
242 23.187927
243 24.80259
244 24.668894
245 22.676836
246 25.064722
247 26.159048
248 25.275414
249 24.329876
250 23.37991
251 23.835049
252 24.728886
253 22.75543
254 22.45187
255 21.342701
256 23.162338
257 21.810795
258 21.999998
259 21.582912
260 21.771662
261 21.27692
262 22.31017
263 21.957672
264 22.797888
265 22.582264
266 20.682358
267 21.42844
268 20.202192
269 21.508076
270 22.147617
271 21.855286
272 22.079723
273 22.30318
274 23.430937
275 22.114407
276 21.690983
277 22.317297
278 22.152813
279 22.897455
280 23.057129
281 21.91282
282 21.189434
283 19.760483
284 21.50282
285 19.535767
286 19.871
287 20.680546
288 21.47114
289 20.785992
290 22.212753
291 21.617073
292 22.21045
293 22.479273
294 22.75469
295 21.960499
296 22.63738
297 22.29151
298 22.559225
299 21.989567
300 21.89628
301 21.498276
302 21.550808
303 22.040424
304 21.019161
305 21.07259
306 21.596369
307 22.239433
308 22.180199
309 22.196898
310 20.857708
311 20.839514
312 21.958687
313 22.484928
314 21.886839
315 22.76034
316 21.89075
317 20.367294
318 19.604057
319 20.21262
320 19.693193
321 18.679705
322 19.797235
323 20.895468
324 21.246616
325 21.618504
326 21.170343
327 20.99734
328 20.900528
329 20.776957
330 20.342556
331 19.720867
332 21.129074
333 21.59911
334 20.134806
335 20.208044
336 21.333483
337 20.056751
338 18.292374
339 19.401922
340 18.614292
341 19.01002
342 18.424686
343 18.387741
344 18.619038
345 19.062824
346 20.65894
347 21.183268
348 21.849655
349 21.071384
350 19.704987
351 19.660643
352 19.691555
353 20.146296
354 21.346226
355 20.258356
356 20.681606
357 21.554325
358 21.714432
359 20.105053
360 20.669468
361 20.705963
362 21.059704
363 19.634615
364 20.6498
365 19.99379
366 20.068699
367 20.66947
368 19.520285
369 20.558332
370 20.441044
371 20.342943
372 20.332304
373 22.280115
374 22.04955
375 21.288908
376 22.630926
377 22.299297
378 22.46201
379 22.09894
380 22.71904
381 20.63137
382 20.704931
383 20.62174
384 20.699146
385 20.122108
386 19.613544
387 19.403624
388 19.744137
389 19.075083
390 20.371338
391 19.243006
392 18.742678
393 20.526752
394 20.380741
395 21.072678
396 20.882626
397 20.396976
398 21.883316
399 21.726595
400 21.751648
401 21.622864
402 21.244343
403 21.535341
404 20.145931
405 20.105206
406 19.10206
407 19.204447
408 18.372427
409 17.76064
410 17.633816
411 18.643509
412 18.384573
413 19.271832
414 20.47343
415 20.887125
416 21.468786
417 19.968117
418 21.507809
419 21.986197
420 21.408834
421 20.809183
422 21.93891
423 20.258348
424 19.798689
425 18.931906
426 19.479984
427 19.681314
428 19.533703
429 18.123653
430 18.732517
431 19.102207
432 20.236364
433 19.891819
434 19.530533
435 20.476906
436 19.633099
437 21.416248
438 21.320114
439 20.16521
440 21.251873
441 21.100063
442 20.395756
443 19.95693
444 21.601063
445 20.787548
446 20.573652
447 20.800644
448 19.572863
449 19.498993
450 18.049137
451 19.06866
452 18.889072
453 18.392998
454 18.561651
455 19.141167
456 17.777126
457 18.331306
458 19.349693
459 19.900429
460 19.405401
461 19.872782
462 20.120136
463 20.614676
464 21.005774
465 20.180641
466 20.833826
467 21.512192
468 20.985615
469 20.96324
470 20.1086
471 19.744625
472 19.315453
473 18.597284
474 18.093475
475 18.026817
476 16.968233
477 18.48153
478 19.60167
479 18.898752
480 17.874035
481 17.196266
482 17.094086
483 18.333889
484 17.477962
485 17.976048
486 17.562363
487 17.84977
488 17.485792
489 17.888279
490 17.455591
491 19.020855
492 17.15601
493 17.911919
494 17.985434
495 17.913845
496 18.977879
497 18.232653
498 19.272135
499 19.662985
500 20.107773
501 19.093441
502 18.611427
503 19.226334
504 19.497517
505 19.317707
506 18.398026
507 19.61456
508 18.929426
509 18.668491
510 18.268358
511 18.186981
512 20.076717
513 18.933598
514 18.336193
515 19.687525
516 18.187647
517 18.68615
518 19.352728
519 18.514832
520 17.95438
521 18.831123
522 18.659634
523 19.086145
524 18.682867
525 19.16779
526 18.740223
527 18.200314
528 19.10757
529 18.57085
530 17.724712
531 19.561838
532 18.832912
533 19.637756
534 18.48911
535 18.15857
536 18.83661
537 18.52903
538 17.138512
539 17.139807
540 17.594992
541 17.520987
542 17.389122
543 18.848486
544 18.275133
545 18.439117
546 18.436539
547 18.008055
548 18.755127
549 19.890278
550 19.706549
551 21.001028
552 19.135794
553 19.613192
554 19.757557
555 20.237068
556 19.038113
557 18.674664
558 19.483541
559 20.578426
560 18.66109
561 17.614904
562 17.690266
563 16.449593
564 17.580704
565 17.826284
566 17.402182
567 16.624018
568 17.69685
569 17.720007
570 17.525684
571 16.815962
572 18.470194
573 18.17006
574 17.648792
575 18.018864
576 17.641918
577 17.856314
578 17.741673
579 18.237267
580 18.244202
581 17.915823
582 19.560768
583 17.467716
584 17.972874
585 17.777544
586 18.79832
587 18.152527
588 19.501472
589 17.846434
590 17.056614
591 17.049839
592 16.590239
593 16.975555
594 16.328299
595 17.012196
596 17.10234
597 16.068825
598 16.89643
599 16.606983
600 15.570221
601 17.16428
602 16.366894
603 16.357738
604 17.51034
605 16.76618
606 16.784325
607 17.818148
608 17.647064
609 17.532352
610 18.159561
611 19.42224
612 18.172867
613 17.546194
614 17.761835
615 17.700125
616 17.2429
617 15.7126255
618 16.91987
619 17.675476
620 17.209549
621 16.227917
622 18.299656
623 17.08313
624 17.624573
625 17.921316
626 17.768652
627 18.509434
628 19.261436
629 20.326855
630 19.28104
631 17.442972
632 19.912941
633 18.488651
634 16.708841
635 18.904202
636 18.13765
637 17.06773
638 16.72055
639 17.878506
640 18.45928
641 18.209476
642 18.345224
643 18.206669
644 18.479166
645 18.27196
646 19.983486
647 17.835127
648 17.038757
649 16.259579
650 16.662561
651 16.664562
652 16.700985
653 16.667585
654 17.40921
655 17.97826
656 18.405764
657 18.476902
658 17.967684
659 17.788761
660 19.649374
661 18.06173
662 17.991692
663 18.527828
664 18.21843
665 16.982702
666 17.699612
667 17.001938
668 19.065601
669 17.959082
670 16.592571
671 17.316675
672 16.359213
673 17.302044
674 17.285864
675 16.40258
676 16.659557
677 17.298956
678 17.259218
679 15.795624
680 16.20881
681 16.230427
682 16.03846
683 16.961811
684 17.207903
685 17.915356
686 18.284569
687 18.503525
688 17.43995
689 17.213099
690 18.56667
691 17.823551
692 17.775293
693 17.953072
694 17.948538
695 18.809006
696 17.41695
697 17.011332
698 17.44437
699 18.274672
700 19.040768
701 18.79962
702 17.517067
703 17.037594
704 17.922688
705 17.568453
706 17.063581
707 18.213627
708 16.728191
709 18.052988
710 16.543423
711 17.265549
712 17.02143
713 17.687681
714 16.374485
715 17.387863
716 17.111816
717 16.772327
718 16.002722
719 15.946947
720 16.905506
721 16.820486
722 16.55789
723 17.522823
724 17.37955
725 17.546062
726 16.34962
727 16.30012
728 16.83012
729 16.48118
730 16.850267
731 15.970927
732 17.403088
733 15.644028
734 15.787157
735 15.682406
736 17.593952
737 16.294474
738 17.094131
739 16.04232
740 17.456003
741 17.834354
742 18.09708
743 17.638494
744 18.399014
745 17.050253
746 16.936375
747 16.438562
748 15.63358
749 15.995537
750 16.836191
751 17.22562
752 18.337948
753 18.050915
754 17.35336
755 16.75376
756 18.078594
757 16.607292
758 17.340378
759 16.523157
760 17.086563
761 16.407427
762 16.720446
763 18.036884
764 17.192331
765 15.472171
766 17.05205
767 16.87448
768 16.119425
769 16.314056
770 16.386862
771 17.206951
772 16.662802
773 17.884521
774 16.806028
775 16.726301
776 17.20223
777 16.319263
778 16.107273
779 15.496805
780 15.775844
781 14.458094
782 15.367885
783 15.854948
784 16.987772
785 15.677622
786 17.220844
787 15.627754
788 15.573212
789 16.829355
790 16.348104
791 16.160934
792 16.075321
793 15.847308
794 16.472683
795 17.194723
796 17.282627
797 17.103277
798 18.073496
799 17.873075
800 17.34255
801 17.443735
802 18.040691
803 17.878235
804 17.327868
805 17.607994
806 17.26379
807 16.791704
808 17.285831
809 17.569752
810 15.410352
811 16.245075
812 15.941366
813 16.230904
814 17.373602
815 16.230673
816 16.644829
817 16.30615
818 16.714518
819 17.550528
820 17.054394
821 17.184769
822 18.434155
823 18.173483
824 18.756292
825 16.43619
826 16.419836
827 18.349909
828 18.44215
829 17.16418
830 17.423115
831 17.06053
832 17.882109
833 18.454432
834 17.238483
835 17.41138
836 17.544352
837 16.862133
838 15.819804
839 15.45542
840 15.407776
841 15.160382
842 15.859172
843 16.100512
844 16.412598
845 16.873083
846 17.607159
847 17.598265
848 16.208637
849 16.724617
850 16.596655
851 18.729319
852 16.948132
853 16.483522
854 16.190672
855 16.847359
856 16.624346
857 16.846333
858 15.96568
859 16.804083
860 16.65364
861 16.227081
862 17.141882
863 17.739872
864 17.391232
865 17.124344
866 17.527493
867 16.969744
868 17.65961
869 17.319675
870 18.359522
871 18.357925
872 17.431026
873 15.506233
874 15.202899
875 15.23322
876 15.172114
877 15.420224
878 13.792906
879 15.401357
880 17.244678
881 15.559458
882 15.333471
883 14.746857
884 15.489902
885 14.17394
886 15.836914
887 15.060112
888 16.588383
889 15.941444
890 16.446339
891 15.672739
892 16.591211
893 15.073697
894 15.676483
895 15.378908
896 17.03634
897 16.841879
898 16.224115
899 16.331558
900 17.29725
901 16.31119
902 16.084188
903 16.021
904 15.784389
905 15.668457
906 14.645941
907 13.816244
908 13.692581
909 14.332972
910 14.769145
911 14.160208
912 14.961889
913 15.339398
914 15.0167465
915 15.348808
916 16.602444
917 17.896318
918 16.980406
919 16.806831
920 17.551685
921 17.831772
922 17.044437
923 16.752064
924 16.690126
925 15.860117
926 16.502937
927 16.537415
928 15.871907
929 15.65336
930 16.374233
931 14.980682
932 16.06287
933 16.930622
934 17.524197
935 16.336842
936 16.778898
937 15.591121
938 15.341888
939 17.174732
940 16.44996
941 15.3615265
942 16.167074
943 16.319513
944 16.58812
945 16.358929
946 17.344767
947 16.772749
948 17.10228
949 16.42799
950 15.775839
951 15.374243
952 14.868752
953 15.017035
954 14.592372
955 14.4386215
956 15.91897
957 15.519063
958 15.302442
959 15.700401
960 16.143637
961 14.644511
962 17.211548
963 16.93116
964 15.5474415
965 14.858526
966 16.973637
967 16.120579
968 16.93726
969 15.885457
970 16.410864
971 15.906761
972 16.035496
973 17.846123
974 16.308382
975 17.001186
976 16.545559
977 16.548817
978 17.171768
979 16.86643
980 16.303848
981 17.009502
982 15.957675
983 16.369427
984 16.036348
985 16.015957
986 16.394098
987 16.036533
988 15.804062
989 16.414007
990 16.212149
991 16.970417
992 15.985682
993 16.160458
994 15.807348
995 17.010448
996 16.833782
997 16.46436
998 17.215815
999 17.856024
1000 15.8432255
