1 0.003125
2 0.009375
3 0.028125
4 0.0875
5 0.078125
6 0.084375
7 0.125
8 0.1125
9 0.1125
10 0.134375
11 0.1125
12 0.121875
13 0.13125
14 0.13125
15 0.13125
16 0.096875
17 0.140625
18 0.10625
19 0.0625
20 0.109375
21 0.08125
22 0.10625
23 0.128125
24 0.128125
25 0.140625
26 0.11875
27 0.14375
28 0.1375
29 0.1375
30 0.121875
31 0.190625
32 0.14375
33 0.128125
34 0.13125
35 0.1125
36 0.121875
37 0.134375
38 0.1125
39 0.1125
40 0.140625
41 0.171875
42 0.140625
43 0.15
44 0.15625
45 0.121875
46 0.128125
47 0.15
48 0.140625
49 0.11875
50 0.121875
51 0.121875
52 0.125
53 0.140625
54 0.125
55 0.1
56 0.16875
57 0.103125
58 0.125
59 0.11875
60 0.13125
61 0.121875
62 0.125
63 0.08125
64 0.121875
65 0.1125
66 0.153125
67 0.128125
68 0.11875
69 0.13125
70 0.096875
71 0.14375
72 0.146875
73 0.153125
74 0.13125
75 0.146875
76 0.11875
77 0.121875
78 0.15625
79 0.134375
80 0.146875
81 0.11875
82 0.146875
83 0.190625
84 0.146875
85 0.140625
86 0.15625
87 0.14375
88 0.15625
89 0.16875
90 0.159375
91 0.125
92 0.134375
93 0.153125
94 0.15625
95 0.171875
96 0.165625
97 0.18125
98 0.171875
99 0.153125
100 0.159375
101 0.146875
102 0.1875
103 0.146875
104 0.184375
105 0.15625
106 0.153125
107 0.125
108 0.178125
109 0.190625
110 0.21875
111 0.2125
112 0.1875
113 0.175
114 0.184375
115 0.1875
116 0.1875
117 0.159375
118 0.190625
119 0.178125
120 0.184375
121 0.175
122 0.184375
123 0.221875
124 0.175
125 0.178125
126 0.184375
127 0.184375
128 0.2
129 0.225
130 0.2
131 0.159375
132 0.2125
133 0.190625
134 0.203125
135 0.184375
136 0.215625
137 0.178125
138 0.178125
139 0.14375
140 0.178125
141 0.203125
142 0.18125
143 0.175
144 0.175
145 0.18125
146 0.196875
147 0.24375
148 0.259375
149 0.21875
150 0.23125
151 0.215625
152 0.23125
153 0.184375
154 0.2375
155 0.221875
156 0.24375
157 0.23125
158 0.20625
159 0.1875
160 0.234375
161 0.234375
162 0.203125
163 0.2375
164 0.2
165 0.203125
166 0.225
167 0.240625
168 0.234375
169 0.203125
170 0.20625
171 0.25625
172 0.246875
173 0.24375
174 0.23125
175 0.2125
176 0.228125
177 0.24375
178 0.21875
179 0.246875
180 0.246875
181 0.23125
182 0.2
183 0.228125
184 0.2625
185 0.196875
186 0.20625
187 0.271875
188 0.215625
189 0.190625
190 0.228125
191 0.1875
192 0.19375
193 0.290625
194 0.23125
195 0.2375
196 0.26875
197 0.215625
198 0.1875
199 0.20625
200 0.203125
201 0.228125
202 0.159375
203 0.196875
204 0.20625
205 0.2125
206 0.20625
207 0.19375
208 0.209375
209 0.2
210 0.221875
211 0.23125
212 0.2
213 0.2625
214 0.2375
215 0.234375
216 0.240625
217 0.2375
218 0.215625
219 0.246875
220 0.2625
221 0.284375
222 0.2
223 0.2
224 0.25
225 0.228125
226 0.234375
227 0.278125
228 0.221875
229 0.2375
230 0.203125
231 0.24375
232 0.2625
233 0.2375
234 0.234375
235 0.2875
236 0.23125
237 0.24375
238 0.234375
239 0.240625
240 0.19375
241 0.25
242 0.228125
243 0.296875
244 0.24375
245 0.18125
246 0.228125
247 0.209375
248 0.234375
249 0.246875
250 0.2625
251 0.24375
252 0.1875
253 0.20625
254 0.246875
255 0.234375
256 0.265625
257 0.25625
258 0.21875
259 0.25
260 0.240625
261 0.2375
262 0.275
263 0.259375
264 0.215625
265 0.203125
266 0.234375
267 0.25
268 0.275
269 0.2375
270 0.25
271 0.2375
272 0.2625
273 0.246875
274 0.240625
275 0.221875
276 0.24375
277 0.29375
278 0.25
279 0.234375
280 0.228125
281 0.271875
282 0.221875
283 0.24375
284 0.21875
285 0.25
286 0.228125
287 0.253125
288 0.290625
289 0.2625
290 0.23125
291 0.209375
292 0.215625
293 0.271875
294 0.23125
295 0.209375
296 0.2375
297 0.2375
298 0.234375
299 0.259375
300 0.29375
301 0.2375
302 0.23125
303 0.25
304 0.25
305 0.296875
306 0.275
307 0.284375
308 0.25
309 0.234375
310 0.28125
311 0.284375
312 0.259375
313 0.240625
314 0.2625
315 0.265625
316 0.275
317 0.275
318 0.26875
319 0.228125
320 0.275
321 0.246875
322 0.24375
323 0.259375
324 0.26875
325 0.2375
326 0.26875
327 0.309375
328 0.25625
329 0.26875
330 0.328125
331 0.290625
332 0.240625
333 0.2625
334 0.275
335 0.259375
336 0.25
337 0.321875
338 0.265625
339 0.2625
340 0.228125
341 0.215625
342 0.265625
343 0.26875
344 0.309375
345 0.26875
346 0.265625
347 0.2375
348 0.2625
349 0.24375
350 0.278125
351 0.26875
352 0.25625
353 0.246875
354 0.234375
355 0.25625
356 0.234375
357 0.246875
358 0.284375
359 0.196875
360 0.246875
361 0.2375
362 0.315625
363 0.2375
364 0.275
365 0.271875
366 0.28125
367 0.246875
368 0.275
369 0.221875
370 0.3
371 0.33125
372 0.2875
373 0.303125
374 0.28125
375 0.275
376 0.253125
377 0.228125
378 0.296875
379 0.303125
380 0.290625
381 0.2875
382 0.240625
383 0.215625
384 0.2875
385 0.24375
386 0.240625
387 0.325
388 0.275
389 0.29375
390 0.24375
391 0.303125
392 0.278125
393 0.25
394 0.28125
395 0.26875
396 0.21875
397 0.24375
398 0.29375
399 0.25625
400 0.3
401 0.278125
402 0.29375
403 0.25625
404 0.2875
405 0.29375
406 0.2875
407 0.284375
408 0.325
409 0.24375
410 0.3125
411 0.278125
412 0.2625
413 0.2375
414 0.21875
415 0.296875
416 0.25
417 0.278125
418 0.284375
419 0.25625
420 0.24375
421 0.21875
422 0.275
423 0.290625
424 0.253125
425 0.278125
426 0.253125
427 0.278125
428 0.24375
429 0.353125
430 0.2875
431 0.28125
432 0.275
433 0.30625
434 0.265625
435 0.290625
436 0.26875
437 0.265625
438 0.265625
439 0.275
440 0.2625
441 0.29375
442 0.275
443 0.23125
444 0.2625
445 0.2875
446 0.3
447 0.26875
448 0.240625
449 0.278125
450 0.225
451 0.25
452 0.309375
453 0.2625
454 0.309375
455 0.2375
456 0.215625
457 0.2625
458 0.26875
459 0.3125
460 0.240625
461 0.246875
462 0.265625
463 0.271875
464 0.315625
465 0.33125
466 0.2875
467 0.303125
468 0.290625
469 0.2875
470 0.2875
471 0.26875
472 0.278125
473 0.31875
474 0.296875
475 0.265625
476 0.246875
477 0.3125
478 0.3
479 0.2875
480 0.278125
481 0.28125
482 0.315625
483 0.265625
484 0.35625
485 0.24375
486 0.278125
487 0.2875
488 0.31875
489 0.278125
490 0.29375
491 0.24375
492 0.328125
493 0.25625
494 0.246875
495 0.2375
496 0.284375
497 0.35
498 0.296875
499 0.29375
500 0.20625
501 0.240625
502 0.29375
503 0.2375
504 0.278125
505 0.26875
506 0.31875
507 0.2625
508 0.290625
509 0.31875
510 0.315625
511 0.328125
512 0.246875
513 0.3375
514 0.278125
515 0.3125
516 0.2875
517 0.28125
518 0.3125
519 0.25625
520 0.26875
521 0.34375
522 0.278125
523 0.271875
524 0.265625
525 0.240625
526 0.275
527 0.275
528 0.26875
529 0.303125
530 0.3
531 0.29375
532 0.275
533 0.259375
534 0.21875
535 0.296875
536 0.29375
537 0.278125
538 0.24375
539 0.303125
540 0.3
541 0.2625
542 0.303125
543 0.278125
544 0.284375
545 0.278125
546 0.33125
547 0.265625
548 0.309375
549 0.28125
550 0.29375
551 0.284375
552 0.26875
553 0.259375
554 0.284375
555 0.253125
556 0.365625
557 0.3625
558 0.278125
559 0.284375
560 0.315625
561 0.346875
562 0.278125
563 0.284375
564 0.378125
565 0.325
566 0.315625
567 0.31875
568 0.284375
569 0.290625
570 0.33125
571 0.28125
572 0.271875
573 0.325
574 0.2875
575 0.278125
576 0.309375
577 0.275
578 0.296875
579 0.3125
580 0.325
581 0.275
582 0.371875
583 0.365625
584 0.365625
585 0.29375
586 0.303125
587 0.28125
588 0.33125
589 0.3125
590 0.309375
591 0.3375
592 0.315625
593 0.321875
594 0.353125
595 0.303125
596 0.3375
597 0.365625
598 0.278125
599 0.359375
600 0.29375
601 0.271875
602 0.26875
603 0.328125
604 0.290625
605 0.271875
606 0.340625
607 0.315625
608 0.271875
609 0.265625
610 0.290625
611 0.303125
612 0.275
613 0.30625
614 0.321875
615 0.34375
616 0.3125
617 0.325
618 0.334375
619 0.365625
620 0.38125
621 0.303125
622 0.325
623 0.346875
624 0.35625
625 0.359375
626 0.328125
627 0.265625
628 0.3
629 0.290625
630 0.31875
631 0.2375
632 0.296875
633 0.2875
634 0.290625
635 0.33125
636 0.321875
637 0.2625
638 0.30625
639 0.2875
640 0.353125
641 0.3125
642 0.28125
643 0.309375
644 0.353125
645 0.309375
646 0.346875
647 0.31875
648 0.340625
649 0.340625
650 0.259375
651 0.36875
652 0.325
653 0.325
654 0.325
655 0.321875
656 0.321875
657 0.3
658 0.25
659 0.334375
660 0.3625
661 0.35
662 0.375
663 0.296875
664 0.284375
665 0.33125
666 0.3
667 0.359375
668 0.31875
669 0.3
670 0.3375
671 0.31875
672 0.253125
673 0.328125
674 0.315625
675 0.346875
676 0.275
677 0.296875
678 0.325
679 0.278125
680 0.240625
681 0.309375
682 0.265625
683 0.3125
684 0.315625
685 0.315625
686 0.315625
687 0.2375
688 0.284375
689 0.3125
690 0.321875
691 0.278125
692 0.30625
693 0.309375
694 0.303125
695 0.275
696 0.3875
697 0.2625
698 0.38125
699 0.36875
700 0.28125
701 0.3125
702 0.3375
703 0.334375
704 0.35
705 0.3375
706 0.353125
707 0.3125
708 0.31875
709 0.328125
710 0.328125
711 0.375
712 0.321875
713 0.290625
714 0.290625
715 0.33125
716 0.278125
717 0.3125
718 0.29375
719 0.25625
720 0.30625
721 0.309375
722 0.34375
723 0.35
724 0.290625
725 0.3375
726 0.278125
727 0.296875
728 0.271875
729 0.33125
730 0.334375
731 0.321875
732 0.315625
733 0.35625
734 0.29375
735 0.321875
736 0.346875
737 0.28125
738 0.309375
739 0.3375
740 0.2875
741 0.3625
742 0.2375
743 0.30625
744 0.3
745 0.31875
746 0.2875
747 0.303125
748 0.359375
749 0.359375
750 0.3875
751 0.34375
752 0.290625
753 0.328125
754 0.3125
755 0.265625
756 0.28125
757 0.29375
758 0.271875
759 0.3375
760 0.259375
761 0.3625
762 0.340625
763 0.325
764 0.328125
765 0.328125
766 0.31875
767 0.346875
768 0.328125
769 0.328125
770 0.3
771 0.321875
772 0.33125
773 0.346875
774 0.35
775 0.334375
776 0.3625
777 0.328125
778 0.33125
779 0.371875
780 0.265625
781 0.28125
782 0.3375
783 0.325
784 0.309375
785 0.321875
786 0.33125
787 0.36875
788 0.284375
789 0.31875
790 0.315625
791 0.359375
792 0.325
793 0.28125
794 0.35
795 0.315625
796 0.296875
797 0.3
798 0.334375
799 0.328125
800 0.3375
801 0.26875
802 0.309375
803 0.321875
804 0.271875
805 0.271875
806 0.290625
807 0.33125
808 0.36875
809 0.3375
810 0.2625
811 0.340625
812 0.3375
813 0.271875
814 0.29375
815 0.275
816 0.3
817 0.271875
818 0.271875
819 0.30625
820 0.39375
821 0.3375
822 0.340625
823 0.321875
824 0.325
825 0.2875
826 0.3125
827 0.334375
828 0.29375
829 0.328125
830 0.271875
831 0.246875
832 0.3375
833 0.328125
834 0.38125
835 0.328125
836 0.278125
837 0.321875
838 0.309375
839 0.290625
840 0.334375
841 0.33125
842 0.321875
843 0.315625
844 0.33125
845 0.353125
846 0.309375
847 0.309375
848 0.25625
849 0.29375
850 0.35
851 0.3125
852 0.33125
853 0.334375
854 0.328125
855 0.284375
856 0.303125
857 0.31875
858 0.28125
859 0.2875
860 0.35
861 0.2875
862 0.365625
863 0.284375
864 0.284375
865 0.30625
866 0.278125
867 0.325
868 0.265625
869 0.3125
870 0.265625
871 0.33125
872 0.371875
873 0.325
874 0.321875
875 0.33125
876 0.321875
877 0.26875
878 0.359375
879 0.3
880 0.296875
881 0.253125
882 0.2875
883 0.3625
884 0.34375
885 0.2875
886 0.353125
887 0.3375
888 0.346875
889 0.353125
890 0.29375
891 0.35
892 0.375
893 0.3375
894 0.365625
895 0.36875
896 0.33125
897 0.296875
898 0.346875
899 0.328125
900 0.3125
901 0.365625
902 0.30625
903 0.275
904 0.290625
905 0.271875
906 0.275
907 0.328125
908 0.36875
909 0.365625
910 0.321875
911 0.315625
912 0.31875
913 0.39375
914 0.278125
915 0.36875
916 0.340625
917 0.321875
918 0.371875
919 0.3125
920 0.309375
921 0.346875
922 0.278125
923 0.359375
924 0.346875
925 0.30625
926 0.315625
927 0.359375
928 0.359375
929 0.35
930 0.3625
931 0.3
932 0.25625
933 0.31875
934 0.371875
935 0.371875
936 0.321875
937 0.3625
938 0.378125
939 0.303125
940 0.29375
941 0.309375
942 0.328125
943 0.265625
944 0.3375
945 0.30625
946 0.36875
947 0.296875
948 0.31875
949 0.275
950 0.275
951 0.396875
952 0.275
953 0.3375
954 0.315625
955 0.378125
956 0.359375
957 0.46875
958 0.303125
959 0.3
960 0.3375
961 0.296875
962 0.315625
963 0.371875
964 0.346875
965 0.3375
966 0.340625
967 0.309375
968 0.3375
969 0.35625
970 0.303125
971 0.25625
972 0.328125
973 0.328125
974 0.384375
975 0.34375
976 0.365625
977 0.278125
978 0.28125
979 0.359375
980 0.315625
981 0.31875
982 0.315625
983 0.275
984 0.34375
985 0.36875
986 0.3375
987 0.321875
988 0.296875
989 0.340625
990 0.3625
991 0.290625
992 0.321875
993 0.31875
994 0.3
995 0.315625
996 0.321875
997 0.346875
998 0.309375
999 0.2625
1000 0.365625
