1 7.697932
2 7.6553726
3 7.5850525
4 7.4952908
5 7.3961525
6 7.273727
7 6.9622316
8 6.725178
9 6.5707464
10 6.2816854
11 6.1303663
12 5.9643836
13 5.8390517
14 6.062221
15 5.706005
16 5.7533994
17 5.546811
18 5.6999106
19 5.754983
20 5.479586
21 5.4523606
22 5.439797
23 5.140115
24 5.133397
25 5.1447473
26 5.2113075
27 5.433177
28 5.4745016
29 5.330454
30 5.5373535
31 5.084697
32 5.289715
33 5.293434
34 5.425361
35 5.583116
36 5.2328987
37 5.369369
38 5.233065
39 5.4498887
40 5.3384466
41 5.0717497
42 5.2527266
43 5.1008496
44 5.3670197
45 5.314161
46 5.261166
47 5.3609595
48 5.171369
49 5.3446155
50 4.992094
51 5.047764
52 5.2445836
53 5.077549
54 5.1581054
55 5.4200034
56 5.106336
57 5.228571
58 5.293338
59 5.1688952
60 5.017032
61 5.2965302
62 5.1430087
63 5.576911
64 5.1958776
65 5.3394785
66 5.3478866
67 5.2122135
68 5.4022574
69 5.1795917
70 5.5313625
71 5.0964937
72 5.2206316
73 5.0216146
74 5.072248
75 4.9488335
76 5.1172123
77 5.040548
78 4.8199067
79 5.221579
80 5.2553854
81 5.2703485
82 5.004379
83 4.9912887
84 4.8635387
85 5.2707253
86 4.9983864
87 4.7975483
88 5.0063186
89 4.6974
90 4.858031
91 5.0372734
92 5.1346684
93 4.997166
94 5.1556473
95 4.9454875
96 5.110378
97 4.86024
98 4.9778852
99 5.0992737
100 4.9412174
101 4.998312
102 4.881788
103 4.9852753
104 4.853567
105 4.9157376
106 4.774163
107 4.7836757
108 4.8698792
109 4.691428
110 4.610952
111 4.7822495
112 4.750528
113 4.7898936
114 4.8082633
115 4.7690926
116 4.8399143
117 4.725398
118 4.5976915
119 4.8178964
120 4.708051
121 4.769661
122 4.830598
123 4.6788883
124 4.8757844
125 4.7843213
126 4.7459197
127 4.7624087
128 4.682702
129 4.752275
130 4.7235427
131 4.8035674
132 4.713327
133 4.85104
134 4.5865254
135 4.5758686
136 4.513921
137 4.6673393
138 4.7622747
139 4.809494
140 4.7869816
141 4.5978737
142 4.800402
143 4.8764653
144 4.750374
145 4.660087
146 4.6836295
147 4.396745
148 4.4113197
149 4.415229
150 4.486137
151 4.457126
152 4.4610295
153 4.5952225
154 4.4876347
155 4.335438
156 4.4819155
157 4.5654836
158 4.5823874
159 4.5774174
160 4.4467845
161 4.395642
162 4.4003754
163 4.3560567
164 4.486107
165 4.652677
166 4.35265
167 4.270093
168 4.468264
169 4.4869556
170 4.666091
171 4.4925857
172 4.2374825
173 4.5048594
174 4.3242173
175 4.7168264
176 4.5525956
177 4.480944
178 4.6248403
179 4.1053452
180 4.1550345
181 4.4594493
182 4.3889136
183 4.6336427
184 4.335624
185 4.506973
186 4.510325
187 4.448577
188 4.2791257
189 4.6506495
190 4.4937396
191 4.543286
192 4.6419697
193 4.3754907
194 4.417582
195 4.306879
196 4.2191753
197 4.6313515
198 4.517564
199 4.6072254
200 4.4569974
201 4.3610764
202 4.4801726
203 4.519037
204 4.473489
205 4.437342
206 4.499019
207 4.4407067
208 4.5606923
209 4.5195184
210 4.4836445
211 4.45774
212 4.410639
213 4.389452
214 4.306631
215 4.332249
216 4.4114776
217 4.325517
218 4.325503
219 4.2316394
220 4.2041316
221 4.112498
222 4.4338517
223 4.578291
224 4.488621
225 4.327197
226 4.3775907
227 4.1827874
228 4.313777
229 4.189409
230 4.352752
231 4.338021
232 4.017959
233 4.4212294
234 4.2399445
235 4.119074
236 4.507055
237 4.1834154
238 4.2584662
239 4.312856
240 4.468783
241 4.1479135
242 4.28073
243 4.014796
244 4.3421755
245 4.592385
246 4.4691234
247 4.488603
248 4.469859
249 4.578179
250 4.283305
251 4.245949
252 4.4008975
253 4.2138805
254 4.091682
255 4.177208
256 3.942773
257 4.1896505
258 4.1917515
259 4.061202
260 4.00793
261 4.1410303
262 4.135849
263 4.298066
264 4.24266
265 4.257438
266 4.300306
267 4.23622
268 4.092421
269 4.223501
270 4.1837544
271 4.2783647
272 4.1811976
273 4.305471
274 4.2057962
275 4.251934
276 4.2826676
277 4.1018047
278 4.028037
279 4.195381
280 4.186092
281 4.1476793
282 4.5146217
283 4.1861763
284 4.3193903
285 4.0495543
286 4.290571
287 4.186538
288 4.043446
289 4.1038065
290 4.2955046
291 4.3754807
292 4.427476
293 4.2061405
294 4.2240243
295 4.109048
296 4.169913
297 4.198708
298 4.266249
299 3.9402347
300 3.9520547
301 4.130076
302 4.1917305
303 4.0859466
304 4.1347423
305 3.7777426
306 3.9515126
307 4.0946264
308 4.213262
309 4.2272058
310 4.1657357
311 3.8383713
312 3.9347591
313 4.1217365
314 4.162238
315 3.9576995
316 4.0238786
317 4.050512
318 4.1025023
319 4.2481165
320 4.077672
321 4.150207
322 4.098891
323 4.094187
324 4.0509195
325 4.2187295
326 3.9296937
327 3.6583004
328 4.087361
329 4.0263553
330 3.71925
331 4.0641465
332 4.249091
333 4.0409656
334 3.886076
335 4.09768
336 4.1956162
337 3.764277
338 4.05576
339 4.090093
340 4.2852774
341 4.026505
342 3.9687645
343 4.182162
344 3.9629197
345 3.8849306
346 3.8810835
347 4.0793138
348 4.1934586
349 4.082464
350 3.9733148
351 4.103759
352 4.1273494
353 4.1663465
354 4.1824923
355 4.167371
356 4.242689
357 3.9458234
358 3.9572654
359 4.253233
360 4.1156254
361 3.9353585
362 3.7396743
363 4.170418
364 3.8581603
365 3.9996037
366 4.00481
367 4.0505276
368 3.944715
369 4.1842036
370 3.9876056
371 3.589944
372 3.7751608
373 3.8369849
374 4.1974287
375 3.9338434
376 4.127844
377 4.033509
378 3.906876
379 3.7261517
380 3.794695
381 3.978456
382 4.205929
383 4.271197
384 3.8662112
385 3.9628441
386 4.030194
387 3.7108479
388 3.9133542
389 3.8582468
390 3.9765265
391 3.6963673
392 3.9921267
393 3.9834125
394 4.0284796
395 4.0772634
396 4.1501346
397 4.066662
398 3.9483526
399 3.980514
400 3.6970756
401 3.8459833
402 3.9131787
403 4.014673
404 4.0112762
405 4.016524
406 4.027902
407 3.9674647
408 3.8015957
409 4.155378
410 3.8417165
411 3.8823645
412 3.8946977
413 4.1179233
414 4.2440786
415 4.0879884
416 4.0677
417 3.9921503
418 3.9261224
419 4.010151
420 4.212661
421 4.213303
422 3.995377
423 3.9336562
424 4.2319393
425 4.285063
426 4.1432567
427 4.0727158
428 4.0414968
429 3.6403544
430 3.6053336
431 4.187028
432 4.0804605
433 4.092172
434 4.017412
435 4.0757756
436 3.8537388
437 3.9261916
438 4.0041757
439 3.8509052
440 3.8809512
441 3.729789
442 3.858924
443 4.121866
444 3.9179869
445 3.8812144
446 3.7349162
447 4.018329
448 3.8941336
449 3.836786
450 3.9919
451 4.2073593
452 3.8115807
453 4.1233
454 3.6819305
455 4.054435
456 4.0437627
457 3.9091237
458 4.0817165
459 3.7597852
460 3.8998673
461 3.8587737
462 3.8288586
463 3.949781
464 3.7583292
465 3.8734028
466 3.8750048
467 3.6476781
468 3.8409717
469 3.8413625
470 4.0072727
471 4.052537
472 4.017588
473 3.6791005
474 3.7801232
475 3.860852
476 3.9561007
477 3.8223832
478 3.9352689
479 3.9307027
480 4.1243434
481 3.9636266
482 3.862236
483 3.9172876
484 3.685954
485 4.0707717
486 4.086368
487 3.9459376
488 3.6259096
489 3.8875806
490 3.7918472
491 4.0434155
492 3.901503
493 4.1274953
494 4.090722
495 3.9706745
496 3.8991716
497 3.792708
498 3.9098225
499 3.858056
500 4.260766
501 4.048839
502 3.834836
503 4.014766
504 4.0801187
505 3.8196304
506 3.883116
507 4.1569095
508 3.8885565
509 3.6820452
510 3.7024417
511 3.718958
512 4.1182423
513 3.780933
514 3.8522782
515 3.8358877
516 3.8228104
517 3.8950932
518 3.8191702
519 3.8906124
520 3.997188
521 3.7823985
522 4.0995207
523 3.7941415
524 4.0927405
525 4.0045457
526 3.973243
527 3.8755784
528 3.857182
529 3.6649632
530 3.8448358
531 3.7362695
532 3.6934054
533 3.9341612
534 4.1566215
535 3.723438
536 3.6845462
537 4.0019655
538 3.825588
539 3.6225336
540 3.7532606
541 4.0821524
542 3.8111844
543 3.9091547
544 3.8625576
545 3.968684
546 3.6437447
547 3.9119117
548 3.8427577
549 3.7854605
550 3.820264
551 3.9458773
552 3.8605902
553 3.8264556
554 3.7369347
555 3.8688908
556 3.3568068
557 3.4376738
558 3.6936653
559 3.7324479
560 3.772073
561 3.5644636
562 3.7883823
563 3.8399756
564 3.4653723
565 3.6532447
566 3.616411
567 3.6023574
568 3.8600483
569 3.9344602
570 3.7855258
571 3.8046558
572 3.8679125
573 3.4558496
574 3.540662
575 3.9026427
576 3.6478503
577 3.9921541
578 3.7908092
579 3.7114537
580 3.648784
581 3.825913
582 3.4317594
583 3.4825296
584 3.619747
585 4.0122786
586 3.9953501
587 4.0651035
588 3.6376894
589 3.7569957
590 3.8655074
591 3.7715428
592 3.747087
593 3.8584607
594 3.721644
595 3.7843878
596 3.5997908
597 3.5684896
598 4.0126257
599 3.437513
600 3.5772426
601 3.8285503
602 3.9243627
603 3.6764872
604 3.7657692
605 3.7291377
606 3.5641546
607 3.8109748
608 4.0018563
609 3.908335
610 3.850717
611 3.7703412
612 3.8197494
613 3.9481204
614 3.6917458
615 3.4885418
616 3.8097486
617 3.9420116
618 3.6080523
619 3.5077775
620 3.280527
621 3.6225343
622 3.6759727
623 3.701284
624 3.5481486
625 3.6276186
626 3.7547302
627 4.116399
628 3.8023741
629 3.754805
630 3.7017086
631 4.122045
632 3.772689
633 3.8064427
634 3.8377547
635 3.6661339
636 3.6177096
637 3.9013627
638 3.6921844
639 3.9858553
640 3.3993328
641 3.8734465
642 3.8267982
643 3.5873935
644 3.5980332
645 3.5305853
646 3.634156
647 3.6481571
648 3.511748
649 3.5810747
650 3.8315082
651 3.5712428
652 3.7887523
653 3.7650979
654 3.657686
655 3.757722
656 3.636172
657 3.8210366
658 3.977501
659 3.6765013
660 3.5217469
661 3.64829
662 3.4841328
663 3.902567
664 4.1116257
665 3.7214444
666 3.7528918
667 3.4904487
668 3.6451168
669 3.7773683
670 3.571303
671 3.806308
672 4.1054497
673 3.7622356
674 3.7303824
675 3.5914652
676 3.992661
677 3.7812662
678 3.7524247
679 3.7992787
680 4.056302
681 3.8778753
682 4.1744404
683 3.8916805
684 3.9409964
685 3.5587533
686 3.8058088
687 4.1952167
688 3.9789279
689 3.6761453
690 3.6531959
691 3.7476635
692 3.8042104
693 3.6164563
694 3.7582963
695 3.7407887
696 3.4490273
697 3.9421525
698 3.4896553
699 3.595342
700 3.6279197
701 3.8339376
702 3.579188
703 3.641433
704 3.5020645
705 3.6604977
706 3.5237322
707 3.7554138
708 3.6580696
709 3.6998272
710 3.6894326
711 3.6064754
712 3.7324557
713 3.814715
714 3.900421
715 3.7029898
716 3.7646782
717 3.8050618
718 3.8418028
719 4.1795382
720 3.9205337
721 3.818461
722 3.7113037
723 3.5541852
724 3.7277343
725 3.5274868
726 3.8962593
727 3.72542
728 3.9394133
729 3.5985312
730 3.589189
731 3.6485245
732 3.6599607
733 3.5338063
734 3.820342
735 3.529773
736 3.480587
737 3.9883547
738 3.8389864
739 3.5002432
740 3.9012158
741 3.6228004
742 3.9168904
743 3.7941327
744 3.6846113
745 3.7652092
746 3.8162131
747 3.790944
748 3.5281394
749 3.363251
750 3.178605
751 3.4828231
752 3.7270577
753 3.8406851
754 3.8772519
755 3.831845
756 3.816019
757 3.6912735
758 3.739201
759 3.647359
760 4.035707
761 3.4749293
762 3.4616096
763 3.5426402
764 3.6825569
765 3.700505
766 3.6181467
767 3.5260391
768 3.5305161
769 3.513383
770 3.730406
771 3.7198627
772 3.492436
773 3.659512
774 3.4027076
775 3.3527117
776 3.475341
777 3.4958706
778 3.5297034
779 3.4169888
780 3.7557123
781 3.6905465
782 3.4410746
783 3.5342798
784 3.6046622
785 3.5767252
786 3.427298
787 3.3858788
788 3.8372116
789 3.64043
790 3.6742766
791 3.3709762
792 3.666392
793 3.5956283
794 3.400727
795 3.6213853
796 3.6680741
797 3.6791904
798 3.396632
799 3.7937648
800 3.6274972
801 3.8348358
802 3.9255466
803 3.776514
804 3.8667147
805 3.7841272
806 3.7448397
807 3.5676923
808 3.283726
809 3.6279988
810 3.8745847
811 3.7083747
812 3.7992089
813 3.8437753
814 3.9238303
815 3.859885
816 3.7868257
817 3.818216
818 3.7795513
819 3.6953094
820 3.2969046
821 3.5874028
822 3.6115332
823 3.521081
824 3.5936153
825 3.6176639
826 3.7071743
827 3.747852
828 3.7440462
829 3.5926893
830 3.7979438
831 4.0945797
832 3.472607
833 3.6827986
834 3.247409
835 3.5210984
836 3.9014657
837 3.5800867
838 3.4629858
839 3.6990275
840 3.4897091
841 3.6061714
842 3.5879781
843 3.645708
844 3.4308953
845 3.5871782
846 3.6439
847 3.6122746
848 3.940174
849 3.7519274
850 3.409867
851 3.6167295
852 3.5152555
853 3.495897
854 3.5958211
855 4.033649
856 3.57107
857 3.510881
858 3.83633
859 3.9457045
860 3.6288648
861 3.8036916
862 3.553037
863 3.7742927
864 3.794756
865 3.719369
866 3.723099
867 3.8375823
868 4.004564
869 3.6967173
870 3.7584188
871 3.5019333
872 3.2424445
873 3.6733313
874 3.6474965
875 3.4416776
876 3.6832967
877 3.894588
878 3.513399
879 3.800248
880 3.7432244
881 4.0679917
882 3.6618016
883 3.4640381
884 3.4190812
885 3.6576602
886 3.4358447
887 3.2972806
888 3.5621707
889 3.3983269
890 3.6929305
891 3.623671
892 3.3281856
893 3.5404844
894 3.511814
895 3.2802877
896 3.7196732
897 3.7582357
898 3.6037953
899 3.625216
900 3.6325521
901 3.4624906
902 3.7740917
903 3.9482067
904 3.7680342
905 3.9619622
906 3.8153152
907 3.6116295
908 3.4201732
909 3.4839983
910 3.5760372
911 3.7570817
912 3.5955615
913 3.302305
914 3.6361156
915 3.43473
916 3.507784
917 3.5895703
918 3.4654965
919 3.6205542
920 3.676116
921 3.65083
922 3.858093
923 3.5667145
924 3.5137224
925 3.6654992
926 3.6523364
927 3.390247
928 3.680172
929 3.5037787
930 3.4189923
931 3.7247806
932 3.9325893
933 3.5415003
934 3.3725836
935 3.5841026
936 3.5809865
937 3.3954177
938 3.2467256
939 3.873929
940 3.7976851
941 3.749312
942 3.6494548
943 3.883317
944 3.596139
945 3.6058385
946 3.5252721
947 3.6316743
948 3.7731817
949 3.7956069
950 3.6151145
951 3.2939987
952 3.6536813
953 3.5736732
954 3.643565
955 3.398093
956 3.397758
957 3.0303075
958 3.7344172
959 3.7680316
960 3.4150922
961 3.6092079
962 3.4700568
963 3.3467417
964 3.4725735
965 3.2884176
966 3.5495949
967 3.8516924
968 3.544414
969 3.222647
970 3.6528463
971 3.8939073
972 3.619147
973 3.5753438
974 3.290319
975 3.4852126
976 3.3800857
977 3.803967
978 3.5706687
979 3.597915
980 3.748061
981 3.6779
982 3.6332073
983 3.727925
984 3.6741626
985 3.4030313
986 3.6303287
987 3.6031
988 3.5287118
989 3.6280193
990 3.503407
991 3.8811252
992 3.7485104
993 3.9108953
994 3.7597656
995 3.7456648
996 3.6689723
997 3.5215278
998 3.7050104
999 3.8434253
1000 3.3796635
