1 5.3357997
2 5.3063
3 5.257558
4 5.1953397
5 5.126622
6 5.0417633
7 4.8258514
8 4.661538
9 4.5544944
10 4.3541327
11 4.249246
12 4.134196
13 4.0473223
14 4.2020116
15 3.9551015
16 3.9879525
17 3.8447566
18 3.950877
19 3.9890504
20 3.7981598
21 3.7792885
22 3.7705798
23 3.562856
24 3.5581996
25 3.5660672
26 3.6122031
27 3.7659912
28 3.7946353
29 3.6947892
30 3.838201
31 3.5244434
32 3.6665509
33 3.669129
34 3.7605739
35 3.8699212
36 3.6271691
37 3.7217631
38 3.6272845
39 3.777575
40 3.7003293
41 3.515469
42 3.6409125
43 3.5356395
44 3.7201347
45 3.6834958
46 3.6467624
47 3.715934
48 3.5845199
49 3.704605
50 3.4602559
51 3.4988434
52 3.6352684
53 3.5194888
54 3.5753262
55 3.7568603
56 3.5394425
57 3.624169
58 3.6690621
59 3.5828052
60 3.4775417
61 3.671275
62 3.564862
63 3.8656201
64 3.601508
65 3.7010446
66 3.7068725
67 3.612831
68 3.7445595
69 3.5902195
70 3.8340485
71 3.5326202
72 3.6186662
73 3.4807181
74 3.5158143
75 3.43027
76 3.5469813
77 3.4938416
78 3.3409047
79 3.619323
80 3.6427555
81 3.6531272
82 3.468771
83 3.4596977
84 3.3711483
85 3.6533883
86 3.4646175
87 3.325407
88 3.4701157
89 3.2559896
90 3.3673306
91 3.491572
92 3.5590808
93 3.4637718
94 3.5736225
95 3.4279506
96 3.542244
97 3.3688617
98 3.450407
99 3.534547
100 3.4249911
101 3.4645658
102 3.3837974
103 3.4555297
104 3.3642364
105 3.4073296
106 3.3091977
107 3.3157914
108 3.375543
109 3.2518501
110 3.1960683
111 3.314803
112 3.292815
113 3.3201013
114 3.3328342
115 3.3056831
116 3.354773
117 3.2753963
118 3.186877
119 3.3395114
120 3.2633724
121 3.3060772
122 3.3483155
123 3.2431583
124 3.3796363
125 3.3162389
126 3.2896209
127 3.3010502
128 3.245802
129 3.2940261
130 3.2741103
131 3.329579
132 3.2670293
133 3.3624847
134 3.1791372
135 3.1717505
136 3.1288114
137 3.2351532
138 3.3009574
139 3.3336873
140 3.3180828
141 3.1870034
142 3.3273854
143 3.3801084
144 3.2927082
145 3.2301261
146 3.2464447
147 3.0475914
148 3.057694
149 3.0604033
150 3.1095533
151 3.0894444
152 3.0921502
153 3.1851654
154 3.1105914
155 3.0050964
156 3.1066272
157 3.1645522
158 3.176269
159 3.172824
160 3.082276
161 3.0468268
162 3.050108
163 3.0193884
164 3.1095324
165 3.2249901
166 3.0170271
167 2.9598029
168 3.0971646
169 3.1101208
170 3.234288
171 3.1140232
172 2.937199
173 3.1225307
174 2.997319
175 3.269455
176 3.155619
177 3.1059537
178 3.205695
179 2.8456085
180 2.8800504
181 3.0910547
182 3.0421631
183 3.2117963
184 3.005226
185 3.1239955
186 3.1263192
187 3.0835185
188 2.966064
189 3.2235847
190 3.1148229
191 3.1491659
192 3.2175682
193 3.032859
194 3.0620346
195 2.985301
196 2.9245095
197 3.2102082
198 3.1313367
199 3.1934853
200 3.0893552
201 3.022868
202 3.105419
203 3.1323576
204 3.1007862
205 3.0757313
206 3.1184826
207 3.0780635
208 3.161231
209 3.1326916
210 3.1078255
211 3.0898697
212 3.057222
213 3.0425363
214 2.985129
215 3.0028863
216 3.0578032
217 2.9982202
218 2.9982102
219 2.9331489
220 2.914082
221 2.8505664
222 3.0733118
223 3.1734295
224 3.1112752
225 2.9993844
226 3.0343146
227 2.8992875
228 2.9900823
229 2.9038768
230 3.017098
231 3.006887
232 2.785037
233 3.0645626
234 2.9389057
235 2.8551245
236 3.1240525
237 2.8997226
238 2.9517438
239 2.9894443
240 3.0975244
241 2.8751144
242 2.967176
243 2.7828445
244 3.0097666
245 3.1831987
246 3.0977602
247 3.1112626
248 3.0982704
249 3.1733518
250 2.968961
251 2.9430676
252 3.0504696
253 2.9208393
254 2.8361378
255 2.8954198
256 2.732922
257 2.9040444
258 2.905501
259 2.8150108
260 2.7780852
261 2.8703434
262 2.8667521
263 2.9791925
264 2.940788
265 2.9510312
266 2.9807448
267 2.936324
268 2.8366501
269 2.9275079
270 2.8999577
271 2.9655366
272 2.8981853
273 2.9843252
274 2.915236
275 2.947216
276 2.968519
277 2.8431544
278 2.7920227
279 2.9080167
280 2.9015777
281 2.8749523
282 3.1292973
283 2.9016364
284 2.9939733
285 2.8069372
286 2.9739974
287 2.9018872
288 2.8027031
289 2.844542
290 2.977417
291 3.0328522
292 3.0688925
293 2.9154744
294 2.9278705
295 2.848175
296 2.8903632
297 2.9103227
298 2.9571385
299 2.7311625
300 2.7393556
301 2.8627505
302 2.905486
303 2.8321624
304 2.865985
305 2.6185317
306 2.7389798
307 2.8381789
308 2.9204106
309 2.930076
310 2.8874679
311 2.6605563
312 2.7273672
313 2.85697
314 2.8850436
315 2.7432683
316 2.7891402
317 2.8076007
318 2.843638
319 2.94457
320 2.8264267
321 2.8767045
322 2.8411348
323 2.837874
324 2.8078835
325 2.9242005
326 2.7238562
327 2.5357406
328 2.8331428
329 2.7908568
330 2.5779877
331 2.8170516
332 2.9452457
333 2.800984
334 2.6936226
335 2.8402953
336 2.9081798
337 2.609198
338 2.8112385
339 2.8350365
340 2.9703279
341 2.7909606
342 2.750938
343 2.8988538
344 2.7468867
345 2.6928287
346 2.6901622
347 2.8275647
348 2.906684
349 2.8297486
350 2.754092
351 2.844509
352 2.8608606
353 2.8878913
354 2.8990827
355 2.8886013
356 2.940808
357 2.7350364
358 2.7429674
359 2.9481165
360 2.852734
361 2.7277827
362 2.5921447
363 2.8907135
364 2.674273
365 2.772314
366 2.7759225
367 2.807612
368 2.7342682
369 2.900269
370 2.7639976
371 2.4883595
372 2.6167421
373 2.6595953
374 2.9094357
375 2.7267325
376 2.8612034
377 2.7958152
378 2.7080402
379 2.5827715
380 2.6302822
381 2.7576556
382 2.9153278
383 2.9605682
384 2.6798534
385 2.7468343
386 2.7935176
387 2.5721638
388 2.7125304
389 2.6743329
390 2.756318
391 2.5621266
392 2.7671313
393 2.7610912
394 2.7923293
395 2.8261435
396 2.8766541
397 2.8187952
398 2.7367895
399 2.759082
400 2.5626175
401 2.6658325
402 2.7124088
403 2.7827594
404 2.7804048
405 2.7840424
406 2.791929
407 2.750037
408 2.6350653
409 2.8802884
410 2.662875
411 2.69105
412 2.6995988
413 2.854327
414 2.941771
415 2.8335776
416 2.8195148
417 2.7671478
418 2.7213807
419 2.7796247
420 2.9199939
421 2.9204392
422 2.7693844
423 2.7266028
424 2.9333568
425 2.970179
426 2.8718867
427 2.8229916
428 2.801352
429 2.5233014
430 2.4990268
431 2.9022267
432 2.8283596
433 2.8364778
434 2.784658
435 2.8251123
436 2.6712081
437 2.7214286
438 2.7754831
439 2.669244
440 2.6900704
441 2.5852928
442 2.6748023
443 2.85706
444 2.7157416
445 2.6902528
446 2.5888467
447 2.7852936
448 2.6992078
449 2.6594574
450 2.7669742
451 2.9163194
452 2.6419864
453 2.858054
454 2.5521197
455 2.8103201
456 2.8029227
457 2.709598
458 2.8292303
459 2.6060846
460 2.703182
461 2.674698
462 2.6539626
463 2.7377796
464 2.6050754
465 2.6848383
466 2.6859486
467 2.5283778
468 2.6623588
469 2.6626296
470 2.7776299
471 2.8090045
472 2.7847798
473 2.5501583
474 2.6201818
475 2.6761386
476 2.74216
477 2.6494741
478 2.7277205
479 2.7245555
480 2.858777
481 2.7473767
482 2.677098
483 2.715257
484 2.5549088
485 2.821644
486 2.8324544
487 2.7351155
488 2.513289
489 2.6946657
490 2.6283083
491 2.8026822
492 2.704316
493 2.8609617
494 2.8354726
495 2.7522619
496 2.7027
497 2.6289048
498 2.7100825
499 2.6742008
500 2.9533381
501 2.8064415
502 2.6581059
503 2.782824
504 2.8281226
505 2.647566
506 2.691571
507 2.88135
508 2.695342
509 2.5521994
510 2.566337
511 2.5777853
512 2.8545482
513 2.620743
514 2.6701958
515 2.6588347
516 2.6497703
517 2.699873
518 2.647247
519 2.696767
520 2.7706397
521 2.621759
522 2.8415713
523 2.6298985
524 2.8368716
525 2.7757397
526 2.7540421
527 2.6863463
528 2.673595
529 2.540359
530 2.6650372
531 2.5897846
532 2.5600736
533 2.7269528
534 2.8811505
535 2.5808907
536 2.553933
537 2.7739513
538 2.6516955
539 2.510949
540 2.601562
541 2.8295324
542 2.6417117
543 2.7096195
544 2.677321
545 2.7508821
546 2.5256515
547 2.7115307
548 2.6635966
549 2.6238813
550 2.6480052
551 2.7350738
552 2.6759572
553 2.652297
554 2.5902457
555 2.6817107
556 2.3267612
557 2.382814
558 2.5602536
559 2.5871358
560 2.6146019
561 2.4706979
562 2.6259065
563 2.6616683
564 2.402013
565 2.5322363
566 2.506705
567 2.496964
568 2.6755817
569 2.72716
570 2.6239266
571 2.6371865
572 2.6810327
573 2.3954124
574 2.4542
575 2.7051058
576 2.5284972
577 2.7671504
578 2.6275887
579 2.5725837
580 2.5291443
581 2.6519208
582 2.3787143
583 2.4139056
584 2.5090175
585 2.7810996
586 2.7693658
587 2.8177152
588 2.521454
589 2.604151
590 2.6793656
591 2.6142342
592 2.597283
593 2.6744812
594 2.579647
595 2.6231377
596 2.495185
597 2.4734886
598 2.7813401
599 2.3827026
600 2.4795556
601 2.653749
602 2.720161
603 2.5483468
604 2.6102324
605 2.5848413
606 2.4704838
607 2.6415665
608 2.7738755
609 2.7090514
610 2.6691136
611 2.6134014
612 2.6476486
613 2.7366285
614 2.5589232
615 2.418073
616 2.6407166
617 2.7323942
618 2.5009112
619 2.431406
620 2.273888
621 2.5109494
622 2.54799
623 2.5655346
624 2.4593892
625 2.5144737
626 2.6025808
627 2.8532703
628 2.6356049
629 2.6026325
630 2.5658288
631 2.857184
632 2.6150289
633 2.638425
634 2.6601288
635 2.5411704
636 2.5076053
637 2.7042186
638 2.5592272
639 2.7627845
640 2.356238
641 2.6848686
642 2.6525345
643 2.4865918
644 2.4939666
645 2.4472153
646 2.519005
647 2.52871
648 2.4341583
649 2.4822118
650 2.6557992
651 2.4753969
652 2.626163
653 2.609767
654 2.5353148
655 2.6046543
656 2.5204024
657 2.6485407
658 2.7569935
659 2.5483565
660 2.441089
661 2.528802
662 2.415017
663 2.7050533
664 2.8499618
665 2.5795088
666 2.6013064
667 2.4193947
668 2.5266025
669 2.6182723
670 2.4754386
671 2.6383317
672 2.845681
673 2.607783
674 2.585704
675 2.489414
676 2.7675018
677 2.620974
678 2.6009827
679 2.6334593
680 2.8116145
681 2.6879385
682 2.8935015
683 2.6975074
684 2.7316906
685 2.46674
686 2.6379857
687 2.9079027
688 2.7579827
689 2.5481098
690 2.5322025
691 2.5976825
692 2.6368778
693 2.5067365
694 2.6050525
695 2.5929172
696 2.3906837
697 2.732492
698 2.4188447
699 2.4921012
700 2.5146823
701 2.657483
702 2.480904
703 2.524049
704 2.4274461
705 2.5372636
706 2.442465
707 2.6030545
708 2.5355806
709 2.564525
710 2.5573199
711 2.4998183
712 2.5871413
713 2.6441588
714 2.7035658
715 2.566717
716 2.609476
717 2.6374679
718 2.6629348
719 2.8970351
720 2.717507
721 2.6467555
722 2.5724797
723 2.4635735
724 2.5838685
725 2.4450676
726 2.7006812
727 2.5822644
728 2.7305932
729 2.4943118
730 2.4878364
731 2.5289645
732 2.5368915
733 2.4494479
734 2.6480594
735 2.4466522
736 2.412559
737 2.7645168
738 2.6609826
739 2.4261837
740 2.7041168
741 2.511134
742 2.7149816
743 2.6298923
744 2.553978
745 2.6098442
746 2.6451974
747 2.6276822
748 2.44552
749 2.331228
750 2.203241
751 2.414109
752 2.5833995
753 2.6621602
754 2.6875062
755 2.6560326
756 2.645063
757 2.558596
758 2.5918167
759 2.5281565
760 2.797339
761 2.4086375
762 2.399405
763 2.4555712
764 2.552554
765 2.5649946
766 2.507908
767 2.4440641
768 2.4471674
769 2.4352915
770 2.5857205
771 2.5784123
772 2.420772
773 2.5365806
774 2.3585773
775 2.3239226
776 2.408923
777 2.423153
778 2.446604
779 2.3684762
780 2.6032615
781 2.5580919
782 2.3851712
783 2.4497762
784 2.4985614
785 2.479197
786 2.375622
787 2.3469124
788 2.6597524
789 2.5233538
790 2.5468144
791 2.3365827
792 2.5413494
793 2.4922996
794 2.3572044
795 2.510153
796 2.5425153
797 2.5502205
798 2.3543658
799 2.6296375
800 2.5143895
801 2.6581056
802 2.7209816
803 2.61768
804 2.6802025
805 2.6229572
806 2.595725
807 2.472936
808 2.2761054
809 2.5147371
810 2.6856575
811 2.5704496
812 2.633411
813 2.664302
814 2.719792
815 2.6754684
816 2.6248276
817 2.6465857
818 2.6197853
819 2.5613933
820 2.2852402
821 2.4865983
822 2.503324
823 2.4406273
824 2.4909043
825 2.5075736
826 2.5696175
827 2.5978131
828 2.595175
829 2.4902625
830 2.632534
831 2.8381464
832 2.4070277
833 2.5527215
834 2.2509325
835 2.4406395
836 2.70429
837 2.481527
838 2.400359
839 2.5639706
840 2.4188821
841 2.4996076
842 2.486997
843 2.5270123
844 2.3781154
845 2.4864426
846 2.525759
847 2.503838
848 2.7311206
849 2.600638
850 2.3635397
851 2.5069258
852 2.4365895
853 2.4231713
854 2.4924333
855 2.7959125
856 2.4752772
857 2.4335573
858 2.6591413
859 2.7349539
860 2.5153375
861 2.6365182
862 2.4627776
863 2.6161404
864 2.6303244
865 2.5780702
866 2.5806556
867 2.6600094
868 2.7757523
869 2.562369
870 2.6051373
871 2.4273553
872 2.2474914
873 2.5461593
874 2.528252
875 2.3855891
876 2.5530667
877 2.6995227
878 2.4353025
879 2.6341312
880 2.5946054
881 2.819717
882 2.5381675
883 2.4010882
884 2.3699265
885 2.535297
886 2.381546
887 2.2855008
888 2.4691086
889 2.3555408
890 2.5597444
891 2.5117373
892 2.3069224
893 2.4540768
894 2.434204
895 2.2737222
896 2.578281
897 2.6050105
898 2.4979606
899 2.5128083
900 2.5178933
901 2.4000156
902 2.6160011
903 2.7366884
904 2.6118023
905 2.746223
906 2.644575
907 2.5033908
908 2.3706834
909 2.4149237
910 2.4787202
911 2.6042106
912 2.4922533
913 2.2889833
914 2.5203633
915 2.3807735
916 2.4314106
917 2.4881005
918 2.4020991
919 2.509577
920 2.5480895
921 2.5305626
922 2.6742263
923 2.472258
924 2.4355268
925 2.5407305
926 2.5316067
927 2.3499403
928 2.550901
929 2.4286344
930 2.369865
931 2.5818212
932 2.7258632
933 2.454781
934 2.3376968
935 2.4843106
936 2.4821508
937 2.3535242
938 2.2504587
939 2.685203
940 2.6323547
941 2.598825
942 2.5296094
943 2.6917102
944 2.4926536
945 2.4993768
946 2.4435325
947 2.5172849
948 2.6153703
949 2.6309142
950 2.5058064
951 2.283226
952 2.532539
953 2.4770815
954 2.5255268
955 2.3553786
956 2.3551464
957 2.100449
958 2.5885007
959 2.6118004
960 2.3671615
961 2.5017123
962 2.40526
963 2.3197846
964 2.4070046
965 2.2793574
966 2.4603918
967 2.6697898
968 2.4568007
969 2.2337687
970 2.5319602
971 2.699051
972 2.5086017
973 2.4782395
974 2.2806754
975 2.4157653
976 2.342897
977 2.636709
978 2.474999
979 2.4938846
980 2.5979578
981 2.5493262
982 2.5183475
983 2.5840008
984 2.5467355
985 2.3588016
986 2.5163522
987 2.4974787
988 2.4459167
989 2.5147514
990 2.4283767
991 2.690191
992 2.5982695
993 2.7108262
994 2.606071
995 2.596297
996 2.5431378
997 2.440937
998 2.5681176
999 2.6640594
1000 2.3426042
