1 204.3252
2 203.55109
3 203.60501
4 202.94456
5 201.58943
6 199.1199
7 192.50102
8 182.27768
9 167.4252
10 148.12308
11 120.49382
12 92.94377
13 68.32962
14 54.587086
15 49.35783
16 47.73538
17 47.196693
18 44.961082
19 43.389153
20 41.904537
21 40.385662
22 39.51712
23 38.80105
24 37.596367
25 36.10688
26 34.324394
27 33.372646
28 33.01771
29 33.15583
30 34.11275
31 35.10025
32 36.43426
33 37.432907
34 38.46212
35 39.30945
36 40.038307
37 41.071358
38 42.390358
39 42.87336
40 43.468792
41 43.539955
42 43.15467
43 42.111626
44 40.919365
45 39.360893
46 38.334106
47 37.643135
48 37.45756
49 37.345985
50 37.48546
51 37.924297
52 38.151497
53 38.466236
54 38.441338
55 38.676228
56 38.893604
57 38.410126
58 38.402565
59 38.439903
60 38.08944
61 37.7623
62 37.652245
63 37.748604
64 38.742466
65 39.433605
66 40.231583
67 40.05651
68 40.63257
69 40.762985
70 41.106335
71 42.014088
72 41.778595
73 40.25692
74 39.631798
75 37.23379
76 37.536327
77 37.23835
78 35.821632
79 35.054497
80 36.161938
81 36.75646
82 37.52983
83 37.48561
84 36.85686
85 36.64806
86 37.76716
87 36.451572
88 35.293602
89 35.205727
90 35.577198
91 35.38665
92 39.82801
93 38.097145
94 37.726357
95 37.959846
96 38.19601
97 40.080093
98 39.37451
99 37.619247
100 35.853962
101 36.14646
102 35.280293
103 33.353836
104 35.36451
105 33.778625
106 33.982807
107 36.400032
108 36.844975
109 35.53681
110 36.491932
111 34.44637
112 32.560158
113 33.293835
114 31.144817
115 32.32499
116 32.014046
117 30.392109
118 31.440079
119 33.734375
120 34.83501
121 38.40103
122 38.35382
123 36.431755
124 39.135765
125 35.821724
126 32.782887
127 31.268362
128 30.842884
129 31.376959
130 30.72221
131 30.572992
132 33.649944
133 33.648712
134 32.094822
135 31.501825
136 33.033253
137 33.470448
138 31.911753
139 33.63742
140 33.244984
141 30.082525
142 31.93397
143 31.822077
144 34.722103
145 33.882774
146 33.431927
147 32.579437
148 32.18013
149 31.941208
150 31.740244
151 31.325817
152 28.50031
153 28.558786
154 28.635065
155 28.950964
156 28.290457
157 30.155542
158 30.432049
159 30.66446
160 29.056284
161 29.548206
162 27.603725
163 28.851345
164 28.517262
165 28.660864
166 28.024664
167 27.34201
168 29.113073
169 29.110556
170 27.343082
171 29.902344
172 27.175518
173 27.109278
174 28.613926
175 27.519129
176 28.000744
177 27.619228
178 28.286388
179 28.370703
180 26.371159
181 28.625986
182 26.26217
183 28.748367
184 29.887402
185 30.616907
186 28.838572
187 29.002789
188 29.059582
189 27.079624
190 28.456415
191 28.751709
192 28.91164
193 29.58984
194 27.99281
195 27.6572
196 28.23172
197 29.287182
198 29.21344
199 27.668554
200 28.515278
201 28.16416
202 27.194223
203 27.464642
204 27.30134
205 27.552557
206 26.439758
207 25.652546
208 25.432352
209 26.937128
210 26.601177
211 27.7521
212 26.794037
213 27.717554
214 27.441034
215 27.940695
216 28.177692
217 26.54808
218 27.0259
219 26.542486
220 25.656956
221 24.821415
222 24.77345
223 26.376057
224 27.325626
225 27.14005
226 27.50241
227 26.7888
228 26.057354
229 25.75819
230 25.892529
231 25.593008
232 25.14714
233 24.38948
234 25.583988
235 26.977758
236 26.730658
237 25.200527
238 24.500736
239 25.467321
240 23.789145
241 23.400173
242 24.243908
243 24.107452
244 23.452152
245 24.844715
246 24.546219
247 24.465641
248 24.408253
249 26.108677
250 25.344992
251 25.582794
252 24.671043
253 25.17175
254 24.381496
255 24.039309
256 23.611485
257 23.189167
258 23.239416
259 23.92664
260 24.427105
261 24.660557
262 24.99165
263 25.298117
264 23.634184
265 23.820238
266 23.31813
267 22.758696
268 21.920425
269 24.992666
270 23.199387
271 23.252096
272 25.342937
273 23.595098
274 25.221752
275 25.12363
276 26.16225
277 25.12825
278 24.658327
279 23.927092
280 23.567886
281 23.059109
282 23.126892
283 23.669003
284 22.28061
285 23.53176
286 22.335432
287 23.920698
288 23.53442
289 23.108402
290 23.530212
291 24.74024
292 24.78365
293 24.603827
294 24.888584
295 22.771353
296 22.664215
297 24.498407
298 23.982876
299 23.030567
300 22.4995
301 21.758335
302 22.864178
303 22.284323
304 21.374722
305 21.485207
306 21.697124
307 22.085093
308 23.118862
309 22.983393
310 24.672024
311 22.750982
312 21.562931
313 23.009039
314 22.7131
315 23.431387
316 24.007835
317 22.788523
318 21.461105
319 21.926891
320 21.816858
321 21.510849
322 21.355871
323 21.22917
324 20.480625
325 20.867535
326 19.70106
327 19.989162
328 22.046894
329 22.168018
330 21.275421
331 21.71509
332 22.22268
333 22.241444
334 20.384628
335 20.74325
336 20.331537
337 19.439821
338 20.362116
339 19.627499
340 20.546253
341 19.258245
342 19.794504
343 20.533148
344 20.998602
345 21.832396
346 20.850693
347 20.636774
348 20.602774
349 20.303743
350 21.810627
351 21.836475
352 22.671528
353 22.133566
354 22.60596
355 22.523748
356 23.500925
357 22.326748
358 21.952078
359 22.545055
360 22.935095
361 21.939463
362 21.137768
363 21.128468
364 19.92754
365 20.803593
366 20.60878
367 18.64777
368 18.501186
369 19.945593
370 20.193054
371 19.579212
372 19.535084
373 19.468586
374 21.149647
375 21.5677
376 19.467197
377 20.366293
378 19.863018
379 19.56598
380 20.032019
381 19.137394
382 20.517267
383 21.186651
384 19.111713
385 19.718258
386 20.77493
387 19.487787
388 19.85027
389 19.88767
390 20.93421
391 19.757843
392 19.666243
393 19.988197
394 19.720911
395 20.644142
396 20.437994
397 20.447449
398 20.83511
399 20.105417
400 19.104465
401 21.930136
402 21.922577
403 22.141132
404 20.562923
405 22.070427
406 21.301605
407 22.511751
408 21.729847
409 21.153143
410 21.303944
411 20.818329
412 20.263975
413 20.560173
414 19.798285
415 19.661018
416 19.485418
417 20.321877
418 20.716583
419 19.565027
420 20.925226
421 21.133934
422 20.553413
423 23.112667
424 22.539171
425 22.72201
426 22.372284
427 21.332853
428 21.915058
429 20.213673
430 20.83129
431 20.705578
432 21.28951
433 20.525108
434 21.592781
435 21.776669
436 21.535389
437 21.910696
438 18.990822
439 20.864847
440 20.502323
441 19.959005
442 21.56908
443 20.645487
444 20.216797
445 18.505362
446 18.367287
447 18.446383
448 17.832794
449 18.273142
450 18.131155
451 18.468555
452 18.041224
453 19.227741
454 18.707216
455 19.973122
456 19.822512
457 19.119394
458 19.089798
459 20.085392
460 20.385323
461 19.684694
462 19.512072
463 20.13736
464 19.23955
465 18.97253
466 18.19906
467 19.068913
468 18.800058
469 19.782482
470 19.575602
471 19.863836
472 20.725178
473 19.927845
474 19.375275
475 18.601538
476 20.014444
477 19.612888
478 19.768322
479 19.451727
480 19.83669
481 19.887722
482 18.39856
483 20.026497
484 18.944979
485 19.70477
486 19.529724
487 20.693111
488 19.74791
489 19.86883
490 20.480913
491 20.861902
492 20.66247
493 21.494022
494 21.151058
495 20.642208
496 21.174152
497 19.942999
498 20.470093
499 18.58905
500 18.820734
501 18.585384
502 19.20198
503 19.37973
504 19.925276
505 20.56699
506 20.432602
507 21.981485
508 20.958609
509 19.658482
510 19.732956
511 20.405499
512 21.466137
513 20.887995
514 19.932322
515 20.858404
516 19.334852
517 20.746424
518 20.532146
519 21.271297
520 19.41206
521 19.328104
522 19.37305
523 18.453533
524 19.645767
525 18.890623
526 19.605251
527 19.42131
528 19.050777
529 19.120132
530 19.326614
531 18.76199
532 19.357512
533 20.184381
534 19.977062
535 19.935703
536 19.161407
537 18.956411
538 18.255398
539 18.130737
540 18.04304
541 18.62467
542 19.076569
543 18.90087
544 18.724104
545 19.189224
546 19.087801
547 18.840555
548 19.137882
549 19.399326
550 19.665955
551 19.101694
552 18.664713
553 18.821936
554 20.051731
555 18.80814
556 17.523932
557 16.8979
558 17.058197
559 17.185328
560 17.007267
561 16.422148
562 17.772028
563 17.991123
564 16.90459
565 16.79314
566 16.513485
567 17.896084
568 17.75238
569 17.382534
570 16.10367
571 17.18145
572 17.16277
573 16.91914
574 17.626657
575 17.465153
576 17.5116
577 17.5415
578 17.634333
579 17.677052
580 16.008888
581 18.252655
582 16.854462
583 17.256388
584 18.139357
585 18.870815
586 19.665966
587 19.724264
588 18.380028
589 18.899174
590 18.490448
591 18.059631
592 17.797543
593 17.797216
594 17.975542
595 17.352413
596 17.796053
597 18.0956
598 19.006165
599 17.622194
600 19.021328
601 17.435604
602 17.739553
603 18.172867
604 17.762844
605 17.154652
606 17.583334
607 17.368504
608 18.54517
609 18.440674
610 18.83082
611 18.571344
612 18.074291
613 18.235462
614 18.11447
615 17.463251
616 19.584538
617 18.866222
618 17.624485
619 18.154766
620 17.239094
621 18.070263
622 18.222984
623 18.299137
624 17.84365
625 18.140194
626 17.808792
627 19.925705
628 18.549364
629 18.782463
630 17.560247
631 18.206947
632 17.998205
633 16.364853
634 18.08213
635 17.568096
636 17.219461
637 18.057255
638 17.512058
639 17.712376
640 17.586475
641 18.432207
642 17.77768
643 16.649858
644 18.16538
645 17.619297
646 18.134817
647 17.500347
648 17.390148
649 17.603174
650 18.770916
651 19.004013
652 18.845778
653 19.546198
654 19.235876
655 18.822454
656 18.185537
657 18.37376
658 18.857311
659 18.480038
660 17.112133
661 17.226849
662 16.763525
663 18.090424
664 17.436518
665 16.845789
666 17.204243
667 17.28287
668 16.696552
669 18.505665
670 17.663395
671 18.292688
672 20.229778
673 18.970778
674 18.855114
675 18.716906
676 20.165234
677 19.573889
678 19.399685
679 17.119143
680 20.502197
681 19.636667
682 19.46109
683 19.554745
684 17.800518
685 17.021465
686 17.461384
687 19.011522
688 18.210112
689 16.809145
690 15.8188305
691 17.012636
692 16.74979
693 16.69587
694 16.872028
695 18.079245
696 16.301569
697 18.368944
698 16.576916
699 17.787115
700 18.382652
701 19.010452
702 17.963991
703 17.768261
704 17.158817
705 16.878897
706 16.67775
707 17.000313
708 17.022022
709 17.499954
710 16.77976
711 16.30872
712 17.491093
713 16.902298
714 17.825127
715 16.546656
716 17.04109
717 17.722204
718 19.05663
719 18.610056
720 18.693567
721 18.283207
722 16.99949
723 17.447746
724 17.161293
725 18.331314
726 18.154333
727 18.015707
728 18.83396
729 18.082077
730 17.527119
731 17.277592
732 18.05268
733 17.991116
734 17.675684
735 17.057089
736 16.911554
737 18.453035
738 19.125744
739 18.58429
740 17.348124
741 18.146732
742 19.134428
743 19.22756
744 18.028683
745 19.038136
746 17.994064
747 18.171322
748 17.551022
749 16.944134
750 16.102427
751 17.622885
752 18.111702
753 18.793163
754 18.81177
755 18.58153
756 18.488956
757 18.566067
758 18.393353
759 17.964018
760 18.596008
761 17.325773
762 17.135805
763 17.003153
764 16.940094
765 16.94916
766 15.579468
767 16.341816
768 16.571972
769 16.7309
770 17.00354
771 17.868198
772 16.839685
773 16.39869
774 15.7963085
775 15.239929
776 15.600299
777 16.632767
778 16.530933
779 16.176586
780 16.880646
781 15.776471
782 15.885167
783 15.553601
784 15.028641
785 15.934944
786 15.897516
787 15.715848
788 15.474085
789 15.935045
790 16.293182
791 16.122501
792 16.494127
793 16.090277
794 16.349752
795 17.16977
796 18.044443
797 16.916874
798 15.55002
799 17.457184
800 16.092943
801 17.454845
802 17.07933
803 17.828224
804 17.101877
805 17.529352
806 15.952008
807 15.695149
808 14.951462
809 16.915752
810 18.030073
811 18.154985
812 18.760708
813 18.604937
814 17.920677
815 17.30721
816 18.26633
817 18.71227
818 17.849258
819 17.735117
820 16.96492
821 16.69683
822 17.113886
823 16.673395
824 16.778107
825 17.852268
826 17.35971
827 18.434818
828 18.23476
829 17.33882
830 17.65306
831 17.475246
832 16.305323
833 16.657984
834 15.895889
835 16.406849
836 17.024403
837 17.083149
838 16.092375
839 16.4912
840 16.526844
841 16.432354
842 16.639896
843 17.213223
844 17.116613
845 16.591797
846 17.16909
847 16.74147
848 17.43185
849 17.813015
850 17.08378
851 16.448957
852 16.658794
853 15.234926
854 15.55083
855 17.703264
856 17.053074
857 17.418533
858 17.399382
859 18.0304
860 17.72894
861 17.668844
862 16.713175
863 17.728735
864 18.252369
865 18.806738
866 18.213245
867 18.746143
868 19.628635
869 19.438726
870 16.95045
871 18.238262
872 16.319418
873 17.127209
874 16.624763
875 16.79033
876 16.552067
877 17.075212
878 16.883188
879 17.197897
880 16.965342
881 19.407156
882 17.405903
883 15.446818
884 16.044262
885 15.882489
886 15.421985
887 15.630655
888 16.237345
889 16.201351
890 17.214123
891 17.547148
892 15.686373
893 16.168552
894 16.336874
895 15.727554
896 16.688307
897 17.436172
898 18.221478
899 17.132696
900 17.046667
901 17.327696
902 17.667187
903 18.358389
904 16.78918
905 19.019428
906 18.575935
907 18.065966
908 16.914433
909 16.835995
910 16.865402
911 17.188549
912 16.597223
913 16.124434
914 17.007359
915 15.612701
916 16.559128
917 16.479189
918 16.964405
919 17.083996
920 16.86438
921 16.69932
922 17.228064
923 16.245928
924 16.17952
925 17.161865
926 17.202032
927 16.195644
928 17.76828
929 15.891774
930 16.071735
931 18.472778
932 18.110535
933 16.136944
934 17.066395
935 16.212818
936 15.735937
937 16.550173
938 16.040426
939 17.402683
940 17.370216
941 17.294964
942 18.175013
943 17.87053
944 17.105782
945 16.756786
946 16.894434
947 16.725773
948 17.098053
949 16.630796
950 17.978138
951 15.939508
952 16.25878
953 16.828228
954 17.241287
955 16.786514
956 15.757532
957 16.156116
958 16.663544
959 17.076914
960 17.484955
961 16.811274
962 16.452137
963 14.985593
964 16.653637
965 15.478392
966 15.399722
967 15.95842
968 16.012241
969 15.566027
970 16.497128
971 16.71147
972 15.763608
973 16.040104
974 15.774631
975 16.411123
976 15.906519
977 17.402903
978 16.369867
979 16.562065
980 16.678013
981 16.839987
982 15.787265
983 16.462236
984 15.553195
985 16.298796
986 16.87661
987 17.535347
988 17.42485
989 16.740618
990 16.8886
991 17.769161
992 17.53658
993 19.95383
994 19.162453
995 18.207531
996 18.026035
997 17.986805
998 17.58647
999 16.421108
1000 15.725996
