1 0.003125
2 0.0125
3 0.0375
4 0.090625
5 0.11875
6 0.1125
7 0.134375
8 0.121875
9 0.134375
10 0.11875
11 0.134375
12 0.115625
13 0.121875
14 0.09375
15 0.109375
16 0.103125
17 0.084375
18 0.08125
19 0.078125
20 0.10625
21 0.0625
22 0.053125
23 0.08125
24 0.065625
25 0.075
26 0.075
27 0.096875
28 0.134375
29 0.096875
30 0.13125
31 0.090625
32 0.121875
33 0.096875
34 0.115625
35 0.125
36 0.140625
37 0.115625
38 0.140625
39 0.1375
40 0.11875
41 0.134375
42 0.1
43 0.10625
44 0.109375
45 0.16875
46 0.109375
47 0.13125
48 0.109375
49 0.1375
50 0.128125
51 0.1375
52 0.115625
53 0.1375
54 0.1375
55 0.1125
56 0.103125
57 0.1125
58 0.103125
59 0.14375
60 0.11875
61 0.121875
62 0.128125
63 0.146875
64 0.125
65 0.153125
66 0.125
67 0.140625
68 0.165625
69 0.146875
70 0.16875
71 0.15625
72 0.175
73 0.125
74 0.15
75 0.090625
76 0.159375
77 0.159375
78 0.1375
79 0.13125
80 0.15
81 0.14375
82 0.14375
83 0.11875
84 0.134375
85 0.125
86 0.159375
87 0.13125
88 0.196875
89 0.128125
90 0.184375
91 0.1375
92 0.159375
93 0.1375
94 0.15
95 0.159375
96 0.1625
97 0.15625
98 0.1625
99 0.1625
100 0.16875
101 0.15
102 0.165625
103 0.184375
104 0.16875
105 0.20625
106 0.140625
107 0.1625
108 0.16875
109 0.178125
110 0.171875
111 0.175
112 0.178125
113 0.1625
114 0.14375
115 0.165625
116 0.15625
117 0.175
118 0.178125
119 0.184375
120 0.13125
121 0.15625
122 0.190625
123 0.19375
124 0.16875
125 0.190625
126 0.153125
127 0.184375
128 0.171875
129 0.20625
130 0.184375
131 0.184375
132 0.190625
133 0.19375
134 0.1875
135 0.178125
136 0.2125
137 0.20625
138 0.171875
139 0.234375
140 0.234375
141 0.225
142 0.23125
143 0.21875
144 0.265625
145 0.184375
146 0.215625
147 0.284375
148 0.25
149 0.196875
150 0.225
151 0.25
152 0.175
153 0.20625
154 0.228125
155 0.25
156 0.20625
157 0.24375
158 0.175
159 0.2125
160 0.221875
161 0.20625
162 0.2125
163 0.203125
164 0.209375
165 0.2125
166 0.19375
167 0.190625
168 0.196875
169 0.2
170 0.246875
171 0.246875
172 0.203125
173 0.19375
174 0.19375
175 0.25
176 0.271875
177 0.221875
178 0.253125
179 0.190625
180 0.253125
181 0.2125
182 0.184375
183 0.215625
184 0.23125
185 0.221875
186 0.225
187 0.23125
188 0.2625
189 0.215625
190 0.209375
191 0.2375
192 0.296875
193 0.25625
194 0.29375
195 0.246875
196 0.203125
197 0.259375
198 0.253125
199 0.2375
200 0.24375
201 0.253125
202 0.228125
203 0.2375
204 0.275
205 0.234375
206 0.275
207 0.26875
208 0.21875
209 0.225
210 0.265625
211 0.25625
212 0.240625
213 0.23125
214 0.259375
215 0.234375
216 0.221875
217 0.228125
218 0.19375
219 0.26875
220 0.240625
221 0.265625
222 0.2
223 0.25625
224 0.240625
225 0.209375
226 0.24375
227 0.240625
228 0.23125
229 0.234375
230 0.221875
231 0.240625
232 0.20625
233 0.24375
234 0.215625
235 0.21875
236 0.284375
237 0.259375
238 0.2625
239 0.246875
240 0.2625
241 0.225
242 0.240625
243 0.275
244 0.246875
245 0.246875
246 0.278125
247 0.275
248 0.253125
249 0.25625
250 0.2625
251 0.26875
252 0.25625
253 0.26875
254 0.275
255 0.221875
256 0.28125
257 0.30625
258 0.240625
259 0.25625
260 0.209375
261 0.253125
262 0.340625
263 0.28125
264 0.246875
265 0.2625
266 0.23125
267 0.284375
268 0.23125
269 0.2875
270 0.190625
271 0.2
272 0.2375
273 0.221875
274 0.228125
275 0.23125
276 0.24375
277 0.265625
278 0.2375
279 0.228125
280 0.215625
281 0.29375
282 0.26875
283 0.3
284 0.225
285 0.225
286 0.253125
287 0.2125
288 0.2625
289 0.2375
290 0.225
291 0.203125
292 0.2625
293 0.25625
294 0.2625
295 0.240625
296 0.240625
297 0.275
298 0.23125
299 0.203125
300 0.284375
301 0.24375
302 0.2625
303 0.265625
304 0.325
305 0.2625
306 0.296875
307 0.234375
308 0.309375
309 0.26875
310 0.28125
311 0.228125
312 0.25
313 0.275
314 0.290625
315 0.228125
316 0.303125
317 0.290625
318 0.26875
319 0.259375
320 0.265625
321 0.265625
322 0.246875
323 0.265625
324 0.28125
325 0.315625
326 0.271875
327 0.2375
328 0.234375
329 0.240625
330 0.23125
331 0.284375
332 0.275
333 0.25625
334 0.296875
335 0.284375
336 0.240625
337 0.271875
338 0.265625
339 0.228125
340 0.290625
341 0.2625
342 0.3125
343 0.296875
344 0.25625
345 0.25
346 0.24375
347 0.290625
348 0.2875
349 0.309375
350 0.26875
351 0.2375
352 0.25625
353 0.246875
354 0.240625
355 0.2625
356 0.24375
357 0.278125
358 0.26875
359 0.271875
360 0.290625
361 0.275
362 0.26875
363 0.2875
364 0.265625
365 0.278125
366 0.3
367 0.246875
368 0.321875
369 0.31875
370 0.290625
371 0.259375
372 0.259375
373 0.296875
374 0.25625
375 0.271875
376 0.365625
377 0.303125
378 0.35625
379 0.259375
380 0.265625
381 0.271875
382 0.29375
383 0.25
384 0.25625
385 0.290625
386 0.259375
387 0.265625
388 0.28125
389 0.25625
390 0.221875
391 0.33125
392 0.3
393 0.3125
394 0.290625
395 0.28125
396 0.34375
397 0.271875
398 0.271875
399 0.3125
400 0.2625
401 0.29375
402 0.29375
403 0.2625
404 0.31875
405 0.29375
406 0.303125
407 0.265625
408 0.259375
409 0.309375
410 0.25625
411 0.2625
412 0.2875
413 0.259375
414 0.309375
415 0.2875
416 0.2625
417 0.290625
418 0.284375
419 0.28125
420 0.325
421 0.29375
422 0.2875
423 0.246875
424 0.309375
425 0.290625
426 0.328125
427 0.2125
428 0.284375
429 0.28125
430 0.29375
431 0.375
432 0.309375
433 0.303125
434 0.25
435 0.309375
436 0.325
437 0.315625
438 0.26875
439 0.3
440 0.228125
441 0.28125
442 0.29375
443 0.265625
444 0.259375
445 0.2125
446 0.3125
447 0.234375
448 0.24375
449 0.3
450 0.28125
451 0.2625
452 0.296875
453 0.296875
454 0.28125
455 0.196875
456 0.30625
457 0.303125
458 0.28125
459 0.234375
460 0.24375
461 0.2625
462 0.259375
463 0.31875
464 0.30625
465 0.290625
466 0.303125
467 0.30625
468 0.321875
469 0.278125
470 0.278125
471 0.278125
472 0.315625
473 0.33125
474 0.296875
475 0.334375
476 0.278125
477 0.296875
478 0.240625
479 0.321875
480 0.3125
481 0.290625
482 0.328125
483 0.36875
484 0.325
485 0.28125
486 0.278125
487 0.321875
488 0.271875
489 0.284375
490 0.2625
491 0.284375
492 0.265625
493 0.2875
494 0.3125
495 0.271875
496 0.315625
497 0.328125
498 0.303125
499 0.315625
500 0.31875
501 0.2625
502 0.271875
503 0.271875
504 0.29375
505 0.3125
506 0.278125
507 0.3375
508 0.296875
509 0.309375
510 0.3375
511 0.33125
512 0.246875
513 0.2875
514 0.28125
515 0.26875
516 0.340625
517 0.309375
518 0.3125
519 0.29375
520 0.296875
521 0.296875
522 0.2875
523 0.215625
524 0.25625
525 0.34375
526 0.33125
527 0.296875
528 0.3
529 0.328125
530 0.315625
531 0.334375
532 0.346875
533 0.3
534 0.375
535 0.340625
536 0.34375
537 0.2875
538 0.3
539 0.325
540 0.2625
541 0.31875
542 0.3875
543 0.303125
544 0.2875
545 0.340625
546 0.2875
547 0.259375
548 0.25
549 0.28125
550 0.321875
551 0.309375
552 0.303125
553 0.315625
554 0.2625
555 0.328125
556 0.35
557 0.29375
558 0.290625
559 0.28125
560 0.3
561 0.35
562 0.30625
563 0.3
564 0.2625
565 0.35625
566 0.25
567 0.3
568 0.334375
569 0.309375
570 0.28125
571 0.3625
572 0.246875
573 0.3125
574 0.29375
575 0.384375
576 0.371875
577 0.29375
578 0.3625
579 0.29375
580 0.31875
581 0.35
582 0.359375
583 0.25625
584 0.315625
585 0.25625
586 0.25625
587 0.271875
588 0.265625
589 0.303125
590 0.265625
591 0.3375
592 0.328125
593 0.309375
594 0.315625
595 0.334375
596 0.296875
597 0.34375
598 0.3125
599 0.309375
600 0.328125
601 0.371875
602 0.2625
603 0.309375
604 0.334375
605 0.3375
606 0.30625
607 0.30625
608 0.30625
609 0.3125
610 0.35
611 0.309375
612 0.24375
613 0.33125
614 0.275
615 0.321875
616 0.278125
617 0.3
618 0.24375
619 0.334375
620 0.321875
621 0.284375
622 0.265625
623 0.303125
624 0.296875
625 0.29375
626 0.340625
627 0.34375
628 0.328125
629 0.275
630 0.3375
631 0.34375
632 0.2875
633 0.29375
634 0.346875
635 0.296875
636 0.3
637 0.29375
638 0.353125
639 0.315625
640 0.278125
641 0.284375
642 0.35
643 0.31875
644 0.346875
645 0.328125
646 0.28125
647 0.328125
648 0.3125
649 0.3375
650 0.3
651 0.3
652 0.371875
653 0.284375
654 0.321875
655 0.28125
656 0.30625
657 0.321875
658 0.30625
659 0.353125
660 0.340625
661 0.35
662 0.325
663 0.30625
664 0.3125
665 0.375
666 0.321875
667 0.328125
668 0.30625
669 0.3125
670 0.3125
671 0.321875
672 0.25625
673 0.30625
674 0.26875
675 0.325
676 0.321875
677 0.31875
678 0.3625
679 0.28125
680 0.371875
681 0.328125
682 0.3
683 0.33125
684 0.31875
685 0.359375
686 0.29375
687 0.3375
688 0.353125
689 0.390625
690 0.303125
691 0.3
692 0.2875
693 0.34375
694 0.3375
695 0.275
696 0.28125
697 0.3125
698 0.328125
699 0.296875
700 0.309375
701 0.275
702 0.31875
703 0.30625
704 0.36875
705 0.33125
706 0.375
707 0.35625
708 0.321875
709 0.31875
710 0.2875
711 0.321875
712 0.321875
713 0.35625
714 0.296875
715 0.275
716 0.31875
717 0.3625
718 0.303125
719 0.3
720 0.290625
721 0.34375
722 0.328125
723 0.31875
724 0.3375
725 0.3125
726 0.35
727 0.35
728 0.29375
729 0.3125
730 0.3875
731 0.34375
732 0.34375
733 0.371875
734 0.315625
735 0.353125
736 0.33125
737 0.378125
738 0.290625
739 0.353125
740 0.3625
741 0.371875
742 0.309375
743 0.31875
744 0.31875
745 0.2875
746 0.275
747 0.26875
748 0.321875
749 0.315625
750 0.328125
751 0.28125
752 0.365625
753 0.34375
754 0.325
755 0.3375
756 0.33125
757 0.34375
758 0.346875
759 0.31875
760 0.275
761 0.2875
762 0.31875
763 0.371875
764 0.346875
765 0.296875
766 0.35
767 0.371875
768 0.3625
769 0.334375
770 0.35625
771 0.375
772 0.35
773 0.315625
774 0.3625
775 0.259375
776 0.340625
777 0.296875
778 0.325
779 0.29375
780 0.359375
781 0.353125
782 0.3625
783 0.290625
784 0.390625
785 0.30625
786 0.35
787 0.325
788 0.328125
789 0.328125
790 0.3
791 0.31875
792 0.29375
793 0.36875
794 0.35
795 0.325
796 0.315625
797 0.3125
798 0.33125
799 0.38125
800 0.35
801 0.403125
802 0.296875
803 0.35625
804 0.359375
805 0.340625
806 0.321875
807 0.359375
808 0.30625
809 0.3125
810 0.290625
811 0.309375
812 0.346875
813 0.371875
814 0.31875
815 0.328125
816 0.359375
817 0.35625
818 0.2875
819 0.425
820 0.415625
821 0.365625
822 0.33125
823 0.334375
824 0.35
825 0.3125
826 0.3375
827 0.396875
828 0.309375
829 0.34375
830 0.346875
831 0.271875
832 0.315625
833 0.3625
834 0.3625
835 0.353125
836 0.390625
837 0.3
838 0.36875
839 0.3
840 0.43125
841 0.35
842 0.365625
843 0.384375
844 0.325
845 0.3625
846 0.325
847 0.290625
848 0.334375
849 0.35
850 0.34375
851 0.3125
852 0.35625
853 0.36875
854 0.303125
855 0.328125
856 0.3125
857 0.2625
858 0.33125
859 0.29375
860 0.284375
861 0.315625
862 0.409375
863 0.26875
864 0.2875
865 0.359375
866 0.31875
867 0.35
868 0.265625
869 0.296875
870 0.259375
871 0.30625
872 0.35625
873 0.346875
874 0.3625
875 0.325
876 0.328125
877 0.321875
878 0.35625
879 0.321875
880 0.353125
881 0.271875
882 0.378125
883 0.303125
884 0.253125
885 0.315625
886 0.3125
887 0.359375
888 0.3375
889 0.3
890 0.30625
891 0.353125
892 0.2875
893 0.328125
894 0.36875
895 0.34375
896 0.359375
897 0.31875
898 0.303125
899 0.303125
900 0.35625
901 0.340625
902 0.34375
903 0.2625
904 0.296875
905 0.315625
906 0.325
907 0.3
908 0.33125
909 0.31875
910 0.3
911 0.30625
912 0.35625
913 0.315625
914 0.296875
915 0.34375
916 0.321875
917 0.340625
918 0.34375
919 0.31875
920 0.321875
921 0.359375
922 0.390625
923 0.3625
924 0.290625
925 0.3
926 0.3
927 0.346875
928 0.2875
929 0.38125
930 0.40625
931 0.33125
932 0.390625
933 0.31875
934 0.3125
935 0.3375
936 0.334375
937 0.334375
938 0.31875
939 0.3
940 0.36875
941 0.328125
942 0.328125
943 0.36875
944 0.365625
945 0.3
946 0.3375
947 0.378125
948 0.35625
949 0.340625
950 0.3125
951 0.29375
952 0.30625
953 0.290625
954 0.2875
955 0.31875
956 0.296875
957 0.359375
958 0.35
959 0.35625
960 0.35
961 0.3125
962 0.365625
963 0.3375
964 0.315625
965 0.34375
966 0.290625
967 0.378125
968 0.4
969 0.396875
970 0.371875
971 0.4125
972 0.328125
973 0.4
974 0.3625
975 0.325
976 0.3625
977 0.340625
978 0.36875
979 0.321875
980 0.278125
981 0.30625
982 0.278125
983 0.325
984 0.321875
985 0.371875
986 0.3125
987 0.35625
988 0.33125
989 0.3625
990 0.359375
991 0.3625
992 0.340625
993 0.396875
994 0.296875
995 0.30625
996 0.346875
997 0.390625
998 0.36875
999 0.33125
1000 0.346875
