1 7.6895185
2 7.620225
3 7.5116343
4 7.4236794
5 7.258604
6 7.0681944
7 6.853525
8 6.5308857
9 6.2908864
10 5.965925
11 6.118005
12 6.102353
13 6.0621834
14 5.937489
15 5.7494826
16 5.843178
17 5.6206064
18 5.6301556
19 5.4211082
20 5.4044857
21 5.4259706
22 5.3301716
23 5.2298894
24 5.4662013
25 5.4002223
26 5.4468083
27 5.414843
28 5.06051
29 5.1179085
30 5.053231
31 5.3048997
32 5.221461
33 5.3942356
34 5.195256
35 5.0929794
36 5.0442805
37 5.244327
38 5.1351857
39 5.088459
40 5.095058
41 5.0621567
42 5.4680376
43 5.076275
44 5.1610527
45 5.049834
46 5.1862874
47 5.2051773
48 5.244056
49 5.2915797
50 5.110166
51 5.0924377
52 5.054006
53 5.044226
54 5.0237193
55 4.9844213
56 4.9952216
57 5.092282
58 5.0733542
59 5.018838
60 5.171996
61 5.1057043
62 5.0166826
63 5.0581236
64 5.0449133
65 4.9493017
66 5.1400504
67 5.1049404
68 4.953606
69 4.9746895
70 5.0802593
71 4.9910336
72 4.843006
73 4.854782
74 4.9071746
75 5.2820125
76 5.083313
77 5.0471687
78 4.9673314
79 4.916924
80 4.7562375
81 5.0374603
82 5.0734744
83 4.9950466
84 4.919312
85 5.0066314
86 4.960473
87 4.8733225
88 4.658078
89 4.9631243
90 4.864592
91 4.7928777
92 4.7001204
93 4.850021
94 4.81945
95 4.9332843
96 4.7788453
97 4.850383
98 4.835333
99 4.7839885
100 4.8843246
101 4.9055634
102 4.9576163
103 4.7493434
104 4.72409
105 4.6541486
106 4.8647084
107 4.734106
108 4.6055703
109 4.6032434
110 4.5671954
111 4.697946
112 4.5183535
113 4.861101
114 4.7886553
115 4.8514233
116 5.129782
117 4.9359083
118 4.5644073
119 4.9443974
120 4.8675175
121 4.962121
122 4.732007
123 4.604434
124 4.8950243
125 4.843432
126 4.958727
127 4.576494
128 4.8155823
129 4.5762
130 4.779842
131 4.62736
132 4.599905
133 4.4747005
134 4.5415187
135 4.707645
136 4.4855995
137 4.611645
138 4.518254
139 4.4059906
140 4.339192
141 4.387242
142 4.3634696
143 4.278164
144 4.4019613
145 4.57732
146 4.458721
147 4.2641697
148 4.3284817
149 4.367917
150 4.2717776
151 4.313567
152 4.558536
153 4.5040426
154 4.4441767
155 4.3272157
156 4.555884
157 4.3135176
158 4.4047947
159 4.446891
160 4.527528
161 4.388804
162 4.3456984
163 4.247224
164 4.4356704
165 4.27045
166 4.446723
167 4.3366714
168 4.3991733
169 4.282088
170 4.3037996
171 4.2590356
172 4.2586937
173 4.5552654
174 4.416968
175 4.239336
176 4.0067205
177 4.51363
178 4.2343373
179 4.4876623
180 4.2737293
181 4.225805
182 4.457777
183 4.412943
184 4.376629
185 4.470525
186 4.2925777
187 4.3264937
188 4.3596826
189 4.3993955
190 4.37969
191 4.1798835
192 3.9650538
193 4.1991673
194 3.953681
195 4.1088862
196 4.346927
197 4.2137804
198 4.199661
199 4.209911
200 4.1672354
201 4.1554747
202 4.201114
203 4.2068973
204 3.976574
205 4.1265235
206 4.079706
207 4.0830307
208 4.2139015
209 4.1507845
210 4.1445756
211 4.232437
212 4.17041
213 4.3939795
214 4.167045
215 4.235027
216 4.2988343
217 4.368887
218 4.355313
219 4.066881
220 4.2078996
221 4.3283515
222 4.4841566
223 4.1944933
224 4.1928525
225 4.2690654
226 4.136926
227 4.143507
228 4.2879066
229 4.1038003
230 4.1000032
231 3.9647865
232 4.190278
233 4.111485
234 4.139811
235 4.144584
236 4.014615
237 4.0826583
238 3.8641014
239 4.03982
240 4.0307307
241 4.3194213
242 4.1659207
243 3.8682709
244 4.149672
245 4.213639
246 4.092921
247 3.9141269
248 4.0625186
249 4.1379004
250 3.9243834
251 4.062008
252 4.00759
253 4.074499
254 4.1763735
255 4.1500134
256 3.9524162
257 3.913652
258 4.13266
259 4.083302
260 4.2665386
261 3.9962518
262 3.734326
263 3.9683614
264 4.216891
265 3.9040523
266 4.0481515
267 3.9311924
268 4.0635567
269 4.0766273
270 4.2563453
271 4.083277
272 3.9931517
273 4.136281
274 4.0667043
275 3.9548614
276 4.031615
277 3.9759338
278 4.09648
279 4.22654
280 4.084068
281 4.081386
282 4.1406937
283 3.7643363
284 4.0693173
285 4.173432
286 4.038002
287 4.2668223
288 3.9031792
289 4.0256357
290 4.1043334
291 4.1213617
292 3.9148717
293 4.0467615
294 3.98063
295 4.0977983
296 4.01655
297 3.9542186
298 4.0730634
299 4.1269383
300 3.75042
301 4.088395
302 4.019536
303 4.031075
304 3.7273576
305 3.9312599
306 3.898543
307 4.083277
308 3.8144286
309 4.0595655
310 3.7512505
311 3.9823291
312 3.983266
313 3.8271282
314 3.7434123
315 3.872172
316 3.9329422
317 3.9174979
318 3.8368492
319 3.9489028
320 3.8001964
321 3.9138455
322 4.1486516
323 3.8302245
324 3.8336189
325 3.8074644
326 3.8253362
327 4.1254005
328 4.19843
329 3.9283152
330 4.0297084
331 3.8149877
332 4.167122
333 3.9833913
334 3.9230301
335 3.9968581
336 4.0167212
337 4.1350775
338 4.072047
339 4.0815973
340 4.0427685
341 3.9699264
342 3.9340873
343 3.8676243
344 3.985284
345 4.0542774
346 4.0877147
347 4.0197215
348 3.907562
349 3.7813494
350 4.0602446
351 4.0500464
352 3.9858258
353 3.8936768
354 3.987086
355 3.958829
356 3.9254854
357 4.161634
358 3.9797704
359 3.9448106
360 3.802177
361 4.151016
362 4.0096483
363 3.852703
364 3.9429255
365 3.933134
366 3.800853
367 3.9470592
368 3.7124832
369 3.7262092
370 3.8739746
371 3.8373835
372 3.9256344
373 3.7675145
374 3.914008
375 3.9156156
376 3.6323237
377 3.6503253
378 3.70936
379 3.7545302
380 4.1041384
381 3.995409
382 3.8396316
383 4.1937284
384 4.163659
385 3.9750676
386 3.9389727
387 3.9427881
388 3.8176024
389 4.1987886
390 4.0644555
391 3.7012444
392 3.8838503
393 3.6529486
394 3.8071654
395 3.9207637
396 3.570926
397 3.8434758
398 3.84086
399 3.9149575
400 4.096537
401 3.8908172
402 3.8868182
403 4.0065594
404 3.754894
405 4.06424
406 3.893082
407 4.073473
408 4.028825
409 3.9119759
410 3.847827
411 3.9397268
412 3.7736137
413 3.9767225
414 3.877931
415 3.745396
416 3.9585412
417 4.0341783
418 4.1602364
419 3.9694812
420 3.69627
421 3.8178215
422 3.7706583
423 3.9948316
424 3.7699645
425 3.8534825
426 3.8453827
427 4.0959296
428 4.1068053
429 3.9952853
430 3.7675796
431 3.396201
432 3.7226834
433 3.9534569
434 4.100874
435 3.712389
436 3.7602692
437 3.7533479
438 3.8676472
439 3.8490827
440 4.0593357
441 3.8918746
442 3.9671984
443 3.9512956
444 4.090266
445 4.297231
446 3.7415204
447 4.2310953
448 4.141452
449 3.8898368
450 3.930587
451 4.005759
452 3.8887
453 3.8613222
454 4.03582
455 4.0751266
456 3.704621
457 3.8426936
458 4.0156503
459 4.1978335
460 4.1335573
461 4.1232805
462 4.0393176
463 3.7092261
464 3.809169
465 4.0051317
466 3.9646244
467 3.9443116
468 3.7353277
469 3.696604
470 4.0202184
471 3.8721657
472 3.630121
473 3.494844
474 3.768029
475 3.6077695
476 3.8322253
477 3.8460765
478 4.063933
479 3.7688072
480 3.7754114
481 3.983697
482 3.6603212
483 3.43167
484 3.6814103
485 3.7977593
486 3.8324752
487 3.8772504
488 4.07562
489 3.7527401
490 4.0116363
491 4.0123777
492 3.9960551
493 3.9636407
494 3.8792343
495 3.943353
496 3.6796808
497 3.6538746
498 3.815939
499 3.7008898
500 3.8748124
501 4.1063366
502 3.878274
503 4.1286077
504 3.90559
505 3.7155454
506 3.6882105
507 3.679884
508 3.678766
509 3.5449536
510 3.724476
511 3.7365787
512 4.015081
513 3.8274932
514 3.995291
515 4.0907745
516 3.6250606
517 3.8297832
518 3.7939644
519 3.8000565
520 3.7628207
521 3.71309
522 3.9550602
523 4.16669
524 4.135062
525 3.5014515
526 3.6813526
527 3.9535859
528 3.9537969
529 3.6701496
530 3.8139608
531 3.6158516
532 3.5526247
533 3.6589835
534 3.430564
535 3.5736914
536 3.6332586
537 3.8579245
538 3.8982563
539 3.6475146
540 4.0797057
541 3.7527874
542 3.6412132
543 3.8657014
544 3.9298942
545 3.7586024
546 3.948279
547 4.1489058
548 3.8335702
549 3.8308592
550 3.8200862
551 3.6625125
552 3.7754931
553 3.877688
554 3.8728683
555 3.5440347
556 3.5907054
557 3.861634
558 3.7288237
559 3.7885852
560 3.748678
561 3.4891207
562 3.7033753
563 3.825324
564 3.6832185
565 3.4839842
566 3.9840758
567 3.872717
568 3.796431
569 3.9135332
570 3.735666
571 3.426717
572 3.9533648
573 3.7588625
574 3.7693186
575 3.428337
576 3.3697138
577 3.8360333
578 3.4401114
579 3.6833413
580 3.5993052
581 3.467026
582 3.5835238
583 4.0475616
584 3.8291585
585 3.9378252
586 3.7067692
587 3.664995
588 4.069094
589 3.8263655
590 3.6855323
591 3.380091
592 3.4969962
593 3.7739763
594 3.871842
595 3.517837
596 3.6935453
597 3.3790364
598 3.8535154
599 3.4717414
600 3.6506777
601 3.4941819
602 3.8824747
603 3.6780598
604 3.593954
605 3.76599
606 3.8255417
607 3.8411303
608 3.830997
609 3.5558379
610 3.5998125
611 3.6932776
612 3.9038339
613 3.6368735
614 3.7751958
615 3.6289191
616 3.7528162
617 3.7849069
618 4.0163894
619 3.613579
620 3.6714406
621 3.7963576
622 3.9785624
623 3.6951962
624 3.7749262
625 3.786759
626 3.522
627 3.4668877
628 3.62948
629 4.0702176
630 3.5494797
631 3.6031377
632 3.7106023
633 3.8585873
634 3.602416
635 3.8095095
636 3.6526031
637 3.631505
638 3.4491925
639 3.7711024
640 3.7315147
641 3.737038
642 3.6905818
643 3.6444538
644 3.5020847
645 3.624864
646 3.9439254
647 3.6176558
648 3.715174
649 3.6247745
650 3.5236018
651 3.6897342
652 3.3644612
653 3.7510977
654 3.540205
655 3.6688821
656 3.7053628
657 3.615506
658 3.6890285
659 3.4644375
660 3.463231
661 3.5902784
662 3.5952113
663 3.6503932
664 3.6006036
665 3.267876
666 3.5499647
667 3.7072434
668 3.5966885
669 3.8613148
670 3.7453997
671 3.7240572
672 3.7141776
673 3.6894605
674 3.8140984
675 3.7313516
676 3.5723274
677 3.8412342
678 3.6061246
679 3.8893194
680 3.616791
681 3.5635486
682 3.8563786
683 3.5939822
684 3.655114
685 3.5215845
686 3.767202
687 3.5335143
688 3.5286007
689 3.3321702
690 3.8984666
691 3.7639575
692 3.8017473
693 3.4249313
694 3.5786602
695 3.7898376
696 3.9010665
697 3.9278972
698 3.5870345
699 3.9346955
700 3.5655284
701 3.792752
702 3.711396
703 3.7269032
704 3.4508092
705 3.6614978
706 3.527137
707 3.5163002
708 3.5854106
709 3.6666298
710 3.8466902
711 3.8148108
712 3.4934487
713 3.671653
714 3.7277322
715 3.833464
716 3.6224995
717 3.4575503
718 3.7491434
719 3.7428463
720 3.5892909
721 3.619595
722 3.5617654
723 3.6676219
724 3.2907617
725 3.482615
726 3.7062023
727 3.5494316
728 3.7606916
729 3.5807848
730 3.4060204
731 3.4509494
732 3.5652547
733 3.5594058
734 3.756517
735 3.710051
736 3.6248376
737 3.4267924
738 3.6967423
739 3.5042937
740 3.4119964
741 3.5814261
742 3.5409672
743 3.5727994
744 3.6639776
745 3.847854
746 3.9245827
747 3.9232812
748 3.7208846
749 3.611962
750 3.641682
751 3.5717194
752 3.44686
753 3.6317363
754 3.6079216
755 3.5254593
756 3.666817
757 3.5512621
758 3.4239428
759 3.767227
760 3.8144488
761 3.691315
762 3.7661595
763 3.5194955
764 3.5400891
765 3.6349025
766 3.4876733
767 3.3680565
768 3.5941489
769 3.461907
770 3.6249983
771 3.4227939
772 3.3985624
773 3.620743
774 3.444498
775 3.8166342
776 3.6175702
777 3.7619689
778 3.5585384
779 3.685772
780 3.3909633
781 3.4417381
782 3.5163195
783 3.6754272
784 3.421386
785 3.6386943
786 3.7392728
787 3.514748
788 3.4567528
789 3.6230595
790 3.714933
791 3.501955
792 3.6650045
793 3.4839616
794 3.4601493
795 3.642674
796 3.5988467
797 3.5874445
798 3.4567394
799 3.352604
800 3.471928
801 3.2589643
802 3.5951645
803 3.5980875
804 3.473557
805 3.4928012
806 3.50534
807 3.3344615
808 3.5865114
809 3.7827027
810 3.688083
811 3.7423995
812 3.46518
813 3.3547904
814 3.6481206
815 3.5602224
816 3.4297283
817 3.4765735
818 3.7002864
819 3.2724218
820 3.1408594
821 3.3407815
822 3.443407
823 3.474296
824 3.4362037
825 3.5992498
826 3.521228
827 3.2585614
828 3.7328846
829 3.641981
830 3.5033133
831 3.6803505
832 3.4134405
833 3.4883678
834 3.5717218
835 3.4896615
836 3.30648
837 3.4273012
838 3.3833642
839 3.4460266
840 3.0425413
841 3.3878875
842 3.2626574
843 3.382457
844 3.6320853
845 3.5622773
846 3.594105
847 3.7977562
848 3.6798406
849 3.5006537
850 3.4735363
851 3.7043982
852 3.4446576
853 3.3332455
854 3.5824447
855 3.5512614
856 3.6556137
857 3.9681659
858 3.4048293
859 3.6936202
860 3.8063612
861 3.7697542
862 3.5109215
863 3.8444355
864 3.8669133
865 3.7029605
866 3.7932537
867 3.453289
868 3.7746065
869 3.8594317
870 3.9917254
871 3.7553227
872 3.6705432
873 3.5700178
874 3.4908922
875 3.4443755
876 3.6340635
877 3.638964
878 3.4895341
879 3.7023966
880 3.6066952
881 3.9818358
882 3.4801846
883 3.8561397
884 4.050366
885 3.5552487
886 3.6152987
887 3.6724646
888 3.6893508
889 3.8624792
890 3.701751
891 3.5444512
892 3.6711566
893 3.5624344
894 3.3553777
895 3.373482
896 3.4056654
897 3.6402261
898 3.7995985
899 3.8182623
900 3.5053387
901 3.6939926
902 3.6061797
903 3.94561
904 3.6583664
905 3.6291783
906 3.6652186
907 3.6277187
908 3.5591538
909 3.630305
910 3.6505222
911 3.669071
912 3.4349923
913 3.521384
914 3.6150327
915 3.6474733
916 3.742368
917 3.4753518
918 3.5867896
919 3.5603328
920 3.5875435
921 3.3545237
922 3.505488
923 3.434585
924 3.4950638
925 3.7253058
926 3.5722764
927 3.463922
928 3.8104167
929 3.442345
930 3.204632
931 3.3715935
932 3.2290382
933 3.7163835
934 3.9121537
935 3.47036
936 3.5059834
937 3.5038252
938 3.5049272
939 3.6696303
940 3.4750226
941 3.7881992
942 3.6337378
943 3.4390104
944 3.4235065
945 3.8840964
946 3.6060996
947 3.3790133
948 3.5755038
949 3.5911593
950 3.76461
951 3.8153532
952 3.8447425
953 3.9898028
954 4.0945153
955 3.6635368
956 3.8227649
957 3.4253182
958 3.5725162
959 3.2109315
960 3.34921
961 3.6544847
962 3.3864965
963 3.6176798
964 3.5448668
965 3.6643796
966 3.8721983
967 3.2649744
968 3.2878325
969 3.3248012
970 3.3992715
971 3.3440151
972 3.5597148
973 3.3487587
974 3.519477
975 3.449603
976 3.3856075
977 3.6028435
978 3.502154
979 3.5949378
980 3.6733327
981 3.5461645
982 3.7509234
983 3.6775484
984 3.4926848
985 3.4404812
986 3.758273
987 3.4090357
988 3.3532376
989 3.443045
990 3.5127552
991 3.2858822
992 3.6218743
993 3.3979754
994 3.6801133
995 3.9476113
996 3.4299185
997 3.330955
998 3.2969768
999 3.55092
1000 3.6265824
