1 5.329968
2 5.2819376
3 5.2066684
4 5.1457024
5 5.031281
6 4.899299
7 4.7505016
8 4.526865
9 4.3605103
10 4.1352644
11 4.240678
12 4.229829
13 4.2019854
14 4.115554
15 3.9852378
16 4.0501823
17 3.8959076
18 3.9025264
19 3.757626
20 3.746104
21 3.7609963
22 3.6945934
23 3.6250832
24 3.788882
25 3.7431488
26 3.7754397
27 3.7532833
28 3.5076785
29 3.547464
30 3.5026329
31 3.6770763
32 3.619241
33 3.7389991
34 3.6010773
35 3.5301843
36 3.4964287
37 3.6350906
38 3.5594394
39 3.5270512
40 3.5316253
41 3.5088196
42 3.790155
43 3.5186057
44 3.5773692
45 3.500278
46 3.5948606
47 3.607954
48 3.634903
49 3.6678436
50 3.542097
51 3.5298088
52 3.50317
53 3.4963913
54 3.482177
55 3.4549377
56 3.4624238
57 3.5297008
58 3.5165813
59 3.4787934
60 3.5849547
61 3.5390046
62 3.4772995
63 3.5060241
64 3.4968674
65 3.4305947
66 3.5628114
67 3.538475
68 3.433578
69 3.4481921
70 3.5213673
71 3.4595208
72 3.356916
73 3.3650784
74 3.4013944
75 3.6612122
76 3.523484
77 3.4984307
78 3.4430919
79 3.408152
80 3.2967727
81 3.4917016
82 3.5166645
83 3.4623027
84 3.4098072
85 3.4703326
86 3.4383378
87 3.3779297
88 3.2287338
89 3.4401755
90 3.3718784
91 3.3221698
92 3.2578754
93 3.3617783
94 3.340588
95 3.4194922
96 3.3124433
97 3.3620293
98 3.3515975
99 3.316008
100 3.3855557
101 3.4002776
102 3.436358
103 3.291994
104 3.2744899
105 3.2260098
106 3.371959
107 3.2814324
108 3.192338
109 3.190725
110 3.1657386
111 3.2563682
112 3.131884
113 3.3694584
114 3.319243
115 3.3627503
116 3.555694
117 3.4213111
118 3.1638062
119 3.4271953
120 3.373906
121 3.4394803
122 3.2799773
123 3.1915505
124 3.3929725
125 3.3572114
126 3.4371276
127 3.1721842
128 3.3379073
129 3.1719801
130 3.313134
131 3.2074413
132 3.1884112
133 3.101626
134 3.1479409
135 3.2630908
136 3.1091807
137 3.196549
138 3.131815
139 3.0540001
140 3.0076988
141 3.0410044
142 3.0245266
143 2.9653974
144 3.051207
145 3.1727567
146 3.09055
147 2.9556973
148 3.000275
149 3.0276093
150 2.9609706
151 2.9899368
152 3.1597364
153 3.1219645
154 3.0804684
155 2.9993973
156 3.157898
157 2.9899025
158 3.0531712
159 3.08235
160 3.1382432
161 3.042087
162 3.0122085
163 2.9439514
164 3.0745726
165 2.9600503
166 3.0822337
167 3.0059514
168 3.0492747
169 2.9681172
170 2.9831665
171 2.9521384
172 2.9519014
173 3.1574695
174 3.0616088
175 2.938484
176 2.7772472
177 3.12861
178 2.935019
179 3.1106105
180 2.9623234
181 2.9291046
182 3.0898957
183 3.058819
184 3.033648
185 3.0987318
186 2.975388
187 2.998897
188 3.0219016
189 3.0494285
190 3.03577
191 2.8972745
192 2.7483659
193 2.910641
194 2.7404828
195 2.848063
196 3.0130603
197 2.9207702
198 2.910983
199 2.918088
200 2.8885074
201 2.8803556
202 2.9119904
203 2.9159992
204 2.756351
205 2.8602881
206 2.827837
207 2.8301413
208 2.920854
209 2.8771045
210 2.872801
211 2.9337018
212 2.890708
213 3.0456746
214 2.8883755
215 2.9354968
216 2.979725
217 3.0282817
218 3.0188727
219 2.8189473
220 2.9166937
221 3.0001848
222 3.1081805
223 2.9074013
224 2.9062638
225 2.9590907
226 2.8674986
227 2.8720603
228 2.9721503
229 2.8445377
230 2.8419056
231 2.7481806
232 2.9044795
233 2.8498642
234 2.8694983
235 2.872807
236 2.7827191
237 2.829883
238 2.678391
239 2.80019
240 2.7938895
241 2.9939947
242 2.8875961
243 2.681281
244 2.8763335
245 2.920672
246 2.8369966
247 2.713066
248 2.8159232
249 2.868174
250 2.7201753
251 2.8155694
252 2.7778497
253 2.8242276
254 2.8948414
255 2.8765702
256 2.7396061
257 2.7127368
258 2.8645418
259 2.8303294
260 2.9573393
261 2.7699907
262 2.5884376
263 2.7506585
264 2.922926
265 2.7060828
266 2.8059647
267 2.724895
268 2.8166428
269 2.8257027
270 2.9502738
271 2.830312
272 2.7678418
273 2.8670516
274 2.8188248
275 2.741301
276 2.7945025
277 2.7559073
278 2.8394635
279 2.9296143
280 2.8308601
281 2.8290012
282 2.87011
283 2.609239
284 2.8206358
285 2.8928025
286 2.7989297
287 2.957536
288 2.7054777
289 2.790358
290 2.844907
291 2.8567104
292 2.7135823
293 2.8050015
294 2.7591624
295 2.8403776
296 2.7840605
297 2.7408555
298 2.8232324
299 2.8605757
300 2.5995932
301 2.8338594
302 2.7861302
303 2.7941284
304 2.5836074
305 2.7249417
306 2.702264
307 2.830312
308 2.6439605
309 2.8138764
310 2.6001687
311 2.7603402
312 2.7609897
313 2.6527631
314 2.5947356
315 2.6839852
316 2.7261078
317 2.7154026
318 2.6595013
319 2.737171
320 2.6340954
321 2.712871
322 2.8756263
323 2.6549094
324 2.657262
325 2.6391332
326 2.651521
327 2.8595097
328 2.91013
329 2.7229006
330 2.793181
331 2.644348
332 2.888429
333 2.7610765
334 2.7192373
335 2.770411
336 2.7841792
337 2.8662174
338 2.8225281
339 2.8291478
340 2.8022335
341 2.7517433
342 2.7269015
343 2.6808329
344 2.7623885
345 2.810211
346 2.833388
347 2.7862587
348 2.7085156
349 2.6210318
350 2.8143473
351 2.8072782
352 2.762764
353 2.6988912
354 2.7636375
355 2.7440512
356 2.7209392
357 2.884625
358 2.7585666
359 2.7343345
360 2.6354682
361 2.8772652
362 2.7792764
363 2.6704903
364 2.7330277
365 2.7262409
366 2.6345506
367 2.735893
368 2.5732973
369 2.5828114
370 2.6852345
371 2.6598716
372 2.7210424
373 2.611442
374 2.7129836
375 2.714098
376 2.517735
377 2.5302126
378 2.5711324
379 2.602442
380 2.8447719
381 2.7694066
382 2.66143
383 2.906871
384 2.8860288
385 2.755307
386 2.7302878
387 2.7329326
388 2.6461604
389 2.9103785
390 2.817266
391 2.5655072
392 2.69208
393 2.532031
394 2.638926
395 2.7176664
396 2.4751773
397 2.6640944
398 2.6622813
399 2.713642
400 2.839503
401 2.696909
402 2.694137
403 2.7771354
404 2.6026943
405 2.8171165
406 2.6984787
407 2.8235164
408 2.7925684
409 2.711575
410 2.6671104
411 2.7308106
412 2.6156697
413 2.756454
414 2.687977
415 2.5961106
416 2.7438517
417 2.7962794
418 2.883656
419 2.7514348
420 2.5620592
421 2.6463122
422 2.6136212
423 2.7690063
424 2.6131403
425 2.6710305
426 2.6654162
427 2.8390822
428 2.8466206
429 2.7693207
430 2.6114872
431 2.354067
432 2.5803676
433 2.7403276
434 2.8425093
435 2.573232
436 2.60642
437 2.6016226
438 2.6808488
439 2.667981
440 2.8137171
441 2.6976418
442 2.7498524
443 2.7388294
444 2.8351567
445 2.9786139
446 2.5934243
447 2.9327717
448 2.8706357
449 2.6962295
450 2.7244754
451 2.7765803
452 2.6954415
453 2.6764646
454 2.7974172
455 2.8246624
456 2.5678477
457 2.6635523
458 2.7834365
459 2.9097166
460 2.8651638
461 2.8580403
462 2.7998416
463 2.5710397
464 2.6403148
465 2.7761457
466 2.7480683
467 2.7339885
468 2.5891318
469 2.5622907
470 2.786603
471 2.6839807
472 2.5162082
473 2.4224412
474 2.6117988
475 2.5007153
476 2.6562963
477 2.6658971
478 2.8169036
479 2.612338
480 2.6169157
481 2.7612884
482 2.5371413
483 2.3786523
484 2.5517592
485 2.6324062
486 2.6564693
487 2.6875052
488 2.8250046
489 2.6012013
490 2.7806544
491 2.7811685
492 2.7698543
493 2.7473865
494 2.6888804
495 2.733324
496 2.5505605
497 2.532673
498 2.6450074
499 2.5652614
500 2.6858153
501 2.8462956
502 2.6882148
503 2.861733
504 2.7071488
505 2.57542
506 2.5564728
507 2.5507011
508 2.5499263
509 2.4571745
510 2.5816102
511 2.589999
512 2.7830422
513 2.653016
514 2.7693248
515 2.8355088
516 2.5127006
517 2.6546035
518 2.6297758
519 2.6339984
520 2.6081886
521 2.5737178
522 2.7414389
523 2.8881295
524 2.8662066
525 2.4270213
526 2.5517192
527 2.740417
528 2.7405632
529 2.543954
530 2.6436362
531 2.5063174
532 2.4624918
533 2.536214
534 2.3778858
535 2.4770942
536 2.518383
537 2.6741095
538 2.7020655
539 2.5282645
540 2.8278365
541 2.601234
542 2.5238967
543 2.6795
544 2.7239952
545 2.6052647
546 2.7367384
547 2.8758025
548 2.6572285
549 2.6553493
550 2.647882
551 2.5386603
552 2.6169724
553 2.6878085
554 2.6844678
555 2.4565377
556 2.4888873
557 2.6766808
558 2.5846236
559 2.6260471
560 2.5983856
561 2.4184742
562 2.5669842
563 2.6515126
564 2.5530126
565 2.414914
566 2.761551
567 2.684363
568 2.6314855
569 2.7126546
570 2.5893664
571 2.3752193
572 2.7402637
573 2.605445
574 2.6126926
575 2.3763423
576 2.3357077
577 2.6589358
578 2.3845036
579 2.5530977
580 2.4948483
581 2.4031594
582 2.4839094
583 2.8055558
584 2.6541705
585 2.7294924
586 2.5693367
587 2.540381
588 2.820481
589 2.6522346
590 2.5546165
591 2.3429005
592 2.423933
593 2.615921
594 2.6837564
595 2.4383788
596 2.5601707
597 2.3421695
598 2.6710534
599 2.4064279
600 2.530457
601 2.4219823
602 2.6911263
603 2.5494368
604 2.4911392
605 2.6103854
606 2.6516635
607 2.6624687
608 2.6554449
609 2.464719
610 2.4952
611 2.559985
612 2.7059314
613 2.5208886
614 2.6167665
615 2.5153751
616 2.601254
617 2.6234975
618 2.783949
619 2.5047421
620 2.5448487
621 2.6314347
622 2.7577293
623 2.5613148
624 2.6165795
625 2.6247814
626 2.4412644
627 2.4030635
628 2.5157638
629 2.82126
630 2.460312
631 2.4975047
632 2.5719936
633 2.674569
634 2.4970045
635 2.6405509
636 2.5317917
637 2.5171676
638 2.390798
639 2.613929
640 2.586489
641 2.5903172
642 2.5581164
643 2.5261428
644 2.4274602
645 2.5125644
646 2.7337208
647 2.507568
648 2.5751624
649 2.5125022
650 2.4423747
651 2.557529
652 2.3320668
653 2.6000628
654 2.4538832
655 2.5430753
656 2.5683618
657 2.5060778
658 2.5570397
659 2.401365
660 2.400529
661 2.4885914
662 2.4920106
663 2.5302598
664 2.4957483
665 2.265119
666 2.460648
667 2.5696654
668 2.4930346
669 2.6764596
670 2.5961132
671 2.5813198
672 2.5744717
673 2.5573392
674 2.6437316
675 2.586376
676 2.4761486
677 2.6625407
678 2.4995751
679 2.6958709
680 2.5069685
681 2.4700637
682 2.673038
683 2.4911587
684 2.533532
685 2.4409764
686 2.6112254
687 2.4492455
688 2.4458396
689 2.3096845
690 2.7022111
691 2.6089766
692 2.6351705
693 2.3739815
694 2.4805384
695 2.6269152
696 2.7040133
697 2.722611
698 2.486343
699 2.727323
700 2.471436
701 2.6289353
702 2.5725436
703 2.5832925
704 2.3919187
705 2.537957
706 2.4448252
707 2.4373136
708 2.4852173
709 2.5415142
710 2.6663225
711 2.6442254
712 2.4214742
713 2.544996
714 2.583867
715 2.6571548
716 2.5109253
717 2.3965912
718 2.5987082
719 2.5943434
720 2.487907
721 2.508912
722 2.4688277
723 2.5422018
724 2.2809823
725 2.4139647
726 2.5689437
727 2.4602785
728 2.6067128
729 2.4820108
730 2.3608735
731 2.392016
732 2.4712462
733 2.4671922
734 2.6038191
735 2.5716114
736 2.512546
737 2.3752716
738 2.5623865
739 2.4289913
740 2.3650157
741 2.4824555
742 2.4544115
743 2.476476
744 2.5396757
745 2.667129
746 2.7203135
747 2.7194114
748 2.5791206
749 2.5036213
750 2.5242217
751 2.4757273
752 2.3891814
753 2.5173278
754 2.5008206
755 2.4436622
756 2.5416439
757 2.4615474
758 2.3732963
759 2.6112428
760 2.6439745
761 2.5586245
762 2.610503
763 2.4395285
764 2.4538028
765 2.5195224
766 2.417471
767 2.334559
768 2.491274
769 2.399611
770 2.5126574
771 2.3725
772 2.355704
773 2.509708
774 2.3875442
775 2.6454892
776 2.5075085
777 2.607598
778 2.466591
779 2.5547824
780 2.3504367
781 2.385631
782 2.437327
783 2.547612
784 2.371524
785 2.5221508
786 2.5918665
787 2.4362378
788 2.3960385
789 2.5113134
790 2.5749953
791 2.4273703
792 2.5403876
793 2.4148982
794 2.3983927
795 2.5249093
796 2.4945304
797 2.486627
798 2.3960292
799 2.323848
800 2.406557
801 2.258942
802 2.4919782
803 2.4940042
804 2.4076862
805 2.4210253
806 2.4297166
807 2.3112726
808 2.4859803
809 2.6219697
810 2.5563843
811 2.5940337
812 2.4018798
813 2.3253636
814 2.5286846
815 2.4677582
816 2.3773065
817 2.4097772
818 2.5648432
819 2.26827
820 2.1770778
821 2.3156533
822 2.386788
823 2.4081986
824 2.381795
825 2.4948099
826 2.4407294
827 2.2586627
828 2.5874386
829 2.5244288
830 2.4283118
831 2.5510247
832 2.3660166
833 2.4179523
834 2.475729
835 2.418849
836 2.2918773
837 2.3756242
838 2.3451693
839 2.3886037
840 2.108929
841 2.3483047
842 2.2615018
843 2.3445406
844 2.5175698
845 2.4691825
846 2.4912438
847 2.632404
848 2.550671
849 2.4264684
850 2.407672
851 2.5676932
852 2.3876548
853 2.3104298
854 2.4831614
855 2.461547
856 2.5338783
857 2.750523
858 2.3600478
859 2.5602224
860 2.6383686
861 2.6129944
862 2.4335854
863 2.6647596
864 2.68034
865 2.5666966
866 2.6292832
867 2.3936377
868 2.6163578
869 2.6751542
870 2.7668533
871 2.6029913
872 2.5442266
873 2.4745479
874 2.419702
875 2.3874593
876 2.518941
877 2.5223377
878 2.4187608
879 2.5663059
880 2.4999707
881 2.7599983
882 2.41228
883 2.6728723
884 2.8074996
885 2.4643106
886 2.5059342
887 2.5455585
888 2.5572631
889 2.6772666
890 2.5658584
891 2.4568264
892 2.544652
893 2.4692914
894 2.3257706
895 2.3383195
896 2.3606274
897 2.5232124
898 2.633681
899 2.646618
900 2.4297156
901 2.5604806
902 2.4996133
903 2.7348886
904 2.5357864
905 2.5155547
906 2.540536
907 2.514543
908 2.4670174
909 2.5163357
910 2.5303493
911 2.5432062
912 2.3809552
913 2.4408374
914 2.5057497
915 2.528236
916 2.5940118
917 2.4089303
918 2.4861732
919 2.4678347
920 2.4866958
921 2.3251786
922 2.429819
923 2.380673
924 2.4225936
925 2.5821853
926 2.4761133
927 2.401008
928 2.6411796
929 2.3860517
930 2.2212818
931 2.3370106
932 2.2381988
933 2.5760007
934 2.7116983
935 2.4054704
936 2.4301624
937 2.4286666
938 2.4294305
939 2.543594
940 2.4087021
941 2.6257796
942 2.5187151
943 2.3837404
944 2.372994
945 2.6922505
946 2.4995577
947 2.3421535
948 2.4783504
949 2.489202
950 2.609429
951 2.6446013
952 2.6649725
953 2.7655206
954 2.8381019
955 2.5393703
956 2.6497388
957 2.3742497
958 2.4762795
959 2.2256482
960 2.3214955
961 2.5330958
962 2.3473406
963 2.5075846
964 2.4571145
965 2.5399544
966 2.6840034
967 2.2631078
968 2.278952
969 2.3045766
970 2.3561954
971 2.3178947
972 2.4674063
973 2.3211827
974 2.4395156
975 2.3910828
976 2.3467243
977 2.4973009
978 2.4275084
979 2.491821
980 2.5461602
981 2.458014
982 2.599942
983 2.5490823
984 2.4209447
985 2.38476
986 2.6050363
987 2.3629634
988 2.3242872
989 2.3865368
990 2.4348564
991 2.2776
992 2.510492
993 2.355297
994 2.5508602
995 2.7362757
996 2.3774383
997 2.3088422
998 2.2852902
999 2.4613101
1000 2.5137553
