1 204.50629
2 203.69405
3 203.17867
4 202.02425
5 199.38206
6 193.50406
7 182.95041
8 162.78676
9 133.77925
10 96.13871
11 67.666306
12 52.595192
13 50.191006
14 48.668533
15 51.250343
16 53.17684
17 56.240803
18 57.05784
19 56.073444
20 55.12266
21 52.74286
22 50.16391
23 47.53104
24 44.83381
25 42.483826
26 40.668297
27 38.909782
28 37.71447
29 36.33128
30 35.124977
31 34.12985
32 33.594032
33 33.357826
34 33.45333
35 33.825306
36 33.864983
37 34.357635
38 34.63067
39 34.841442
40 35.372265
41 35.274345
42 35.381428
43 35.489193
44 35.765114
45 36.054913
46 36.17993
47 36.325012
48 36.30211
49 36.676872
50 36.990013
51 37.0224
52 36.693455
53 36.484226
54 36.253906
55 35.5648
56 34.987774
57 34.3664
58 33.927208
59 33.64156
60 33.468292
61 33.191658
62 33.223225
63 33.365368
64 33.89435
65 34.202244
66 34.200897
67 35.177734
68 35.56562
69 36.41636
70 36.689987
71 37.007057
72 36.31084
73 34.962658
74 33.38589
75 31.574728
76 29.855936
77 29.936554
78 29.48475
79 30.349766
80 31.078396
81 32.38868
82 34.54147
83 36.275032
84 37.242363
85 36.901974
86 39.476704
87 40.899506
88 36.52344
89 35.499832
90 34.399353
91 33.771687
92 32.704094
93 31.734625
94 31.320385
95 30.496792
96 29.527905
97 31.159851
98 31.037922
99 31.548243
100 33.93714
101 33.990326
102 34.96938
103 34.949654
104 34.52967
105 34.010334
106 32.595917
107 32.17858
108 29.566946
109 28.983295
110 29.298328
111 28.828257
112 28.343943
113 31.501156
114 34.176132
115 35.323723
116 41.41281
117 38.556587
118 32.156506
119 32.269043
120 35.211758
121 34.494335
122 35.2306
123 33.131233
124 35.36718
125 36.01976
126 32.31144
127 31.433594
128 34.36604
129 32.885853
130 33.413372
131 31.03165
132 31.439062
133 33.59333
134 31.397816
135 29.732672
136 29.6421
137 31.71886
138 29.196182
139 28.062923
140 26.579203
141 26.711523
142 28.080744
143 26.237787
144 29.066732
145 28.350103
146 29.659649
147 28.954288
148 28.008831
149 26.866344
150 25.188683
151 28.641153
152 29.302143
153 27.128595
154 27.659393
155 27.215084
156 30.532959
157 29.038116
158 28.874191
159 27.904175
160 28.837467
161 27.489956
162 24.761602
163 24.229229
164 22.898106
165 20.948421
166 22.75504
167 22.043901
168 25.449005
169 24.436413
170 27.288086
171 28.303381
172 28.906183
173 27.95271
174 26.48645
175 27.1828
176 27.333553
177 30.180538
178 28.301044
179 27.896738
180 26.445974
181 25.298187
182 24.862013
183 26.269135
184 26.296732
185 26.302511
186 26.085398
187 27.363312
188 27.220297
189 27.844975
190 25.157507
191 25.134766
192 23.728918
193 22.30941
194 22.406961
195 22.71661
196 21.70077
197 24.010225
198 25.090223
199 22.243158
200 23.619125
201 25.305187
202 23.5292
203 22.58172
204 22.458176
205 23.097866
206 21.448858
207 23.374132
208 21.852165
209 21.225086
210 23.6074
211 23.722668
212 22.749462
213 23.691904
214 24.932304
215 26.021954
216 24.904427
217 27.10492
218 26.66952
219 25.437513
220 25.018621
221 26.120972
222 25.732016
223 26.033945
224 22.755627
225 23.100002
226 24.990372
227 22.907755
228 23.240213
229 23.049746
230 21.906828
231 22.20811
232 22.67284
233 23.05803
234 23.239294
235 24.219126
236 22.749151
237 22.821503
238 21.53606
239 20.805008
240 21.69007
241 21.331612
242 22.37645
243 22.52436
244 22.59467
245 23.30157
246 24.018118
247 22.309246
248 21.39973
249 22.572584
250 21.5285
251 22.835302
252 22.810146
253 21.99261
254 21.981455
255 21.197454
256 23.008806
257 22.589542
258 23.954762
259 22.731405
260 24.314302
261 21.388098
262 22.053951
263 21.154966
264 22.373964
265 20.747824
266 21.55306
267 19.86653
268 20.028162
269 19.966537
270 19.023066
271 19.448475
272 20.439383
273 19.9956
274 20.827108
275 19.92676
276 21.319294
277 22.93988
278 22.556355
279 23.113428
280 21.658983
281 21.963837
282 20.977045
283 21.236643
284 20.36439
285 20.581232
286 20.490824
287 22.366404
288 20.955143
289 21.495451
290 21.696964
291 21.002434
292 21.660244
293 21.573786
294 20.47802
295 23.02345
296 21.785496
297 21.309565
298 21.959782
299 21.562082
300 22.091091
301 21.556986
302 21.74744
303 20.859898
304 20.603048
305 20.175358
306 20.23498
307 19.36908
308 18.95934
309 20.099234
310 19.325352
311 20.72679
312 19.652126
313 20.496012
314 20.23006
315 20.221684
316 18.931978
317 19.934021
318 19.262363
319 18.826056
320 18.905617
321 19.885733
322 20.347101
323 21.280981
324 20.50821
325 19.779171
326 21.05356
327 20.886072
328 20.23627
329 19.268986
330 19.665016
331 19.717993
332 20.345165
333 20.377392
334 20.565624
335 20.442968
336 21.99349
337 22.180927
338 22.352978
339 22.269375
340 23.436823
341 22.155464
342 22.301857
343 21.333591
344 19.987942
345 21.052155
346 21.357603
347 19.722559
348 19.726892
349 20.087973
350 20.725325
351 20.054998
352 20.228565
353 21.1862
354 21.150475
355 21.607834
356 19.609997
357 21.250484
358 20.286015
359 21.028973
360 18.723999
361 20.644802
362 19.734274
363 20.842546
364 20.852886
365 20.947094
366 20.169865
367 20.92345
368 20.39266
369 19.457062
370 18.957615
371 19.035725
372 18.778294
373 18.743717
374 19.55341
375 19.377449
376 19.39657
377 19.349716
378 19.382471
379 20.039312
380 19.687845
381 19.865625
382 20.265362
383 20.58041
384 20.802649
385 19.783016
386 20.079731
387 18.539814
388 19.366735
389 20.146318
390 19.361439
391 19.51064
392 19.289656
393 19.902622
394 20.48479
395 19.564026
396 18.467978
397 20.141497
398 18.757904
399 20.26369
400 20.471638
401 21.263807
402 19.571886
403 20.400173
404 19.658947
405 18.7878
406 19.556288
407 20.414974
408 19.96361
409 18.974497
410 17.852772
411 18.242851
412 18.156435
413 18.879673
414 19.751593
415 19.609201
416 19.53669
417 20.565542
418 21.301788
419 19.741278
420 19.494602
421 18.745224
422 20.673382
423 18.522245
424 18.533909
425 19.471836
426 19.043943
427 19.40823
428 19.621231
429 19.363134
430 18.409218
431 18.0512
432 18.72113
433 19.887737
434 20.070965
435 18.947441
436 19.32254
437 18.42976
438 20.172062
439 19.620743
440 18.810528
441 18.557894
442 18.602839
443 18.503155
444 19.575905
445 19.463367
446 19.902002
447 19.836864
448 20.958435
449 20.711103
450 20.743069
451 20.814281
452 21.521967
453 20.702915
454 23.045414
455 21.43934
456 21.343319
457 20.48854
458 20.571646
459 22.669178
460 21.407532
461 22.129751
462 20.505339
463 18.87248
464 18.879187
465 18.165401
466 18.964666
467 19.49928
468 17.640024
469 17.81213
470 19.353958
471 18.481754
472 18.381275
473 18.77146
474 19.129206
475 18.8768
476 19.439781
477 19.871662
478 19.890713
479 19.256313
480 19.774372
481 18.157764
482 18.694431
483 18.635174
484 17.89082
485 18.95058
486 18.255304
487 18.589624
488 19.043102
489 19.008064
490 20.054407
491 19.46529
492 19.299717
493 19.914358
494 19.6516
495 20.132755
496 19.670223
497 19.344067
498 19.996738
499 18.897404
500 19.865997
501 19.285852
502 18.074533
503 18.603556
504 18.324696
505 18.14361
506 17.46828
507 17.963451
508 17.933857
509 17.414883
510 17.777094
511 18.320795
512 19.971468
513 19.067183
514 20.188828
515 19.944311
516 18.576418
517 18.573603
518 18.305426
519 17.68081
520 18.48753
521 18.290995
522 18.750242
523 19.902662
524 19.48643
525 18.270199
526 17.552282
527 18.57537
528 19.614182
529 19.351002
530 18.358637
531 18.773712
532 17.213356
533 17.8405
534 17.450499
535 17.893995
536 18.009537
537 18.642288
538 19.638945
539 17.655487
540 17.99242
541 17.01151
542 16.783861
543 17.37764
544 17.784904
545 18.268011
546 18.616747
547 19.0989
548 18.941257
549 18.161503
550 18.188719
551 17.066713
552 19.54211
553 17.991047
554 18.306297
555 17.310135
556 18.014004
557 18.343172
558 18.716204
559 19.045269
560 17.842953
561 17.932655
562 17.590048
563 19.578098
564 19.371296
565 19.028116
566 19.146358
567 18.561539
568 18.775711
569 19.810331
570 17.722277
571 17.150196
572 19.06728
573 18.531342
574 18.2258
575 17.906427
576 17.043484
577 17.64918
578 17.03659
579 18.057499
580 16.852402
581 16.947296
582 16.757364
583 17.473747
584 18.133465
585 17.185705
586 17.12168
587 17.282099
588 17.351273
589 16.816996
590 16.86102
591 16.260548
592 16.535986
593 17.563553
594 18.020355
595 17.050087
596 17.444855
597 17.535637
598 18.613377
599 16.937368
600 17.05415
601 17.07037
602 18.789864
603 16.625914
604 17.523544
605 17.870031
606 18.6111
607 17.966923
608 18.24939
609 17.969831
610 18.411188
611 18.617094
612 17.945816
613 17.36173
614 16.91795
615 16.374237
616 17.81267
617 16.711102
618 17.930859
619 16.599926
620 16.90602
621 17.019749
622 18.461689
623 18.683712
624 18.225254
625 17.592335
626 17.825321
627 17.00328
628 17.929983
629 17.770184
630 17.138102
631 17.74281
632 18.81233
633 17.988459
634 17.289211
635 17.558563
636 17.547405
637 18.45455
638 16.68467
639 16.964773
640 16.457989
641 16.478165
642 16.461731
643 17.432585
644 16.360622
645 17.107056
646 17.689005
647 17.48826
648 17.367992
649 17.70531
650 17.63382
651 17.62803
652 16.269718
653 16.126244
654 16.604252
655 16.872972
656 17.174454
657 16.44577
658 16.810726
659 16.311369
660 15.925486
661 15.439189
662 15.377478
663 16.877033
664 15.688967
665 15.006468
666 16.070786
667 16.48132
668 16.458134
669 16.305014
670 16.917788
671 16.427366
672 16.340427
673 16.026114
674 16.090881
675 17.731964
676 16.402954
677 17.117777
678 17.554
679 18.116776
680 18.302353
681 17.124086
682 17.792912
683 17.193249
684 18.718607
685 18.186964
686 17.741089
687 17.360672
688 17.107563
689 16.60029
690 18.041492
691 16.292873
692 17.654371
693 16.570396
694 17.066309
695 15.961467
696 16.684546
697 17.968777
698 16.710606
699 17.949001
700 16.728846
701 17.234842
702 17.207891
703 16.53471
704 16.084726
705 16.951372
706 16.39071
707 16.926823
708 17.009157
709 17.962961
710 17.919535
711 18.316523
712 17.91002
713 16.785036
714 17.261465
715 17.808231
716 17.968164
717 15.790477
718 17.66295
719 16.721142
720 16.440891
721 17.302805
722 17.786678
723 17.130238
724 14.919414
725 16.382244
726 16.99323
727 16.66388
728 16.296883
729 15.36468
730 16.538965
731 16.536243
732 16.788874
733 17.542315
734 17.652561
735 17.108059
736 18.221172
737 17.796747
738 16.880198
739 17.00174
740 16.324192
741 17.695177
742 17.011692
743 17.177673
744 17.234215
745 17.257767
746 17.313211
747 17.48964
748 16.852016
749 16.506458
750 15.811948
751 16.065102
752 15.847186
753 16.519012
754 16.665318
755 15.420886
756 16.756054
757 16.544758
758 16.06814
759 15.871231
760 16.32064
761 15.505468
762 15.843846
763 15.60986
764 15.68889
765 15.344294
766 15.189102
767 15.334804
768 16.43316
769 14.70914
770 15.592749
771 15.783183
772 15.985495
773 16.92403
774 16.622177
775 17.959467
776 17.539463
777 18.007338
778 17.35612
779 18.55515
780 16.04582
781 16.86809
782 16.665688
783 17.185085
784 15.600777
785 16.13219
786 16.149553
787 15.464987
788 16.298548
789 15.89348
790 16.04664
791 15.609373
792 16.7873
793 15.544256
794 15.860069
795 15.577293
796 16.102184
797 15.783716
798 14.552282
799 15.192111
800 15.762278
801 15.063169
802 16.154211
803 16.767149
804 16.93256
805 15.028531
806 16.879894
807 15.5794935
808 16.093765
809 16.165964
810 16.380322
811 16.630108
812 15.765103
813 15.953552
814 17.110012
815 17.062984
816 16.627766
817 16.542398
818 17.099787
819 14.988996
820 16.163162
821 14.494644
822 14.936142
823 15.738272
824 15.753754
825 15.617073
826 15.68916
827 14.579112
828 16.110931
829 16.422411
830 15.319506
831 15.03468
832 14.959973
833 15.644745
834 14.889422
835 15.376959
836 15.589335
837 14.2497835
838 14.180736
839 14.856473
840 14.412747
841 14.8553295
842 13.807363
843 14.663533
844 15.540952
845 15.976787
846 15.764887
847 15.97901
848 15.719915
849 16.691122
850 16.484701
851 15.922134
852 14.981651
853 14.6355715
854 15.601222
855 15.042593
856 15.6817045
857 16.926931
858 14.754977
859 16.519775
860 16.46014
861 16.093403
862 16.017202
863 18.253153
864 17.297272
865 16.586605
866 16.738346
867 16.084423
868 16.811361
869 17.43415
870 17.571005
871 17.661407
872 16.892284
873 16.524931
874 16.436605
875 17.083658
876 16.957212
877 17.043385
878 16.521547
879 17.311367
880 16.265762
881 17.81696
882 17.756668
883 17.512545
884 19.719784
885 17.251762
886 16.316673
887 17.093937
888 15.949631
889 17.338116
890 16.074377
891 15.497561
892 16.119974
893 15.622118
894 15.738752
895 15.932483
896 15.033671
897 16.07236
898 16.713413
899 16.784397
900 15.505977
901 16.715048
902 16.303946
903 17.214417
904 16.0003
905 16.043509
906 16.071524
907 16.540167
908 15.888613
909 16.032028
910 16.410023
911 16.538727
912 17.092747
913 16.481375
914 16.027927
915 16.873917
916 16.45251
917 16.641853
918 15.927301
919 16.427725
920 15.394033
921 15.064085
922 16.8586
923 16.83301
924 15.3895035
925 15.773657
926 15.226718
927 16.181078
928 17.083395
929 15.808797
930 17.329245
931 15.303762
932 15.216059
933 17.364208
934 17.76231
935 16.303534
936 17.152119
937 15.650711
938 14.96106
939 16.486485
940 15.691734
941 16.182283
942 15.360654
943 16.058868
944 16.378656
945 16.040928
946 15.204267
947 15.677762
948 15.662767
949 16.51752
950 17.279099
951 17.82867
952 17.197561
953 17.486889
954 19.327599
955 17.698416
956 18.182135
957 16.301489
958 16.834948
959 15.76486
960 16.324266
961 17.479288
962 16.792686
963 16.452784
964 16.077934
965 16.584105
966 18.308575
967 15.679294
968 15.32224
969 16.112617
970 15.830157
971 15.660932
972 15.708685
973 15.142435
974 16.144638
975 15.418429
976 15.285517
977 15.684687
978 15.749608
979 14.991506
980 16.91605
981 15.218069
982 15.222071
983 15.764401
984 16.619768
985 14.848697
986 17.162756
987 15.045217
988 15.464922
989 16.534595
990 15.569051
991 15.219492
992 16.587463
993 16.519215
994 16.12949
995 16.465202
996 15.966921
997 15.50693
998 14.908282
999 15.269272
1000 16.546432
