1 0.00625
2 0.01875
3 0.034375
4 0.05625
5 0.05625
6 0.084375
7 0.1125
8 0.103125
9 0.103125
10 0.0875
11 0.109375
12 0.103125
13 0.103125
14 0.08125
15 0.103125
16 0.0875
17 0.06875
18 0.09375
19 0.078125
20 0.08125
21 0.0875
22 0.078125
23 0.109375
24 0.1
25 0.084375
26 0.115625
27 0.125
28 0.125
29 0.125
30 0.10625
31 0.121875
32 0.109375
33 0.15625
34 0.140625
35 0.109375
36 0.14375
37 0.125
38 0.1375
39 0.1
40 0.1
41 0.11875
42 0.11875
43 0.14375
44 0.115625
45 0.09375
46 0.109375
47 0.14375
48 0.10625
49 0.14375
50 0.134375
51 0.109375
52 0.146875
53 0.1125
54 0.125
55 0.125
56 0.1
57 0.125
58 0.115625
59 0.109375
60 0.128125
61 0.125
62 0.121875
63 0.109375
64 0.11875
65 0.109375
66 0.121875
67 0.15
68 0.103125
69 0.140625
70 0.165625
71 0.115625
72 0.14375
73 0.134375
74 0.14375
75 0.15625
76 0.14375
77 0.115625
78 0.134375
79 0.146875
80 0.13125
81 0.159375
82 0.171875
83 0.16875
84 0.134375
85 0.14375
86 0.21875
87 0.165625
88 0.15
89 0.171875
90 0.184375
91 0.140625
92 0.1375
93 0.165625
94 0.171875
95 0.209375
96 0.18125
97 0.184375
98 0.16875
99 0.175
100 0.178125
101 0.171875
102 0.175
103 0.171875
104 0.190625
105 0.20625
106 0.234375
107 0.140625
108 0.190625
109 0.15625
110 0.20625
111 0.178125
112 0.203125
113 0.203125
114 0.18125
115 0.184375
116 0.19375
117 0.215625
118 0.18125
119 0.14375
120 0.1875
121 0.190625
122 0.19375
123 0.171875
124 0.20625
125 0.20625
126 0.20625
127 0.225
128 0.16875
129 0.2125
130 0.2375
131 0.20625
132 0.2375
133 0.23125
134 0.203125
135 0.24375
136 0.19375
137 0.23125
138 0.259375
139 0.190625
140 0.178125
141 0.209375
142 0.275
143 0.209375
144 0.165625
145 0.190625
146 0.253125
147 0.26875
148 0.246875
149 0.19375
150 0.175
151 0.2125
152 0.1875
153 0.2
154 0.246875
155 0.2125
156 0.228125
157 0.215625
158 0.234375
159 0.225
160 0.21875
161 0.203125
162 0.2625
163 0.259375
164 0.221875
165 0.23125
166 0.240625
167 0.253125
168 0.221875
169 0.2625
170 0.203125
171 0.24375
172 0.203125
173 0.196875
174 0.23125
175 0.24375
176 0.234375
177 0.2375
178 0.153125
179 0.2125
180 0.20625
181 0.196875
182 0.2125
183 0.23125
184 0.234375
185 0.25625
186 0.225
187 0.209375
188 0.20625
189 0.21875
190 0.246875
191 0.240625
192 0.246875
193 0.228125
194 0.18125
195 0.2375
196 0.203125
197 0.234375
198 0.2
199 0.20625
200 0.278125
201 0.228125
202 0.215625
203 0.284375
204 0.2375
205 0.221875
206 0.2375
207 0.23125
208 0.234375
209 0.228125
210 0.203125
211 0.2
212 0.2625
213 0.246875
214 0.253125
215 0.23125
216 0.240625
217 0.246875
218 0.2625
219 0.275
220 0.225
221 0.24375
222 0.303125
223 0.246875
224 0.215625
225 0.234375
226 0.240625
227 0.271875
228 0.2625
229 0.290625
230 0.303125
231 0.259375
232 0.253125
233 0.21875
234 0.284375
235 0.253125
236 0.253125
237 0.259375
238 0.31875
239 0.253125
240 0.3
241 0.2625
242 0.25625
243 0.278125
244 0.196875
245 0.271875
246 0.253125
247 0.2375
248 0.321875
249 0.278125
250 0.290625
251 0.259375
252 0.25625
253 0.25625
254 0.296875
255 0.246875
256 0.275
257 0.321875
258 0.234375
259 0.2625
260 0.215625
261 0.234375
262 0.28125
263 0.275
264 0.2875
265 0.2375
266 0.2375
267 0.265625
268 0.253125
269 0.25
270 0.265625
271 0.246875
272 0.215625
273 0.215625
274 0.240625
275 0.29375
276 0.278125
277 0.2375
278 0.23125
279 0.25625
280 0.3
281 0.2
282 0.253125
283 0.2
284 0.240625
285 0.2375
286 0.240625
287 0.225
288 0.25625
289 0.265625
290 0.2875
291 0.2375
292 0.21875
293 0.30625
294 0.246875
295 0.29375
296 0.265625
297 0.246875
298 0.2875
299 0.31875
300 0.309375
301 0.28125
302 0.29375
303 0.296875
304 0.28125
305 0.2625
306 0.28125
307 0.24375
308 0.24375
309 0.24375
310 0.3125
311 0.25625
312 0.215625
313 0.234375
314 0.265625
315 0.246875
316 0.2625
317 0.275
318 0.23125
319 0.271875
320 0.215625
321 0.296875
322 0.290625
323 0.2625
324 0.23125
325 0.253125
326 0.2625
327 0.253125
328 0.221875
329 0.215625
330 0.296875
331 0.26875
332 0.253125
333 0.296875
334 0.271875
335 0.275
336 0.240625
337 0.2375
338 0.271875
339 0.234375
340 0.30625
341 0.278125
342 0.303125
343 0.271875
344 0.303125
345 0.296875
346 0.321875
347 0.3125
348 0.2375
349 0.303125
350 0.346875
351 0.334375
352 0.259375
353 0.25625
354 0.26875
355 0.26875
356 0.28125
357 0.271875
358 0.265625
359 0.340625
360 0.259375
361 0.321875
362 0.29375
363 0.321875
364 0.21875
365 0.315625
366 0.31875
367 0.278125
368 0.24375
369 0.3
370 0.271875
371 0.2875
372 0.271875
373 0.3375
374 0.253125
375 0.3
376 0.271875
377 0.29375
378 0.25625
379 0.26875
380 0.259375
381 0.30625
382 0.28125
383 0.328125
384 0.3125
385 0.25625
386 0.29375
387 0.275
388 0.296875
389 0.35625
390 0.321875
391 0.28125
392 0.25625
393 0.271875
394 0.28125
395 0.284375
396 0.290625
397 0.259375
398 0.265625
399 0.275
400 0.29375
401 0.29375
402 0.353125
403 0.240625
404 0.271875
405 0.3125
406 0.3
407 0.3375
408 0.2875
409 0.29375
410 0.2625
411 0.296875
412 0.26875
413 0.26875
414 0.29375
415 0.31875
416 0.271875
417 0.29375
418 0.28125
419 0.28125
420 0.31875
421 0.26875
422 0.3
423 0.2875
424 0.284375
425 0.278125
426 0.2625
427 0.26875
428 0.265625
429 0.284375
430 0.284375
431 0.246875
432 0.271875
433 0.265625
434 0.259375
435 0.303125
436 0.28125
437 0.25625
438 0.24375
439 0.284375
440 0.246875
441 0.25625
442 0.25625
443 0.2625
444 0.28125
445 0.2625
446 0.278125
447 0.2875
448 0.253125
449 0.259375
450 0.259375
451 0.2875
452 0.3125
453 0.28125
454 0.284375
455 0.353125
456 0.328125
457 0.303125
458 0.30625
459 0.303125
460 0.24375
461 0.31875
462 0.228125
463 0.3
464 0.340625
465 0.284375
466 0.340625
467 0.321875
468 0.296875
469 0.25625
470 0.253125
471 0.303125
472 0.25625
473 0.253125
474 0.275
475 0.275
476 0.321875
477 0.25625
478 0.303125
479 0.34375
480 0.278125
481 0.225
482 0.28125
483 0.315625
484 0.34375
485 0.3
486 0.271875
487 0.253125
488 0.328125
489 0.346875
490 0.275
491 0.253125
492 0.296875
493 0.309375
494 0.26875
495 0.259375
496 0.303125
497 0.35625
498 0.328125
499 0.325
500 0.246875
501 0.271875
502 0.309375
503 0.3375
504 0.271875
505 0.271875
506 0.3125
507 0.325
508 0.26875
509 0.30625
510 0.290625
511 0.296875
512 0.29375
513 0.271875
514 0.2875
515 0.325
516 0.31875
517 0.315625
518 0.25
519 0.28125
520 0.2875
521 0.2375
522 0.303125
523 0.309375
524 0.31875
525 0.296875
526 0.325
527 0.290625
528 0.278125
529 0.303125
530 0.353125
531 0.3
532 0.30625
533 0.265625
534 0.296875
535 0.309375
536 0.25
537 0.309375
538 0.296875
539 0.29375
540 0.3
541 0.284375
542 0.315625
543 0.29375
544 0.271875
545 0.315625
546 0.240625
547 0.334375
548 0.26875
549 0.28125
550 0.246875
551 0.30625
552 0.296875
553 0.321875
554 0.3125
555 0.240625
556 0.303125
557 0.3125
558 0.3
559 0.296875
560 0.259375
561 0.28125
562 0.3375
563 0.3125
564 0.309375
565 0.30625
566 0.3125
567 0.284375
568 0.33125
569 0.31875
570 0.265625
571 0.340625
572 0.28125
573 0.29375
574 0.35
575 0.303125
576 0.29375
577 0.30625
578 0.328125
579 0.340625
580 0.309375
581 0.325
582 0.275
583 0.290625
584 0.315625
585 0.321875
586 0.3375
587 0.33125
588 0.28125
589 0.2875
590 0.315625
591 0.328125
592 0.2625
593 0.346875
594 0.346875
595 0.31875
596 0.371875
597 0.315625
598 0.30625
599 0.30625
600 0.253125
601 0.278125
602 0.3
603 0.328125
604 0.321875
605 0.328125
606 0.328125
607 0.29375
608 0.278125
609 0.3
610 0.378125
611 0.30625
612 0.328125
613 0.3625
614 0.353125
615 0.340625
616 0.33125
617 0.315625
618 0.3375
619 0.259375
620 0.290625
621 0.334375
622 0.296875
623 0.3
624 0.3
625 0.325
626 0.309375
627 0.303125
628 0.3
629 0.253125
630 0.34375
631 0.340625
632 0.346875
633 0.328125
634 0.328125
635 0.33125
636 0.246875
637 0.290625
638 0.303125
639 0.33125
640 0.334375
641 0.290625
642 0.3
643 0.28125
644 0.290625
645 0.3
646 0.303125
647 0.303125
648 0.309375
649 0.2875
650 0.328125
651 0.3375
652 0.303125
653 0.353125
654 0.31875
655 0.353125
656 0.328125
657 0.346875
658 0.33125
659 0.290625
660 0.34375
661 0.303125
662 0.328125
663 0.35625
664 0.3
665 0.284375
666 0.296875
667 0.33125
668 0.2875
669 0.35
670 0.35625
671 0.278125
672 0.315625
673 0.378125
674 0.309375
675 0.3625
676 0.3
677 0.3125
678 0.303125
679 0.328125
680 0.296875
681 0.31875
682 0.265625
683 0.346875
684 0.35
685 0.25625
686 0.303125
687 0.303125
688 0.284375
689 0.328125
690 0.371875
691 0.26875
692 0.340625
693 0.303125
694 0.26875
695 0.3125
696 0.35625
697 0.328125
698 0.284375
699 0.30625
700 0.334375
701 0.353125
702 0.328125
703 0.25625
704 0.353125
705 0.321875
706 0.309375
707 0.325
708 0.3
709 0.3375
710 0.325
711 0.346875
712 0.278125
713 0.31875
714 0.303125
715 0.3375
716 0.3125
717 0.321875
718 0.365625
719 0.325
720 0.328125
721 0.30625
722 0.334375
723 0.290625
724 0.303125
725 0.3375
726 0.296875
727 0.334375
728 0.3
729 0.303125
730 0.309375
731 0.34375
732 0.271875
733 0.378125
734 0.303125
735 0.346875
736 0.28125
737 0.271875
738 0.296875
739 0.35625
740 0.3
741 0.275
742 0.3125
743 0.35625
744 0.30625
745 0.2875
746 0.353125
747 0.303125
748 0.31875
749 0.275
750 0.334375
751 0.384375
752 0.309375
753 0.309375
754 0.35
755 0.328125
756 0.315625
757 0.259375
758 0.275
759 0.259375
760 0.2875
761 0.31875
762 0.290625
763 0.303125
764 0.259375
765 0.359375
766 0.30625
767 0.3125
768 0.33125
769 0.321875
770 0.315625
771 0.29375
772 0.38125
773 0.353125
774 0.29375
775 0.325
776 0.33125
777 0.35
778 0.334375
779 0.359375
780 0.340625
781 0.346875
782 0.315625
783 0.30625
784 0.284375
785 0.30625
786 0.325
787 0.3
788 0.309375
789 0.30625
790 0.315625
791 0.303125
792 0.328125
793 0.30625
794 0.26875
795 0.3
796 0.296875
797 0.290625
798 0.284375
799 0.321875
800 0.303125
801 0.315625
802 0.309375
803 0.340625
804 0.3625
805 0.34375
806 0.36875
807 0.3625
808 0.3
809 0.3
810 0.31875
811 0.29375
812 0.28125
813 0.3
814 0.33125
815 0.325
816 0.384375
817 0.365625
818 0.31875
819 0.378125
820 0.36875
821 0.325
822 0.359375
823 0.36875
824 0.33125
825 0.28125
826 0.296875
827 0.425
828 0.3125
829 0.35625
830 0.371875
831 0.359375
832 0.375
833 0.321875
834 0.2875
835 0.315625
836 0.303125
837 0.321875
838 0.303125
839 0.278125
840 0.321875
841 0.3375
842 0.334375
843 0.29375
844 0.3
845 0.303125
846 0.30625
847 0.34375
848 0.34375
849 0.325
850 0.334375
851 0.278125
852 0.328125
853 0.30625
854 0.328125
855 0.3375
856 0.290625
857 0.334375
858 0.29375
859 0.315625
860 0.275
861 0.29375
862 0.3
863 0.278125
864 0.3
865 0.325
866 0.3
867 0.353125
868 0.284375
869 0.33125
870 0.346875
871 0.34375
872 0.353125
873 0.290625
874 0.35625
875 0.359375
876 0.353125
877 0.35
878 0.315625
879 0.3375
880 0.284375
881 0.359375
882 0.35625
883 0.359375
884 0.359375
885 0.36875
886 0.35
887 0.315625
888 0.353125
889 0.303125
890 0.35
891 0.303125
892 0.328125
893 0.353125
894 0.390625
895 0.321875
896 0.415625
897 0.359375
898 0.365625
899 0.33125
900 0.3
901 0.303125
902 0.33125
903 0.4
904 0.334375
905 0.34375
906 0.359375
907 0.38125
908 0.3
909 0.359375
910 0.30625
911 0.359375
912 0.26875
913 0.3
914 0.2875
915 0.3
916 0.346875
917 0.353125
918 0.3375
919 0.346875
920 0.334375
921 0.353125
922 0.353125
923 0.328125
924 0.30625
925 0.3625
926 0.353125
927 0.34375
928 0.346875
929 0.35625
930 0.26875
931 0.3
932 0.31875
933 0.33125
934 0.3125
935 0.340625
936 0.321875
937 0.321875
938 0.421875
939 0.3375
940 0.325
941 0.365625
942 0.3
943 0.3125
944 0.303125
945 0.34375
946 0.315625
947 0.325
948 0.290625
949 0.3
950 0.259375
951 0.325
952 0.325
953 0.33125
954 0.3625
955 0.315625
956 0.33125
957 0.3375
958 0.315625
959 0.303125
960 0.359375
961 0.33125
962 0.375
963 0.325
964 0.3625
965 0.378125
966 0.403125
967 0.34375
968 0.328125
969 0.31875
970 0.2875
971 0.31875
972 0.321875
973 0.321875
974 0.31875
975 0.35
976 0.328125
977 0.35625
978 0.31875
979 0.371875
980 0.3125
981 0.303125
982 0.3375
983 0.340625
984 0.2875
985 0.35625
986 0.34375
987 0.390625
988 0.334375
989 0.29375
990 0.3375
991 0.33125
992 0.35625
993 0.35
994 0.321875
995 0.346875
996 0.34375
997 0.371875
998 0.35625
999 0.378125
1000 0.303125
