1 7.679522
2 7.653499
3 7.544503
4 7.4771624
5 7.3535233
6 7.198581
7 6.897843
8 6.6995096
9 6.458162
10 6.462706
11 6.3543253
12 6.0116982
13 5.8712635
14 5.8202043
15 5.8753743
16 6.050728
17 5.8183875
18 5.679967
19 5.625344
20 5.2776594
21 5.380207
22 5.788571
23 5.2702346
24 5.260866
25 5.253047
26 5.2325535
27 5.2848196
28 5.558388
29 5.38745
30 5.350194
31 5.292083
32 5.1742234
33 5.0541444
34 5.146305
35 5.0058665
36 5.1038275
37 5.2464805
38 5.176881
39 5.2551312
40 5.2454524
41 5.285453
42 5.296228
43 5.010763
44 5.123806
45 5.412438
46 5.0571256
47 5.1270547
48 5.133042
49 4.996174
50 5.17027
51 5.0934644
52 5.2023273
53 5.041141
54 4.9254613
55 4.98651
56 5.2250752
57 5.0027504
58 5.170788
59 5.1481295
60 5.2025
61 4.9464593
62 5.0941415
63 5.4676256
64 5.347825
65 5.3021216
66 5.036888
67 5.0171113
68 5.154357
69 5.2123446
70 5.0910306
71 5.152516
72 5.032382
73 5.0320225
74 5.0463624
75 4.948661
76 5.0681806
77 4.9500294
78 4.816432
79 5.135521
80 4.905043
81 4.754425
82 4.8504715
83 4.8732405
84 4.752972
85 4.728163
86 4.6503687
87 4.7016487
88 4.804013
89 4.915755
90 4.761302
91 4.659964
92 4.9090037
93 4.7558546
94 4.9115033
95 4.6171556
96 4.7876496
97 4.789267
98 4.808866
99 4.8793397
100 4.6959243
101 4.8223844
102 4.7278085
103 4.6591687
104 4.7491817
105 4.5292873
106 4.367743
107 4.8603306
108 4.5310016
109 4.7685285
110 4.562652
111 4.444416
112 4.5142813
113 4.6325126
114 4.6298094
115 4.6201077
116 4.5746007
117 4.748638
118 4.7172427
119 4.871566
120 4.814776
121 4.755014
122 4.569434
123 4.592238
124 4.411233
125 4.8120046
126 4.6183677
127 4.72645
128 4.742897
129 4.712587
130 4.3809714
131 4.451197
132 4.37068
133 4.439841
134 4.559894
135 4.315109
136 4.452751
137 4.518714
138 4.3706403
139 4.5322895
140 4.6329713
141 4.6525774
142 4.291485
143 4.5623145
144 4.3656836
145 4.785644
146 4.3335915
147 4.274656
148 4.5052314
149 4.512046
150 4.481576
151 4.4567347
152 4.7152643
153 4.5224333
154 4.3239074
155 4.3137956
156 4.3467917
157 4.558765
158 4.0947027
159 4.3635106
160 4.279886
161 4.4577127
162 4.441563
163 4.20325
164 4.4217243
165 4.5528183
166 4.319633
167 4.4408956
168 4.422534
169 4.1350493
170 4.411654
171 4.2380004
172 4.328384
173 4.1733775
174 4.2069683
175 4.1682186
176 4.3018827
177 4.158075
178 4.4307785
179 4.195575
180 4.297573
181 4.474755
182 4.2156434
183 4.1753345
184 4.3676386
185 4.1755195
186 4.546069
187 4.507534
188 4.315128
189 4.238078
190 4.1688023
191 4.353316
192 4.2432995
193 4.401413
194 4.354648
195 4.2760077
196 4.274332
197 4.2745123
198 4.302586
199 4.0926895
200 4.0721173
201 4.1589303
202 4.251669
203 4.215805
204 4.388069
205 4.1935654
206 4.2400928
207 4.4110117
208 4.194706
209 4.176147
210 4.4963427
211 4.2249317
212 4.138181
213 4.30701
214 4.2100854
215 4.296377
216 4.1752863
217 3.929929
218 4.0622096
219 4.1170855
220 4.119368
221 4.1622972
222 4.074926
223 3.983449
224 4.256337
225 4.2303805
226 4.326326
227 4.0253735
228 4.0933485
229 4.0256696
230 3.9312093
231 4.1090417
232 4.0092726
233 4.2628646
234 3.9892426
235 4.2022843
236 4.059799
237 4.079572
238 3.8825128
239 4.043305
240 3.9229913
241 3.9824357
242 3.9568868
243 3.9496994
244 4.0584316
245 3.9443984
246 3.995158
247 4.2233553
248 3.9831495
249 4.081759
250 4.1351557
251 4.027609
252 4.0941067
253 4.0620604
254 3.9479394
255 4.0263443
256 3.975534
257 3.902689
258 4.092246
259 4.0901427
260 4.1962123
261 4.1173406
262 4.196563
263 3.93466
264 4.0611815
265 4.291875
266 4.3144965
267 4.2731137
268 4.04942
269 4.061353
270 4.2290845
271 4.2663417
272 4.414214
273 4.2276454
274 4.1350145
275 3.966031
276 4.364031
277 4.32832
278 4.417492
279 4.2350183
280 4.0469837
281 4.44372
282 4.3968096
283 4.4955907
284 4.0735855
285 4.3360476
286 4.2206087
287 3.9342184
288 3.9833758
289 4.010636
290 4.044299
291 4.070636
292 4.1336775
293 3.9176939
294 4.122693
295 3.767979
296 4.098648
297 4.1324706
298 3.918648
299 3.883663
300 3.803571
301 3.9581108
302 3.9628599
303 3.8135836
304 3.894999
305 4.1432276
306 3.9846175
307 3.955299
308 4.076383
309 4.049682
310 3.8167524
311 4.1709876
312 4.379313
313 4.4263473
314 4.21158
315 4.1177526
316 4.195428
317 4.198316
318 4.248111
319 3.944076
320 4.2577653
321 3.9865446
322 4.0482497
323 4.1533
324 4.101165
325 3.9681592
326 4.005947
327 4.1162553
328 4.247308
329 4.2773476
330 3.9631488
331 3.9746566
332 4.0749497
333 3.8464973
334 4.0146265
335 3.958663
336 3.9856937
337 4.269191
338 3.9621866
339 4.1383805
340 3.837246
341 3.849535
342 3.944402
343 3.844155
344 3.9512584
345 3.805491
346 3.7950819
347 3.7670193
348 3.879198
349 3.75229
350 3.528603
351 3.735596
352 4.1006327
353 4.016067
354 3.9462478
355 3.9909606
356 3.758462
357 3.9092076
358 3.9452922
359 3.566432
360 3.9992096
361 3.771575
362 3.61431
363 3.7052488
364 4.12031
365 3.8000674
366 3.6775274
367 3.8872213
368 3.9111688
369 3.7304447
370 3.9323578
371 3.7787256
372 3.8915677
373 3.4501157
374 3.8705819
375 3.7420607
376 3.7666674
377 3.7609496
378 3.8560243
379 3.9270387
380 3.749337
381 3.907782
382 3.9189403
383 3.6421502
384 3.647429
385 3.7289553
386 3.6939225
387 3.7383466
388 3.8260174
389 3.5163748
390 3.6103358
391 3.8094122
392 3.9536297
393 3.9201555
394 3.8770306
395 3.9336548
396 4.047971
397 3.8232286
398 3.970436
399 3.7683785
400 3.8223
401 3.7195857
402 3.4698975
403 4.020281
404 3.9781375
405 3.8419538
406 3.8074312
407 3.7225997
408 3.7575953
409 3.838241
410 3.7801247
411 3.7367756
412 3.751999
413 4.006364
414 3.8763862
415 3.8225076
416 3.8288157
417 3.7428865
418 3.683476
419 3.8676386
420 3.7258444
421 3.7895474
422 3.7543082
423 3.8778896
424 3.921699
425 3.9869483
426 4.0880713
427 4.050307
428 3.9853106
429 3.9522188
430 4.2716627
431 4.062832
432 3.9061565
433 4.055702
434 4.038032
435 3.8783157
436 4.0867634
437 4.116539
438 4.0839586
439 4.114398
440 3.9997337
441 4.1079445
442 3.9409418
443 3.9249654
444 3.8447416
445 3.8720057
446 3.8301754
447 3.8504105
448 3.8846924
449 3.994467
450 4.04608
451 3.8991044
452 3.8726482
453 3.9065156
454 4.0458746
455 3.6262429
456 3.764576
457 4.0512156
458 3.8661313
459 3.779367
460 4.1077895
461 3.8781197
462 4.3020453
463 3.911958
464 3.4707866
465 3.9110966
466 3.6632009
467 4.024982
468 3.9156823
469 3.9676473
470 3.8854063
471 3.7395597
472 4.2172213
473 4.028085
474 4.1270423
475 4.1230764
476 3.6820009
477 3.8823655
478 3.7165284
479 3.7253563
480 3.8944309
481 3.933321
482 3.7809405
483 3.7678957
484 3.5462022
485 3.7235212
486 3.7880785
487 3.893099
488 3.6930072
489 3.6788595
490 3.683227
491 4.055302
492 3.8293388
493 3.8072717
494 3.9045527
495 3.8750827
496 3.8274357
497 3.5328712
498 3.6277494
499 3.7689838
500 4.005189
501 3.8773398
502 3.6675923
503 3.8903115
504 3.8981323
505 3.8591373
506 3.757101
507 3.6137545
508 3.871033
509 3.7049098
510 3.9253092
511 3.948588
512 3.8610053
513 4.0303035
514 3.8011434
515 3.649092
516 3.65255
517 3.6698046
518 4.0005937
519 3.8884723
520 3.8220499
521 4.1858974
522 3.9064121
523 3.7556336
524 3.562954
525 3.7875812
526 3.6206098
527 3.9151952
528 3.827391
529 3.7417817
530 3.7080085
531 3.8481998
532 3.6885912
533 3.8379552
534 3.8116164
535 3.6890614
536 3.8789005
537 3.6730235
538 3.7894275
539 3.8923378
540 3.644745
541 3.7893577
542 3.8302486
543 3.849956
544 3.9056196
545 3.793819
546 3.9386036
547 4.0144687
548 3.9366271
549 3.7739632
550 3.8800738
551 3.7575688
552 3.8785253
553 3.7996316
554 3.7344525
555 3.8069906
556 3.766997
557 3.703831
558 3.967555
559 3.6802952
560 3.77703
561 3.9573336
562 3.6470032
563 3.7926044
564 3.820562
565 3.91798
566 3.8512692
567 3.944412
568 3.766562
569 3.7003636
570 3.7272363
571 3.6582093
572 3.808207
573 3.8280709
574 3.5733984
575 3.7653499
576 3.728784
577 3.9334667
578 3.6309469
579 3.6904743
580 3.6866372
581 3.4683886
582 3.7618377
583 3.737774
584 3.8011973
585 3.6375208
586 3.6565936
587 3.6225471
588 3.749209
589 3.9600484
590 3.7517278
591 3.760328
592 3.9184926
593 3.608071
594 3.4270961
595 3.6511483
596 3.5744233
597 3.7535627
598 3.7195888
599 3.7674513
600 4.127832
601 3.7689068
602 3.7253842
603 3.660887
604 3.669852
605 3.5843034
606 3.6010308
607 3.843228
608 3.6892617
609 3.6342053
610 3.4747498
611 3.8377209
612 3.6391158
613 3.515165
614 3.7922223
615 3.519271
616 3.6488173
617 3.7628298
618 3.59793
619 4.0818353
620 3.6989946
621 3.6043892
622 3.7264898
623 3.7481647
624 3.6537154
625 3.8761454
626 3.7775574
627 3.8129497
628 3.63665
629 3.9038417
630 3.6999395
631 3.77442
632 3.5411956
633 3.750445
634 3.724391
635 3.6123078
636 3.921298
637 3.8537054
638 3.7463248
639 3.8133688
640 3.6949391
641 3.7213957
642 3.8672538
643 3.875297
644 3.7611468
645 3.6997695
646 3.6516533
647 3.765796
648 3.6533394
649 3.7720785
650 3.6829321
651 3.5225673
652 3.7311392
653 3.4585717
654 3.5147948
655 3.5393925
656 3.6051226
657 3.4858675
658 3.692417
659 3.8791122
660 3.731683
661 3.7538323
662 3.571709
663 3.690791
664 3.8328116
665 3.8004231
666 3.7587934
667 3.633661
668 3.7912812
669 3.578168
670 3.4139013
671 3.789939
672 3.6139145
673 3.3903303
674 3.7136085
675 3.5954437
676 3.644812
677 3.5881627
678 3.562009
679 3.5938478
680 3.748875
681 3.6184437
682 3.770831
683 3.512776
684 3.5418675
685 3.7558389
686 3.9283447
687 3.6262283
688 3.6742425
689 3.5964003
690 3.3259854
691 3.720929
692 3.4070592
693 3.799388
694 3.9910693
695 3.5757935
696 3.737892
697 3.5181303
698 3.7447274
699 3.8917272
700 3.4710941
701 3.4994297
702 3.6861544
703 3.8600094
704 3.4296033
705 3.5414798
706 3.6006625
707 3.694233
708 3.6223102
709 3.6756716
710 3.632827
711 3.5184395
712 3.6796248
713 3.6258142
714 3.769804
715 3.6179082
716 3.6028001
717 3.3893218
718 3.4331129
719 3.6091986
720 3.6996791
721 3.6341457
722 3.5904257
723 3.735948
724 3.727029
725 3.5431352
726 3.6322997
727 3.4680817
728 3.482135
729 3.4706037
730 3.6533537
731 3.404378
732 3.914067
733 3.4384856
734 3.4449298
735 3.3623705
736 3.7253926
737 3.7098408
738 3.6967654
739 3.4421623
740 3.7919457
741 3.8277824
742 3.7717164
743 3.3456933
744 3.6039894
745 3.6945472
746 3.4654865
747 3.722076
748 3.6726418
749 3.921169
750 3.5253663
751 3.3733852
752 3.7258203
753 3.7015471
754 3.590287
755 3.6285717
756 3.8786697
757 3.8295588
758 3.7428026
759 3.7869568
760 3.6899886
761 3.7174006
762 3.7892256
763 3.802177
764 4.017018
765 3.6152322
766 3.9247496
767 3.6830592
768 3.5073233
769 3.6609704
770 3.6125948
771 3.730311
772 3.2935796
773 3.525242
774 3.7278595
775 3.7007756
776 3.5311222
777 3.5880904
778 3.5678546
779 3.4407272
780 3.5745344
781 3.6427026
782 3.665608
783 3.5651267
784 3.857665
785 3.7752895
786 3.7389228
787 3.7240632
788 3.6538482
789 3.5695941
790 3.623338
791 3.610043
792 3.6414845
793 3.8289523
794 3.913595
795 3.8299298
796 3.8345475
797 3.8061166
798 3.5766778
799 3.6297271
800 3.7559707
801 3.7120962
802 3.6868093
803 3.5108016
804 3.4859734
805 3.3590798
806 3.4352922
807 3.5440733
808 3.705756
809 3.6325917
810 3.4479618
811 3.803302
812 3.7527034
813 3.6591036
814 3.3613465
815 3.46221
816 3.4795089
817 3.4846306
818 3.558912
819 3.2978299
820 3.340911
821 3.6153429
822 3.46627
823 3.4289217
824 3.486891
825 3.823025
826 3.763409
827 3.2400436
828 3.8286524
829 3.4690998
830 3.3721745
831 3.3575075
832 3.6746752
833 3.688839
834 3.8266668
835 3.71314
836 3.846092
837 3.745462
838 3.7192714
839 3.834369
840 3.6477995
841 3.5760703
842 3.6266885
843 3.7023678
844 3.8483422
845 3.7723482
846 3.7941759
847 3.562181
848 3.619711
849 3.5683098
850 3.5204043
851 3.7583008
852 3.48054
853 3.5543644
854 3.5343046
855 3.4568048
856 3.6584487
857 3.6450288
858 3.686431
859 3.5809722
860 3.6251404
861 3.9392793
862 3.55589
863 3.812167
864 3.5338273
865 3.6010532
866 3.6716077
867 3.528401
868 3.6624892
869 3.59903
870 3.3733792
871 3.5057487
872 3.448847
873 3.6897705
874 3.3632824
875 3.4882352
876 3.2617226
877 3.508402
878 3.4552944
879 3.601594
880 3.6091757
881 3.5170667
882 3.3932664
883 3.4509096
884 3.4017982
885 3.4699032
886 3.4866579
887 3.5602775
888 3.6925437
889 3.7797797
890 3.562488
891 3.6774678
892 3.506401
893 3.680936
894 3.3538852
895 3.612366
896 3.2354183
897 3.332031
898 3.4812918
899 3.597331
900 3.8295515
901 3.6369655
902 3.4468687
903 3.193458
904 3.5739152
905 3.5283706
906 3.4350212
907 3.3401117
908 3.7173293
909 3.5285969
910 3.5715046
911 3.3330855
912 3.877265
913 3.760909
914 3.8761423
915 3.6941762
916 3.5229552
917 3.512727
918 3.5746505
919 3.6558497
920 3.5548396
921 3.6190155
922 3.4143813
923 3.5493917
924 3.647641
925 3.3448513
926 3.289304
927 3.4976435
928 3.663685
929 3.4215362
930 3.8385878
931 3.904803
932 3.583411
933 3.632205
934 3.8076072
935 3.5224068
936 3.5415156
937 3.5524216
938 3.2874625
939 3.639761
940 3.750142
941 3.4806695
942 3.6235175
943 3.7124777
944 3.5794523
945 3.5074863
946 3.5493715
947 3.598026
948 3.8280098
949 3.7542546
950 3.9551463
951 3.8175704
952 3.6047823
953 3.3852139
954 3.464129
955 3.6766472
956 3.522829
957 3.704679
958 3.797506
959 3.7260425
960 3.5239923
961 3.537291
962 3.3484175
963 3.5244756
964 3.1825223
965 3.3740842
966 3.309368
967 3.5746353
968 3.5757546
969 3.6185045
970 3.8694768
971 3.740333
972 3.6217403
973 3.601891
974 3.4887114
975 3.5750246
976 3.3760831
977 3.4876397
978 3.58905
979 3.3869221
980 3.5001884
981 3.7392592
982 3.3732686
983 3.5491042
984 3.5485702
985 3.464719
986 3.6586292
987 3.351333
988 3.734439
989 3.76832
990 3.4982378
991 3.8190928
992 3.4773962
993 3.415059
994 3.5615215
995 3.56368
996 3.6281412
997 3.3513522
998 3.5745788
999 3.6136894
1000 3.878384
