1 5.323039
2 5.3050013
3 5.229451
4 5.182774
5 5.097074
6 4.9896765
7 4.7812204
8 4.6437464
9 4.4764566
10 4.4796066
11 4.404483
12 4.1669917
13 4.0696497
14 4.0342584
15 4.0724993
16 4.194045
17 4.032999
18 3.937053
19 3.8991914
20 3.6581948
21 3.7292755
22 4.0123315
23 3.6530483
24 3.6465545
25 3.6411347
26 3.6269298
27 3.6631577
28 3.8527813
29 3.734296
30 3.7084718
31 3.6681924
32 3.5864983
33 3.503266
34 3.5671468
35 3.4698024
36 3.5377038
37 3.6365833
38 3.5883403
39 3.6425796
40 3.6358705
41 3.6635966
42 3.6710656
43 3.4731965
44 3.5515518
45 3.751616
46 3.5053325
47 3.5538037
48 3.5579536
49 3.4630837
50 3.583758
51 3.5305207
52 3.6059785
53 3.4942527
54 3.4140697
55 3.4563854
56 3.621746
57 3.4676423
58 3.5841172
59 3.5684114
60 3.6060982
61 3.4286244
62 3.53099
63 3.7898693
64 3.7068298
65 3.6751506
66 3.4913049
67 3.4775968
68 3.572728
69 3.6129222
70 3.5288334
71 3.571452
72 3.4881814
73 3.4879322
74 3.4978719
75 3.4301503
76 3.5129952
77 3.431099
78 3.3384964
79 3.5596719
80 3.399917
81 3.2955165
82 3.3620906
83 3.377873
84 3.2945092
85 3.2773128
86 3.22339
87 3.2589345
88 3.3298879
89 3.4073417
90 3.300283
91 3.230041
92 3.4026623
93 3.2965074
94 3.4043946
95 3.2003684
96 3.3185458
97 3.319667
98 3.333252
99 3.3821006
100 3.2549667
101 3.3426223
102 3.2770672
103 3.2294898
104 3.291882
105 3.1394627
106 3.0274887
107 3.3689246
108 3.140651
109 3.3052921
110 3.1625896
111 3.0806344
112 3.1290615
113 3.211013
114 3.2091393
115 3.2024148
116 3.1708717
117 3.2915053
118 3.2697437
119 3.376712
120 3.3373485
121 3.2959247
122 3.1672904
123 3.183097
124 3.0576339
125 3.3354275
126 3.2012086
127 3.2761257
128 3.2875257
129 3.2665162
130 3.036658
131 3.0853348
132 3.0295246
133 3.0774632
134 3.1606777
135 2.9910054
136 3.086412
137 3.132134
138 3.029497
139 3.1415436
140 3.211331
141 3.224921
142 2.9746306
143 3.1623554
144 3.0260613
145 3.3171558
146 3.0038166
147 2.9629657
148 3.1227884
149 3.127512
150 3.106392
151 3.089173
152 3.268372
153 3.134712
154 2.9971044
155 2.9900954
156 3.0129664
157 3.159895
158 2.8382318
159 3.0245552
160 2.966591
161 3.089851
162 3.0786572
163 2.9134707
164 3.064906
165 3.1557732
166 2.9941416
167 3.0781944
168 3.0654671
169 2.8661978
170 3.0579257
171 2.937558
172 3.0002072
173 2.892765
174 2.9160483
175 2.889189
176 2.981838
177 2.8821578
178 3.0711818
179 2.9081511
180 2.9788506
181 3.1016636
182 2.9220614
183 2.8941214
184 3.0274165
185 2.8942497
186 3.1510952
187 3.1243846
188 2.9910188
189 2.937612
190 2.8895936
191 3.0174885
192 2.9412313
193 3.050827
194 3.018412
195 2.9639027
196 2.9627414
197 2.962866
198 2.9823256
199 2.836836
200 2.8225765
201 2.882751
202 2.9470325
203 2.9221733
204 3.0415778
205 2.906758
206 2.9390082
207 3.0574803
208 2.9075487
209 2.8946846
210 3.1166272
211 2.9284997
212 2.8683686
213 2.985392
214 2.9182088
215 2.9780216
216 2.894088
217 2.7240193
218 2.815709
219 2.8537462
220 2.8553286
221 2.8850846
222 2.8245234
223 2.7611165
224 2.950268
225 2.9322762
226 2.9987805
227 2.7901764
228 2.837293
229 2.7903814
230 2.7249067
231 2.8481708
232 2.779016
233 2.9547927
234 2.7651322
235 2.9128015
236 2.8140385
237 2.827744
238 2.6911528
239 2.8026054
240 2.7192104
241 2.7604141
242 2.7427049
243 2.737723
244 2.8130906
245 2.7340486
246 2.7692325
247 2.9274068
248 2.7609088
249 2.8292596
250 2.8662715
251 2.7917256
252 2.8378184
253 2.8156059
254 2.7365031
255 2.7908492
256 2.7556303
257 2.705138
258 2.836529
259 2.835071
260 2.9085927
261 2.853923
262 2.9088356
263 2.7272985
264 2.8149967
265 2.974901
266 2.990581
267 2.9618967
268 2.806844
269 2.8151155
270 2.9313781
271 2.957203
272 3.0597
273 2.9303806
274 2.8661737
275 2.7490432
276 3.0249157
277 3.0001628
278 3.0619721
279 2.935491
280 2.8051553
281 3.080152
282 3.0476363
283 3.116106
284 2.8235943
285 3.0055194
286 2.925503
287 2.7269924
288 2.7610657
289 2.779961
290 2.8032944
291 2.8215497
292 2.8652468
293 2.7155385
294 2.857633
295 2.611764
296 2.8409665
297 2.8644104
298 2.7161999
299 2.69195
300 2.6364346
301 2.7435534
302 2.7468452
303 2.6433747
304 2.6998076
305 2.8718667
306 2.7619264
307 2.7416043
308 2.8255336
309 2.807026
310 2.6455712
311 2.8911083
312 3.0355084
313 3.0681102
314 2.9192448
315 2.8542087
316 2.908049
317 2.9100509
318 2.944566
319 2.7338252
320 2.951258
321 2.7632623
322 2.806033
323 2.878848
324 2.842711
325 2.7505183
326 2.776711
327 2.8531709
328 2.9440093
329 2.9648314
330 2.7470455
331 2.755022
332 2.82454
333 2.6661887
334 2.782727
335 2.743936
336 2.7626724
337 2.9591775
338 2.7463784
339 2.868507
340 2.6597762
341 2.6682944
342 2.7340512
343 2.6645653
344 2.7388036
345 2.6377654
346 2.6305504
347 2.6110988
348 2.6888552
349 2.6008892
350 2.4458413
351 2.5893178
352 2.842342
353 2.7837255
354 2.7353306
355 2.766323
356 2.6051674
357 2.7096562
358 2.7346683
359 2.4720623
360 2.7720408
361 2.6142566
362 2.5052488
363 2.5682828
364 2.855981
365 2.634006
366 2.5490677
367 2.6944165
368 2.7110157
369 2.5857472
370 2.7257028
371 2.619213
372 2.6974292
373 2.391438
374 2.682883
375 2.5937989
376 2.6108549
377 2.6068916
378 2.6727924
379 2.7220159
380 2.5988424
381 2.7086682
382 2.7164025
383 2.5245461
384 2.5282052
385 2.584715
386 2.560432
387 2.5912244
388 2.6519933
389 2.4373653
390 2.502494
391 2.6404834
392 2.7404473
393 2.7172449
394 2.687353
395 2.7266018
396 2.8058395
397 2.6500602
398 2.7520967
399 2.612041
400 2.6494164
401 2.5782204
402 2.4051497
403 2.7866464
404 2.7574348
405 2.6630394
406 2.6391103
407 2.5803096
408 2.6045666
409 2.660466
410 2.6201828
411 2.5901356
412 2.6006875
413 2.7769997
414 2.686906
415 2.6495605
416 2.6539328
417 2.5943713
418 2.553191
419 2.6808429
420 2.5825586
421 2.6267142
422 2.6022882
423 2.6879482
424 2.7183146
425 2.763542
426 2.833635
427 2.8074586
428 2.7624068
429 2.7394693
430 2.960891
431 2.8161404
432 2.7075415
433 2.8111985
434 2.7989507
435 2.6882436
436 2.8327286
437 2.8533676
438 2.8307846
439 2.8518834
440 2.7724042
441 2.8474102
442 2.7316527
443 2.7205787
444 2.6649718
445 2.6838698
446 2.6548753
447 2.6689012
448 2.6926637
449 2.7687535
450 2.8045292
451 2.7026532
452 2.6843152
453 2.7077904
454 2.8043866
455 2.51352
456 2.6094053
457 2.8080888
458 2.6797981
459 2.6196575
460 2.847303
461 2.6881077
462 2.9819505
463 2.7115626
464 2.405766
465 2.7109656
466 2.5391374
467 2.789905
468 2.7141442
469 2.7501636
470 2.6931584
471 2.5920653
472 2.923155
473 2.792056
474 2.860648
475 2.8578987
476 2.5521686
477 2.6910508
478 2.5761013
479 2.5822203
480 2.6994138
481 2.7263703
482 2.6207483
483 2.6117063
484 2.45804
485 2.5809484
486 2.625696
487 2.6984906
488 2.5597975
489 2.5499911
490 2.5530186
491 2.8109214
492 2.6542954
493 2.6389997
494 2.7064297
495 2.6860027
496 2.6529763
497 2.4487998
498 2.5145643
499 2.6124606
500 2.7761855
501 2.6875672
502 2.5421813
503 2.6965585
504 2.7019794
505 2.6749501
506 2.604224
507 2.5048637
508 2.6831956
509 2.5680478
510 2.720817
511 2.7369525
512 2.676245
513 2.7935936
514 2.6347518
515 2.529358
516 2.5317547
517 2.5437148
518 2.7730002
519 2.6952837
520 2.649243
521 2.901443
522 2.7077186
523 2.6032069
524 2.4696515
525 2.6253512
526 2.5096154
527 2.7138066
528 2.6529453
529 2.5936055
530 2.5701957
531 2.667369
532 2.5567367
533 2.6602678
534 2.6420112
535 2.5570626
536 2.688649
537 2.545946
538 2.626631
539 2.697963
540 2.5263448
541 2.6265826
542 2.654926
543 2.6685863
544 2.7071693
545 2.629675
546 2.730032
547 2.7826178
548 2.728662
549 2.615912
550 2.6894622
551 2.6045482
552 2.6883888
553 2.633704
554 2.5885253
555 2.638805
556 2.6110835
557 2.5673
558 2.7500997
559 2.5509863
560 2.6180377
561 2.7430146
562 2.52791
563 2.628833
564 2.6482117
565 2.7157369
566 2.6694965
567 2.7340581
568 2.610782
569 2.5648966
570 2.5835233
571 2.5356774
572 2.639648
573 2.6534166
574 2.476891
575 2.6099417
576 2.5845962
577 2.7264714
578 2.5167806
579 2.5580418
580 2.5553823
581 2.4041038
582 2.6075072
583 2.5908275
584 2.6347892
585 2.5213373
586 2.5345576
587 2.5109584
588 2.5987537
589 2.7448964
590 2.6004996
591 2.6064608
592 2.716092
593 2.5009243
594 2.375482
595 2.5307832
596 2.4776015
597 2.6017714
598 2.5782225
599 2.6113982
600 2.861195
601 2.6124072
602 2.5822396
603 2.5375335
604 2.5437477
605 2.4844499
606 2.4960444
607 2.6639228
608 2.5572014
609 2.5190392
610 2.408513
611 2.6601055
612 2.5224428
613 2.4365268
614 2.6285682
615 2.4393728
616 2.5291674
617 2.6081948
618 2.493895
619 2.8293128
620 2.5639477
621 2.4983723
622 2.583006
623 2.5980299
624 2.5325625
625 2.6867392
626 2.6184032
627 2.6429353
628 2.5207338
629 2.705937
630 2.5646026
631 2.6162286
632 2.4545698
633 2.5996103
634 2.581551
635 2.503861
636 2.7180367
637 2.671185
638 2.5967546
639 2.643226
640 2.5611367
641 2.579475
642 2.680576
643 2.6861513
644 2.6070282
645 2.5644848
646 2.5311332
647 2.610251
648 2.532302
649 2.6146057
650 2.552814
651 2.4416575
652 2.5862286
653 2.3972993
654 2.4362702
655 2.45332
656 2.4988806
657 2.4162192
658 2.5593884
659 2.6887958
660 2.5866055
661 2.6019583
662 2.47572
663 2.5582614
664 2.6567025
665 2.6342525
666 2.605397
667 2.518662
668 2.6279159
669 2.480197
670 2.366336
671 2.6269855
672 2.5049746
673 2.349998
674 2.5740774
675 2.4921718
676 2.5263913
677 2.487125
678 2.4689965
679 2.4910655
680 2.5985222
681 2.508114
682 2.613741
683 2.4348707
684 2.4550354
685 2.6033492
686 2.7229211
687 2.51351
688 2.5467908
689 2.4928348
690 2.3053975
691 2.5791514
692 2.3615935
693 2.6335351
694 2.7663984
695 2.4785511
696 2.5909092
697 2.4385822
698 2.5956473
699 2.6975398
700 2.4059792
701 2.4256198
702 2.5550475
703 2.6755548
704 2.37722
705 2.4547668
706 2.495789
707 2.5606472
708 2.5107942
709 2.5477815
710 2.5180838
711 2.4387965
712 2.5505216
713 2.513223
714 2.613029
715 2.507743
716 2.4972708
717 2.349299
718 2.3796525
719 2.501706
720 2.5644221
721 2.518998
722 2.4886935
723 2.589562
724 2.5833797
725 2.4559143
726 2.5177183
727 2.403891
728 2.4136322
729 2.4056392
730 2.532312
731 2.359735
732 2.7130246
733 2.3833766
734 2.3878434
735 2.3306177
736 2.5822453
737 2.5714657
738 2.5624025
739 2.385925
740 2.6283765
741 2.6532166
742 2.6143546
743 2.319058
744 2.498095
745 2.560865
746 2.4020922
747 2.5799465
748 2.5456812
749 2.7179472
750 2.4435978
751 2.3382525
752 2.582542
753 2.565717
754 2.4885974
755 2.5151343
756 2.688489
757 2.654448
758 2.5943131
759 2.6249185
760 2.5577052
761 2.5767057
762 2.626491
763 2.6354682
764 2.7843845
765 2.505888
766 2.7204292
767 2.5529022
768 2.4310913
769 2.5375915
770 2.50406
771 2.5856545
772 2.2829354
773 2.4435117
774 2.5839553
775 2.5651822
776 2.4475875
777 2.4870749
778 2.4730484
779 2.3849304
780 2.4776785
781 2.524929
782 2.5408058
783 2.4711576
784 2.6739297
785 2.6168313
786 2.5916238
787 2.5813239
788 2.5326545
789 2.4742541
790 2.5115066
791 2.5022912
792 2.5240848
793 2.6540275
794 2.7126973
795 2.654705
796 2.6579058
797 2.638199
798 2.4791641
799 2.5159352
800 2.6034405
801 2.573029
802 2.5555015
803 2.4335022
804 2.4162927
805 2.3283367
806 2.3811631
807 2.4565644
808 2.5686343
809 2.5179207
810 2.389945
811 2.636248
812 2.6011758
813 2.5362973
814 2.329908
815 2.399821
816 2.4118118
817 2.415362
818 2.4668498
819 2.2858815
820 2.315743
821 2.5059648
822 2.4026353
823 2.3767474
824 2.4169288
825 2.649919
826 2.6085963
827 2.2458272
828 2.6538196
829 2.4045968
830 2.3374133
831 2.327247
832 2.5470908
833 2.5569084
834 2.6524434
835 2.5737526
836 2.6659079
837 2.5961564
838 2.5780025
839 2.657782
840 2.528462
841 2.478743
842 2.513829
843 2.5662858
844 2.6674676
845 2.6147926
846 2.6299224
847 2.4691157
848 2.5089924
849 2.4733639
850 2.4401584
851 2.6050556
852 2.4125266
853 2.4636977
854 2.4497933
855 2.3960745
856 2.5358434
857 2.5265415
858 2.5552392
859 2.4821408
860 2.5127559
861 2.7305005
862 2.4647553
863 2.6423929
864 2.4494624
865 2.49606
866 2.5449646
867 2.4457011
868 2.538644
869 2.4946575
870 2.3382483
871 2.4299998
872 2.3905587
873 2.557554
874 2.3312497
875 2.4178605
876 2.2608538
877 2.431839
878 2.3950276
879 2.4964347
880 2.50169
881 2.437845
882 2.3520331
883 2.3919883
884 2.3579469
885 2.4051538
886 2.4167671
887 2.4677963
888 2.5594764
889 2.6199436
890 2.4693286
891 2.5490265
892 2.430452
893 2.5514305
894 2.324736
895 2.5039012
896 2.2426212
897 2.309588
898 2.4130476
899 2.49348
900 2.6544428
901 2.5209525
902 2.3891873
903 2.2135365
904 2.4772494
905 2.4456801
906 2.3809752
907 2.3151891
908 2.5766563
909 2.445837
910 2.4755783
911 2.310319
912 2.6875153
913 2.6068635
914 2.686737
915 2.560608
916 2.4419265
917 2.4348369
918 2.477759
919 2.534042
920 2.4640272
921 2.5085104
922 2.3666687
923 2.4602509
924 2.528352
925 2.3184743
926 2.2799718
927 2.4243817
928 2.539473
929 2.3716283
930 2.6607063
931 2.7066033
932 2.4838312
933 2.5176528
934 2.6392322
935 2.4415464
936 2.4547915
937 2.462351
938 2.2786953
939 2.52289
940 2.5994005
941 2.4126163
942 2.511631
943 2.5732934
944 2.4810872
945 2.4312043
946 2.4602368
947 2.4939616
948 2.6533742
949 2.602251
950 2.7414985
951 2.6461382
952 2.4986448
953 2.3464515
954 2.4011512
955 2.5484576
956 2.441839
957 2.5678878
958 2.6322308
959 2.582696
960 2.4426453
961 2.4518633
962 2.3209462
963 2.4429803
964 2.2059565
965 2.338737
966 2.293879
967 2.4777484
968 2.4785242
969 2.5081563
970 2.682117
971 2.5926013
972 2.510399
973 2.4966407
974 2.4181905
975 2.4780183
976 2.3401225
977 2.4174476
978 2.48774
979 2.3476355
980 2.4261458
981 2.591857
982 2.3381717
983 2.4600515
984 2.4596815
985 2.4015603
986 2.5359685
987 2.322967
988 2.5885158
989 2.6120005
990 2.4247937
991 2.6471934
992 2.4103475
993 2.3671386
994 2.4686587
995 2.4701548
996 2.5148358
997 2.3229804
998 2.4777093
999 2.5048187
1000 2.688291
