1 204.38083
2 203.4237
3 202.35681
4 200.88132
5 197.57288
6 191.30627
7 179.82373
8 163.07886
9 138.46912
10 115.23175
11 92.379074
12 75.9668
13 65.759926
14 60.905415
15 57.865917
16 56.440784
17 55.30194
18 53.92275
19 52.284668
20 51.045094
21 48.895683
22 46.205666
23 44.102203
24 42.07202
25 40.34538
26 38.51969
27 37.710255
28 36.91671
29 36.63712
30 36.450653
31 36.342613
32 36.319374
33 36.18622
34 36.09948
35 35.439995
36 35.04934
37 34.660408
38 34.69237
39 34.92244
40 35.21242
41 35.918198
42 36.678947
43 37.101097
44 37.62133
45 37.98173
46 38.21272
47 38.343945
48 38.158783
49 38.126183
50 37.827137
51 37.18734
52 36.451126
53 35.981304
54 35.261093
55 34.644737
56 34.70706
57 34.797382
58 34.538685
59 34.614204
60 34.942085
61 34.98408
62 35.311466
63 36.007256
64 36.55831
65 37.59258
66 37.77543
67 38.640526
68 40.05851
69 39.64076
70 40.61712
71 40.335438
72 40.177513
73 38.377483
74 36.844074
75 36.80738
76 37.092205
77 35.043327
78 34.395367
79 37.73165
80 41.271732
81 35.57171
82 35.074524
83 37.57334
84 36.02
85 33.890575
86 32.714935
87 32.28015
88 31.371637
89 31.632055
90 33.0972
91 31.502844
92 32.52204
93 34.40986
94 34.675953
95 32.67948
96 33.73751
97 32.147266
98 30.710001
99 31.572779
100 33.192608
101 32.04334
102 33.4737
103 32.4202
104 30.146307
105 31.561184
106 30.61932
107 30.439728
108 33.06191
109 32.45733
110 32.84483
111 28.599432
112 29.267109
113 29.91214
114 29.48117
115 28.870646
116 29.968832
117 29.897491
118 33.542107
119 34.09539
120 35.19256
121 37.35186
122 35.092094
123 31.009485
124 30.021936
125 31.106365
126 29.037048
127 31.851355
128 29.921886
129 30.281467
130 28.06582
131 30.131245
132 30.059168
133 32.28233
134 31.015072
135 29.832
136 28.46761
137 27.105316
138 27.10152
139 29.520853
140 28.679663
141 31.522955
142 29.680435
143 29.516018
144 25.390902
145 26.70097
146 26.799576
147 26.961508
148 27.189169
149 29.010548
150 28.793339
151 30.139612
152 29.404083
153 27.135946
154 29.835302
155 27.41514
156 28.507925
157 27.86214
158 27.61344
159 27.722473
160 27.386158
161 27.788868
162 28.407276
163 27.905087
164 27.180231
165 28.983047
166 27.775692
167 29.68246
168 27.590816
169 27.450064
170 28.722479
171 26.985596
172 27.851604
173 26.952276
174 24.403322
175 25.44666
176 24.702368
177 24.500732
178 24.450459
179 24.003834
180 23.887165
181 26.210775
182 28.2022
183 26.331625
184 25.838364
185 25.362125
186 26.208033
187 26.688076
188 24.714993
189 24.966858
190 24.18135
191 25.236496
192 24.737503
193 25.387081
194 26.09641
195 25.47195
196 25.306715
197 25.034662
198 25.872965
199 23.167671
200 25.259394
201 24.030304
202 23.89217
203 23.830002
204 26.04864
205 22.975729
206 23.489618
207 24.622547
208 24.007938
209 25.374079
210 25.773066
211 24.993942
212 26.038671
213 25.860117
214 25.632885
215 24.966648
216 23.761606
217 24.317753
218 24.68864
219 24.29469
220 23.866608
221 22.886126
222 22.962467
223 22.232061
224 23.03382
225 23.361265
226 22.418139
227 20.931082
228 21.800882
229 22.40538
230 21.557997
231 20.930202
232 21.259182
233 21.562693
234 20.853107
235 22.259483
236 21.875086
237 23.402802
238 22.31467
239 23.613445
240 22.435902
241 23.058352
242 23.55369
243 23.624294
244 22.768307
245 23.233105
246 21.568186
247 21.464945
248 22.717896
249 21.232075
250 21.33405
251 20.333765
252 21.847172
253 20.85278
254 21.492777
255 21.8526
256 22.049372
257 23.16792
258 22.42091
259 22.639793
260 23.9371
261 23.975136
262 23.361145
263 22.711
264 23.064472
265 22.645947
266 22.20346
267 21.233631
268 21.392996
269 19.375708
270 21.593357
271 21.773224
272 23.647526
273 24.6477
274 23.655533
275 23.186344
276 25.571358
277 25.49825
278 26.988424
279 25.161917
280 25.445148
281 25.67344
282 24.708313
283 24.691875
284 24.230572
285 23.648428
286 23.314222
287 22.42014
288 21.223099
289 23.308434
290 23.292486
291 21.587412
292 22.785454
293 23.23828
294 23.845488
295 22.147757
296 22.580008
297 22.589575
298 22.075136
299 22.631413
300 21.157356
301 20.301975
302 20.180243
303 20.35891
304 19.210346
305 19.515728
306 19.973074
307 20.191294
308 21.515087
309 20.58443
310 22.646992
311 22.487164
312 23.65977
313 24.2635
314 21.961939
315 23.595821
316 22.917469
317 23.334599
318 24.120823
319 22.221228
320 24.064304
321 23.213537
322 23.333935
323 24.530783
324 22.648514
325 23.030788
326 21.807858
327 21.726284
328 23.927765
329 22.676771
330 20.977703
331 24.673733
332 21.584488
333 21.523865
334 23.54916
335 21.857508
336 21.849659
337 22.952108
338 20.832579
339 21.290812
340 21.771475
341 19.68338
342 21.413483
343 17.806684
344 20.261484
345 18.544392
346 17.707388
347 17.266476
348 17.48316
349 17.775085
350 17.815668
351 18.862917
352 17.633757
353 18.930475
354 19.515734
355 19.763866
356 20.342655
357 19.748234
358 20.628931
359 19.934671
360 21.23251
361 19.73782
362 19.3292
363 18.793888
364 19.981977
365 20.457455
366 19.86851
367 20.1439
368 20.480999
369 18.762741
370 21.016956
371 18.930433
372 18.315449
373 16.894333
374 18.933765
375 17.638474
376 18.586643
377 20.264233
378 19.139194
379 19.431494
380 18.287615
381 19.410694
382 19.351496
383 18.210163
384 18.808146
385 17.731552
386 18.141783
387 18.026476
388 18.169811
389 17.42197
390 17.35014
391 15.797792
392 17.059143
393 18.540781
394 19.172768
395 18.73732
396 20.554451
397 19.109997
398 19.884762
399 19.600708
400 18.931204
401 18.43378
402 18.06876
403 19.511614
404 19.02262
405 18.745289
406 17.20866
407 17.070442
408 18.612823
409 16.602367
410 18.377605
411 18.053154
412 18.691334
413 18.483387
414 18.64952
415 18.806782
416 19.11229
417 18.978832
418 18.470028
419 19.265305
420 19.66521
421 18.676144
422 18.168291
423 19.278572
424 19.429735
425 19.799875
426 19.29108
427 20.46256
428 18.818027
429 19.105371
430 20.468018
431 20.226278
432 19.932528
433 20.770163
434 20.618484
435 20.185087
436 22.179562
437 20.763203
438 21.294537
439 21.4995
440 20.971563
441 21.25108
442 19.721344
443 20.28334
444 19.757442
445 20.066048
446 19.520868
447 20.40059
448 20.072975
449 19.694653
450 20.55319
451 19.929396
452 19.877829
453 20.801022
454 21.693052
455 19.97576
456 20.945765
457 22.630798
458 21.585363
459 21.207043
460 19.769112
461 20.638111
462 21.68916
463 20.228771
464 19.2536
465 19.688578
466 19.118954
467 19.399677
468 19.04929
469 19.860708
470 19.866322
471 19.910772
472 19.470234
473 20.601162
474 21.26479
475 21.707138
476 20.236591
477 19.07351
478 18.758924
479 19.481413
480 19.666904
481 19.529806
482 19.682957
483 20.276104
484 18.398571
485 20.555794
486 18.955547
487 18.36614
488 18.586737
489 18.444296
490 18.115816
491 20.008923
492 18.591091
493 17.822035
494 19.710674
495 18.613335
496 18.885414
497 17.19914
498 17.304686
499 17.852808
500 17.740494
501 17.57818
502 18.4466
503 18.980228
504 18.490528
505 18.652885
506 18.961887
507 18.236439
508 19.041248
509 19.901978
510 19.84369
511 20.665514
512 20.364122
513 21.217348
514 19.491558
515 19.146519
516 20.62269
517 20.574062
518 20.259985
519 19.627209
520 20.518286
521 20.470272
522 19.957882
523 18.650394
524 19.736752
525 19.027678
526 20.125326
527 20.048574
528 21.281292
529 19.301367
530 19.138214
531 19.598639
532 19.632689
533 17.72968
534 18.398441
535 17.457718
536 18.341965
537 17.186298
538 17.936512
539 19.123022
540 18.28671
541 18.266949
542 18.072628
543 18.514664
544 17.875793
545 17.614252
546 18.924686
547 20.267553
548 18.99799
549 18.486835
550 19.296011
551 17.290142
552 17.393831
553 18.206615
554 16.745306
555 16.257465
556 17.333225
557 16.975119
558 16.558285
559 15.736631
560 16.209522
561 17.153625
562 16.856512
563 16.947916
564 17.124424
565 17.71957
566 18.492132
567 18.278383
568 18.072334
569 18.769749
570 18.224667
571 19.047565
572 19.641987
573 19.173868
574 18.658224
575 18.154226
576 17.73601
577 19.481792
578 17.86212
579 19.239208
580 18.201641
581 15.806128
582 18.139446
583 17.921455
584 19.408806
585 18.76888
586 18.643106
587 18.554504
588 17.69947
589 18.439398
590 17.9946
591 18.085175
592 17.01719
593 17.374447
594 17.208397
595 17.15453
596 18.04079
597 17.786652
598 18.946186
599 17.043097
600 17.767656
601 18.18468
602 17.63647
603 17.802284
604 16.64164
605 16.63711
606 17.059711
607 18.63084
608 18.676609
609 17.633152
610 17.556929
611 18.058865
612 17.578777
613 16.97515
614 17.732698
615 16.543299
616 17.924494
617 18.245327
618 16.958817
619 18.045477
620 17.007772
621 15.7211075
622 17.20165
623 18.37032
624 18.346006
625 18.288471
626 18.845814
627 18.539474
628 17.660477
629 19.405586
630 19.473263
631 19.46763
632 18.085648
633 18.617542
634 18.591476
635 18.405132
636 17.912561
637 18.889618
638 18.463772
639 17.415274
640 17.61784
641 18.70406
642 18.895548
643 18.173216
644 19.032227
645 17.46224
646 18.011078
647 18.66399
648 17.534847
649 17.589087
650 17.120132
651 16.715448
652 17.931635
653 17.190792
654 17.190315
655 16.413147
656 17.54183
657 16.533075
658 17.086084
659 17.26456
660 17.690838
661 16.867054
662 15.600473
663 17.624619
664 17.158386
665 17.18345
666 17.38148
667 18.041586
668 17.135748
669 18.383678
670 16.869957
671 17.095861
672 17.620708
673 16.707678
674 17.604359
675 17.322773
676 16.56734
677 16.62528
678 16.567764
679 16.173044
680 16.855124
681 16.833805
682 17.56873
683 16.127193
684 16.555607
685 15.713216
686 17.037714
687 16.366138
688 15.976776
689 17.354319
690 16.349361
691 17.242737
692 17.014624
693 18.91067
694 18.375559
695 16.537771
696 18.11948
697 17.455967
698 17.622496
699 17.653433
700 16.495182
701 16.418941
702 16.84437
703 17.14225
704 16.495441
705 16.585201
706 16.225239
707 16.269354
708 16.385899
709 16.550833
710 16.713089
711 15.324205
712 15.820554
713 15.9449415
714 17.562271
715 16.531757
716 15.600876
717 16.078201
718 17.280838
719 16.75676
720 16.940554
721 17.457237
722 17.341522
723 17.640606
724 18.09017
725 16.718328
726 17.226181
727 16.172873
728 16.572586
729 15.608551
730 15.571188
731 15.254474
732 16.777105
733 15.158702
734 14.922525
735 14.640808
736 14.690176
737 16.579304
738 15.298152
739 15.043137
740 16.772207
741 16.69228
742 17.155205
743 16.160854
744 16.453238
745 16.087765
746 15.7951355
747 17.167408
748 17.571201
749 18.98284
750 16.277729
751 15.335932
752 17.431784
753 17.057964
754 15.734439
755 16.7308
756 16.636162
757 17.962158
758 17.082151
759 15.889259
760 16.37679
761 15.877521
762 17.576729
763 16.608255
764 17.899336
765 17.594967
766 16.051134
767 16.913395
768 16.420233
769 17.246435
770 17.650885
771 17.620733
772 17.392588
773 17.016083
774 16.976461
775 16.897762
776 17.397034
777 16.154764
778 16.395786
779 17.125353
780 17.230663
781 16.453619
782 16.790031
783 16.797354
784 16.860117
785 17.11132
786 17.408337
787 16.60069
788 15.931686
789 16.434792
790 17.56506
791 16.913372
792 16.600756
793 17.521118
794 16.522058
795 17.275202
796 17.118198
797 16.568037
798 16.9064
799 16.363464
800 16.920294
801 16.501797
802 15.870275
803 15.47143
804 14.731567
805 15.009725
806 15.731897
807 15.776868
808 17.511143
809 16.124996
810 16.060375
811 16.771866
812 16.950872
813 16.624672
814 15.740194
815 15.811412
816 15.868879
817 15.578882
818 15.556854
819 15.289206
820 15.431379
821 16.037231
822 16.148823
823 15.612195
824 15.687693
825 16.237944
826 15.830869
827 15.632368
828 16.734991
829 15.6186495
830 14.761584
831 15.434092
832 15.674937
833 16.95411
834 16.135456
835 17.121502
836 17.380758
837 16.218433
838 18.084131
839 16.807276
840 17.104105
841 16.639181
842 16.98371
843 17.536709
844 18.16724
845 17.210821
846 18.123867
847 16.998684
848 16.871746
849 17.657852
850 16.4069
851 16.491405
852 15.996076
853 15.208502
854 15.335116
855 16.88494
856 16.896557
857 16.40424
858 17.17185
859 17.18015
860 16.70959
861 17.056974
862 15.840495
863 17.183537
864 16.405499
865 16.130848
866 17.155888
867 16.831161
868 17.203547
869 17.41369
870 15.423813
871 16.614908
872 15.25072
873 15.85066
874 15.8133955
875 15.119708
876 14.387384
877 15.10938
878 15.325981
879 15.122032
880 15.589233
881 15.221029
882 15.089587
883 15.328583
884 15.613504
885 15.6566925
886 15.666379
887 15.342783
888 15.827182
889 15.6981325
890 15.894745
891 15.6728115
892 16.401333
893 15.686708
894 15.20885
895 16.575974
896 15.870132
897 16.114698
898 15.665545
899 16.261478
900 17.25757
901 17.285904
902 15.153827
903 15.2332535
904 15.033444
905 14.781258
906 15.927798
907 15.003122
908 16.340681
909 16.18869
910 15.485461
911 15.244896
912 16.630915
913 16.850338
914 16.498852
915 16.25008
916 16.512354
917 15.6701565
918 15.596964
919 16.78963
920 16.116583
921 16.676113
922 15.941195
923 15.990997
924 16.741877
925 14.633557
926 15.369528
927 16.360886
928 16.015469
929 16.427643
930 16.788967
931 16.857105
932 17.06554
933 17.3497
934 17.106956
935 17.382612
936 17.16566
937 16.33871
938 16.234488
939 16.001753
940 17.501436
941 16.923166
942 16.187105
943 16.70274
944 16.990824
945 16.978933
946 16.692783
947 16.430855
948 16.526407
949 17.340853
950 17.521341
951 17.418667
952 17.086151
953 16.202568
954 15.971231
955 16.953522
956 16.847513
957 17.894993
958 17.821476
959 17.357367
960 15.979373
961 16.854664
962 16.034456
963 17.791027
964 15.011119
965 15.46895
966 15.465436
967 15.22998
968 15.541403
969 15.359713
970 15.905176
971 16.237518
972 16.55428
973 15.484378
974 16.203289
975 15.274382
976 16.281885
977 15.800066
978 15.982382
979 16.755169
980 16.680883
981 15.908
982 15.872083
983 15.4403105
984 16.34088
985 15.6625185
986 17.012268
987 15.973666
988 16.611765
989 15.073601
990 14.811167
991 15.370964
992 14.928003
993 15.332799
994 16.249245
995 15.0275955
996 16.32313
997 14.867823
998 15.565277
999 16.50507
1000 17.358685
