1 0.0
2 0.009375
3 0.0125
4 0.05
5 0.096875
6 0.146875
7 0.10625
8 0.128125
9 0.1125
10 0.090625
11 0.125
12 0.09375
13 0.125
14 0.15
15 0.11875
16 0.121875
17 0.13125
18 0.121875
19 0.10625
20 0.121875
21 0.115625
22 0.11875
23 0.109375
24 0.115625
25 0.1125
26 0.109375
27 0.1
28 0.134375
29 0.109375
30 0.10625
31 0.134375
32 0.096875
33 0.08125
34 0.11875
35 0.08125
36 0.128125
37 0.134375
38 0.134375
39 0.121875
40 0.096875
41 0.1125
42 0.11875
43 0.09375
44 0.1125
45 0.09375
46 0.11875
47 0.11875
48 0.115625
49 0.115625
50 0.11875
51 0.090625
52 0.10625
53 0.134375
54 0.159375
55 0.134375
56 0.121875
57 0.10625
58 0.1125
59 0.125
60 0.128125
61 0.153125
62 0.134375
63 0.140625
64 0.1125
65 0.125
66 0.109375
67 0.1125
68 0.1125
69 0.140625
70 0.121875
71 0.16875
72 0.134375
73 0.134375
74 0.1625
75 0.115625
76 0.115625
77 0.146875
78 0.13125
79 0.175
80 0.159375
81 0.1875
82 0.146875
83 0.146875
84 0.146875
85 0.13125
86 0.153125
87 0.146875
88 0.15
89 0.15
90 0.1625
91 0.16875
92 0.196875
93 0.15
94 0.16875
95 0.184375
96 0.196875
97 0.1625
98 0.1625
99 0.159375
100 0.178125
101 0.171875
102 0.184375
103 0.178125
104 0.16875
105 0.175
106 0.15625
107 0.16875
108 0.134375
109 0.175
110 0.146875
111 0.153125
112 0.1625
113 0.18125
114 0.1625
115 0.16875
116 0.175
117 0.153125
118 0.18125
119 0.184375
120 0.190625
121 0.175
122 0.153125
123 0.134375
124 0.178125
125 0.1875
126 0.19375
127 0.203125
128 0.184375
129 0.228125
130 0.159375
131 0.1875
132 0.2
133 0.165625
134 0.178125
135 0.2375
136 0.178125
137 0.190625
138 0.18125
139 0.196875
140 0.21875
141 0.175
142 0.184375
143 0.15625
144 0.171875
145 0.21875
146 0.225
147 0.190625
148 0.165625
149 0.228125
150 0.196875
151 0.24375
152 0.1875
153 0.215625
154 0.15
155 0.1875
156 0.190625
157 0.184375
158 0.228125
159 0.228125
160 0.253125
161 0.190625
162 0.25625
163 0.215625
164 0.228125
165 0.209375
166 0.1875
167 0.240625
168 0.1875
169 0.20625
170 0.178125
171 0.228125
172 0.2
173 0.225
174 0.2
175 0.2125
176 0.215625
177 0.23125
178 0.240625
179 0.2125
180 0.290625
181 0.240625
182 0.240625
183 0.209375
184 0.25
185 0.228125
186 0.209375
187 0.221875
188 0.2125
189 0.234375
190 0.184375
191 0.196875
192 0.278125
193 0.196875
194 0.225
195 0.240625
196 0.21875
197 0.25
198 0.203125
199 0.24375
200 0.196875
201 0.190625
202 0.19375
203 0.203125
204 0.215625
205 0.2125
206 0.225
207 0.21875
208 0.21875
209 0.2125
210 0.228125
211 0.2375
212 0.2
213 0.184375
214 0.184375
215 0.25625
216 0.275
217 0.259375
218 0.23125
219 0.2
220 0.19375
221 0.240625
222 0.221875
223 0.196875
224 0.203125
225 0.234375
226 0.25
227 0.190625
228 0.2
229 0.209375
230 0.203125
231 0.240625
232 0.20625
233 0.225
234 0.234375
235 0.284375
236 0.234375
237 0.278125
238 0.275
239 0.2375
240 0.24375
241 0.284375
242 0.259375
243 0.221875
244 0.25625
245 0.2375
246 0.25
247 0.246875
248 0.253125
249 0.196875
250 0.18125
251 0.2625
252 0.240625
253 0.20625
254 0.234375
255 0.240625
256 0.259375
257 0.23125
258 0.221875
259 0.2625
260 0.24375
261 0.24375
262 0.225
263 0.221875
264 0.23125
265 0.2
266 0.3125
267 0.278125
268 0.234375
269 0.21875
270 0.278125
271 0.215625
272 0.21875
273 0.234375
274 0.190625
275 0.2875
276 0.259375
277 0.2375
278 0.253125
279 0.221875
280 0.225
281 0.253125
282 0.275
283 0.2375
284 0.2375
285 0.271875
286 0.265625
287 0.290625
288 0.221875
289 0.253125
290 0.271875
291 0.253125
292 0.215625
293 0.2625
294 0.271875
295 0.2625
296 0.26875
297 0.196875
298 0.23125
299 0.278125
300 0.278125
301 0.253125
302 0.259375
303 0.228125
304 0.246875
305 0.21875
306 0.28125
307 0.303125
308 0.296875
309 0.25625
310 0.225
311 0.240625
312 0.234375
313 0.3125
314 0.228125
315 0.29375
316 0.253125
317 0.278125
318 0.24375
319 0.2375
320 0.2375
321 0.23125
322 0.284375
323 0.24375
324 0.284375
325 0.21875
326 0.271875
327 0.2875
328 0.2375
329 0.278125
330 0.284375
331 0.25625
332 0.25
333 0.303125
334 0.275
335 0.225
336 0.24375
337 0.221875
338 0.24375
339 0.309375
340 0.24375
341 0.20625
342 0.246875
343 0.265625
344 0.26875
345 0.29375
346 0.284375
347 0.2625
348 0.240625
349 0.265625
350 0.25
351 0.24375
352 0.31875
353 0.2375
354 0.253125
355 0.30625
356 0.26875
357 0.246875
358 0.28125
359 0.23125
360 0.253125
361 0.253125
362 0.296875
363 0.2625
364 0.24375
365 0.3
366 0.24375
367 0.290625
368 0.25625
369 0.25
370 0.196875
371 0.28125
372 0.3125
373 0.25
374 0.26875
375 0.321875
376 0.278125
377 0.290625
378 0.3
379 0.325
380 0.296875
381 0.25
382 0.29375
383 0.25625
384 0.23125
385 0.23125
386 0.328125
387 0.2875
388 0.284375
389 0.246875
390 0.278125
391 0.265625
392 0.3
393 0.265625
394 0.2375
395 0.3
396 0.325
397 0.290625
398 0.296875
399 0.28125
400 0.24375
401 0.271875
402 0.278125
403 0.303125
404 0.290625
405 0.259375
406 0.25
407 0.303125
408 0.2875
409 0.290625
410 0.259375
411 0.3125
412 0.321875
413 0.265625
414 0.29375
415 0.309375
416 0.26875
417 0.275
418 0.309375
419 0.34375
420 0.2875
421 0.296875
422 0.29375
423 0.26875
424 0.284375
425 0.2875
426 0.33125
427 0.2625
428 0.278125
429 0.271875
430 0.271875
431 0.253125
432 0.234375
433 0.278125
434 0.303125
435 0.296875
436 0.328125
437 0.33125
438 0.315625
439 0.28125
440 0.275
441 0.3
442 0.278125
443 0.278125
444 0.246875
445 0.2625
446 0.3125
447 0.284375
448 0.3375
449 0.278125
450 0.2875
451 0.290625
452 0.29375
453 0.303125
454 0.3125
455 0.4
456 0.3375
457 0.303125
458 0.334375
459 0.303125
460 0.30625
461 0.309375
462 0.2625
463 0.2875
464 0.253125
465 0.259375
466 0.353125
467 0.29375
468 0.25625
469 0.30625
470 0.275
471 0.2875
472 0.284375
473 0.33125
474 0.3125
475 0.30625
476 0.328125
477 0.278125
478 0.275
479 0.290625
480 0.31875
481 0.340625
482 0.28125
483 0.271875
484 0.278125
485 0.35
486 0.321875
487 0.29375
488 0.3625
489 0.315625
490 0.346875
491 0.259375
492 0.26875
493 0.271875
494 0.33125
495 0.234375
496 0.3125
497 0.359375
498 0.303125
499 0.325
500 0.303125
501 0.3375
502 0.265625
503 0.321875
504 0.33125
505 0.290625
506 0.275
507 0.325
508 0.26875
509 0.2875
510 0.29375
511 0.346875
512 0.284375
513 0.278125
514 0.30625
515 0.28125
516 0.315625
517 0.2875
518 0.346875
519 0.321875
520 0.29375
521 0.3
522 0.35625
523 0.309375
524 0.31875
525 0.265625
526 0.278125
527 0.284375
528 0.25625
529 0.303125
530 0.296875
531 0.3125
532 0.325
533 0.303125
534 0.309375
535 0.290625
536 0.28125
537 0.3625
538 0.36875
539 0.24375
540 0.303125
541 0.278125
542 0.275
543 0.29375
544 0.296875
545 0.278125
546 0.3
547 0.2625
548 0.31875
549 0.303125
550 0.346875
551 0.309375
552 0.3375
553 0.3125
554 0.2625
555 0.303125
556 0.346875
557 0.3
558 0.296875
559 0.265625
560 0.35
561 0.309375
562 0.334375
563 0.30625
564 0.3
565 0.315625
566 0.265625
567 0.26875
568 0.2875
569 0.3375
570 0.24375
571 0.30625
572 0.321875
573 0.3625
574 0.2625
575 0.2875
576 0.265625
577 0.3
578 0.33125
579 0.35625
580 0.346875
581 0.35625
582 0.2875
583 0.3375
584 0.303125
585 0.25
586 0.3
587 0.309375
588 0.315625
589 0.33125
590 0.31875
591 0.3
592 0.346875
593 0.334375
594 0.30625
595 0.30625
596 0.3
597 0.4
598 0.321875
599 0.33125
600 0.278125
601 0.325
602 0.353125
603 0.31875
604 0.30625
605 0.3
606 0.29375
607 0.290625
608 0.284375
609 0.296875
610 0.378125
611 0.3125
612 0.315625
613 0.28125
614 0.303125
615 0.271875
616 0.3
617 0.328125
618 0.26875
619 0.284375
620 0.2875
621 0.3625
622 0.359375
623 0.353125
624 0.34375
625 0.26875
626 0.246875
627 0.271875
628 0.2875
629 0.353125
630 0.30625
631 0.3375
632 0.30625
633 0.3125
634 0.253125
635 0.25
636 0.253125
637 0.30625
638 0.278125
639 0.340625
640 0.275
641 0.371875
642 0.346875
643 0.284375
644 0.2625
645 0.334375
646 0.321875
647 0.309375
648 0.303125
649 0.296875
650 0.290625
651 0.31875
652 0.2375
653 0.328125
654 0.284375
655 0.31875
656 0.328125
657 0.259375
658 0.278125
659 0.290625
660 0.265625
661 0.29375
662 0.29375
663 0.309375
664 0.290625
665 0.2875
666 0.309375
667 0.25625
668 0.3
669 0.290625
670 0.31875
671 0.334375
672 0.3875
673 0.359375
674 0.29375
675 0.365625
676 0.296875
677 0.3125
678 0.309375
679 0.321875
680 0.30625
681 0.296875
682 0.359375
683 0.296875
684 0.296875
685 0.33125
686 0.303125
687 0.2875
688 0.296875
689 0.3
690 0.30625
691 0.315625
692 0.26875
693 0.2875
694 0.325
695 0.278125
696 0.371875
697 0.35
698 0.36875
699 0.371875
700 0.296875
701 0.30625
702 0.334375
703 0.315625
704 0.303125
705 0.3625
706 0.321875
707 0.278125
708 0.31875
709 0.315625
710 0.334375
711 0.334375
712 0.30625
713 0.296875
714 0.35625
715 0.334375
716 0.303125
717 0.303125
718 0.35
719 0.296875
720 0.359375
721 0.3
722 0.31875
723 0.3125
724 0.309375
725 0.303125
726 0.359375
727 0.30625
728 0.35
729 0.2625
730 0.346875
731 0.384375
732 0.3125
733 0.3625
734 0.31875
735 0.328125
736 0.28125
737 0.353125
738 0.315625
739 0.378125
740 0.365625
741 0.2875
742 0.2875
743 0.365625
744 0.284375
745 0.34375
746 0.30625
747 0.3125
748 0.290625
749 0.253125
750 0.371875
751 0.315625
752 0.403125
753 0.365625
754 0.284375
755 0.315625
756 0.340625
757 0.325
758 0.321875
759 0.3875
760 0.3
761 0.296875
762 0.35
763 0.31875
764 0.3625
765 0.34375
766 0.340625
767 0.346875
768 0.315625
769 0.35625
770 0.325
771 0.36875
772 0.328125
773 0.3625
774 0.328125
775 0.33125
776 0.334375
777 0.340625
778 0.390625
779 0.39375
780 0.35
781 0.315625
782 0.3375
783 0.28125
784 0.346875
785 0.371875
786 0.35
787 0.3375
788 0.2875
789 0.290625
790 0.3125
791 0.41875
792 0.35625
793 0.340625
794 0.34375
795 0.321875
796 0.31875
797 0.3375
798 0.315625
799 0.303125
800 0.340625
801 0.3625
802 0.340625
803 0.30625
804 0.33125
805 0.325
806 0.3375
807 0.3125
808 0.328125
809 0.30625
810 0.403125
811 0.34375
812 0.39375
813 0.29375
814 0.359375
815 0.34375
816 0.33125
817 0.375
818 0.3125
819 0.3625
820 0.359375
821 0.3875
822 0.34375
823 0.315625
824 0.328125
825 0.303125
826 0.334375
827 0.340625
828 0.26875
829 0.3375
830 0.33125
831 0.346875
832 0.296875
833 0.33125
834 0.3
835 0.31875
836 0.409375
837 0.28125
838 0.303125
839 0.346875
840 0.309375
841 0.325
842 0.36875
843 0.35
844 0.38125
845 0.34375
846 0.375
847 0.40625
848 0.36875
849 0.303125
850 0.340625
851 0.35625
852 0.33125
853 0.34375
854 0.353125
855 0.321875
856 0.328125
857 0.275
858 0.3625
859 0.359375
860 0.315625
861 0.31875
862 0.34375
863 0.328125
864 0.415625
865 0.303125
866 0.3625
867 0.375
868 0.359375
869 0.346875
870 0.31875
871 0.3125
872 0.303125
873 0.38125
874 0.328125
875 0.328125
876 0.340625
877 0.315625
878 0.3375
879 0.3125
880 0.375
881 0.36875
882 0.321875
883 0.303125
884 0.36875
885 0.296875
886 0.31875
887 0.284375
888 0.321875
889 0.290625
890 0.3375
891 0.375
892 0.34375
893 0.328125
894 0.34375
895 0.328125
896 0.325
897 0.340625
898 0.371875
899 0.315625
900 0.34375
901 0.29375
902 0.359375
903 0.290625
904 0.325
905 0.31875
906 0.296875
907 0.365625
908 0.29375
909 0.321875
910 0.3125
911 0.378125
912 0.33125
913 0.390625
914 0.29375
915 0.240625
916 0.359375
917 0.325
918 0.315625
919 0.296875
920 0.328125
921 0.36875
922 0.346875
923 0.321875
924 0.24375
925 0.290625
926 0.340625
927 0.290625
928 0.3125
929 0.359375
930 0.325
931 0.325
932 0.315625
933 0.325
934 0.35625
935 0.35
936 0.346875
937 0.346875
938 0.353125
939 0.33125
940 0.3125
941 0.296875
942 0.3125
943 0.33125
944 0.31875
945 0.31875
946 0.39375
947 0.35
948 0.303125
949 0.296875
950 0.35625
951 0.303125
952 0.328125
953 0.284375
954 0.315625
955 0.396875
956 0.346875
957 0.359375
958 0.3375
959 0.346875
960 0.328125
961 0.328125
962 0.2625
963 0.28125
964 0.3
965 0.321875
966 0.4
967 0.3625
968 0.30625
969 0.4125
970 0.396875
971 0.325
972 0.328125
973 0.353125
974 0.3625
975 0.31875
976 0.33125
977 0.34375
978 0.346875
979 0.33125
980 0.375
981 0.353125
982 0.3875
983 0.271875
984 0.271875
985 0.328125
986 0.325
987 0.31875
988 0.36875
989 0.359375
990 0.31875
991 0.34375
992 0.35
993 0.3125
994 0.353125
995 0.33125
996 0.353125
997 0.33125
998 0.30625
999 0.365625
1000 0.328125
