1 7.733202
2 7.6858597
3 7.617281
4 7.541556
5 7.364134
6 7.171181
7 7.0012994
8 6.5802693
9 6.386871
10 6.5021286
11 6.139892
12 6.3128004
13 6.0405164
14 5.962959
15 5.917796
16 5.5266976
17 5.6660147
18 5.3763847
19 5.432025
20 5.4012837
21 4.975015
22 5.155958
23 5.481155
24 5.218094
25 5.119503
26 5.3340163
27 5.502287
28 4.9934955
29 5.0519266
30 5.376886
31 5.1949677
32 5.262156
33 5.1892047
34 5.3097615
35 5.2493753
36 5.3290453
37 5.204452
38 5.2146316
39 5.1038055
40 5.28008
41 5.1976347
42 5.273502
43 5.357753
44 5.4458055
45 5.3249564
46 5.214581
47 5.035821
48 5.103989
49 5.11093
50 5.157874
51 5.144822
52 5.272243
53 5.1745324
54 5.1459594
55 5.202464
56 5.2501955
57 5.044825
58 5.353553
59 5.1960526
60 4.926992
61 5.25809
62 5.207983
63 5.163629
64 5.2570043
65 5.0773516
66 5.012901
67 5.2738013
68 5.323869
69 5.130583
70 5.197025
71 4.9829273
72 5.223249
73 5.2911625
74 5.0406766
75 5.128332
76 5.0185866
77 5.045764
78 4.962323
79 4.9369073
80 4.9217362
81 4.827936
82 5.101482
83 4.9116983
84 5.0134797
85 4.9199543
86 5.017198
87 4.9307995
88 4.822277
89 5.1135774
90 4.8621936
91 4.8145742
92 4.654805
93 4.8319445
94 4.7419844
95 4.9749084
96 4.769355
97 4.821014
98 4.995121
99 4.881603
100 4.6300416
101 4.833107
102 4.938383
103 4.951762
104 4.782011
105 4.8032613
106 4.910549
107 4.8629513
108 4.8490043
109 4.725982
110 4.699415
111 4.7048593
112 4.7906013
113 4.675323
114 4.584578
115 4.747048
116 4.878771
117 4.843499
118 4.669861
119 4.7812066
120 4.750903
121 4.7362022
122 4.9644427
123 4.888609
124 4.6651745
125 4.663748
126 4.6894183
127 4.68163
128 4.6842985
129 4.652552
130 4.7279744
131 4.658118
132 4.581659
133 4.7216177
134 4.692515
135 4.3956923
136 4.711111
137 4.666568
138 4.7489033
139 4.617005
140 4.564327
141 4.815377
142 4.544124
143 4.819266
144 4.5855556
145 4.5243044
146 4.489678
147 4.7647767
148 4.633316
149 4.595055
150 4.6362977
151 4.337972
152 4.7538757
153 4.6154823
154 4.863961
155 4.5949473
156 4.6727486
157 4.556269
158 4.575709
159 4.378694
160 4.5625863
161 4.4887023
162 4.289354
163 4.283947
164 4.5649085
165 4.3479347
166 4.3398905
167 4.373102
168 4.5969744
169 4.5757337
170 4.5062823
171 4.339035
172 4.3411565
173 4.306106
174 4.420112
175 4.4227037
176 4.3200474
177 4.2814965
178 4.2600083
179 4.3031416
180 4.0161905
181 4.3395104
182 4.153451
183 4.282887
184 4.1852527
185 4.2392163
186 4.207438
187 4.2777324
188 4.360022
189 4.167628
190 4.465352
191 4.4274225
192 4.1021814
193 4.4326453
194 4.2609982
195 4.0543284
196 4.3440814
197 4.116372
198 4.417382
199 4.2199116
200 4.373539
201 4.414271
202 4.4227514
203 4.353403
204 4.488351
205 4.4212675
206 4.3510494
207 4.162024
208 4.373638
209 4.4399433
210 4.222236
211 4.248612
212 4.3947277
213 4.413287
214 4.4409823
215 4.288614
216 3.959999
217 4.141058
218 4.386381
219 4.502572
220 4.526414
221 4.286524
222 4.4137692
223 4.2508154
224 4.451367
225 4.282499
226 4.2997837
227 4.577844
228 4.2956333
229 4.3725095
230 4.2400694
231 3.9492242
232 4.38402
233 4.1186705
234 4.2063518
235 3.8594701
236 4.0746045
237 4.0048575
238 3.940628
239 4.118235
240 4.2383676
241 4.092679
242 4.2019124
243 4.0869975
244 3.9618425
245 4.224885
246 4.196636
247 4.0751057
248 4.1246157
249 4.233515
250 4.354925
251 4.2790065
252 4.1503825
253 4.2688174
254 4.0784993
255 4.080511
256 4.072436
257 4.1508975
258 4.1604795
259 4.0876026
260 4.225181
261 4.1359377
262 4.066531
263 4.293902
264 4.1884947
265 4.2172356
266 3.9471312
267 4.027125
268 4.2829986
269 4.3384485
270 4.223005
271 4.311266
272 4.385957
273 4.335196
274 4.2999463
275 3.842852
276 3.9439209
277 4.105006
278 4.1765456
279 4.13437
280 4.236984
281 4.057291
282 3.8452032
283 4.135889
284 3.9391804
285 4.100568
286 4.1072083
287 3.996544
288 4.0613375
289 4.1090817
290 4.008835
291 4.147033
292 4.2126193
293 4.0673065
294 4.204411
295 4.116313
296 4.1139092
297 4.17148
298 4.1571984
299 4.017968
300 4.150267
301 4.067504
302 4.0606594
303 4.1457677
304 4.293796
305 4.2223835
306 4.113487
307 4.0115633
308 3.778754
309 4.022278
310 4.012926
311 4.0933237
312 3.9649374
313 3.8966954
314 4.2130623
315 3.8568068
316 3.8824494
317 3.9549515
318 3.9282916
319 4.062907
320 4.0004797
321 4.249085
322 4.0003557
323 4.2077246
324 3.9352152
325 4.215088
326 4.134015
327 4.0986176
328 4.255084
329 3.9345646
330 3.8693902
331 3.9025748
332 3.9877503
333 3.9993746
334 4.051922
335 4.36765
336 4.331572
337 4.295319
338 4.201093
339 4.0962186
340 4.013249
341 4.371681
342 4.2005835
343 4.10796
344 4.2661204
345 3.8824
346 3.9311194
347 3.9327688
348 4.3972945
349 4.2564197
350 4.15912
351 4.1628666
352 3.924626
353 4.1319046
354 4.160444
355 3.939369
356 3.9955347
357 4.0188046
358 3.6500173
359 4.0071673
360 4.0503497
361 4.0806236
362 3.9076016
363 3.9811473
364 4.2040534
365 3.9251592
366 4.0509496
367 3.7776268
368 4.2176332
369 4.2186503
370 4.2853885
371 4.068793
372 3.9930043
373 4.026493
374 3.87168
375 3.9822533
376 3.8531673
377 3.8443522
378 3.7778459
379 3.7458677
380 3.8411853
381 4.030876
382 3.9004955
383 4.092526
384 4.070719
385 4.355403
386 3.7796495
387 4.02653
388 4.1819625
389 4.2006245
390 4.2465425
391 4.208796
392 3.9385438
393 4.1530023
394 4.187673
395 3.800262
396 3.8608243
397 4.0399
398 3.8523798
399 4.0695243
400 4.0297008
401 4.036452
402 3.938301
403 3.69532
404 3.7681732
405 3.9049516
406 3.997925
407 3.8467999
408 3.6369827
409 3.5883
410 3.920105
411 3.7568643
412 3.6747787
413 3.860285
414 3.6874297
415 3.9292655
416 3.9588761
417 3.8979475
418 3.6758037
419 3.8013046
420 3.834608
421 4.006085
422 3.7524915
423 3.9975684
424 3.9207284
425 3.6914983
426 3.6086864
427 4.109454
428 3.903001
429 3.9246242
430 3.729906
431 4.1705523
432 4.3471127
433 3.7640326
434 3.8834484
435 3.8822098
436 3.7773151
437 3.8488371
438 3.8368337
439 3.8738186
440 3.8470385
441 3.797196
442 3.8664386
443 3.7836266
444 3.7650023
445 3.8264966
446 3.7128336
447 3.9934468
448 3.686972
449 3.7767024
450 3.8477798
451 3.9918263
452 3.8635404
453 3.762728
454 3.654212
455 3.4212914
456 3.5326993
457 3.7485466
458 3.7217827
459 3.7200184
460 3.7221122
461 3.76291
462 4.1087856
463 3.9880877
464 4.168179
465 3.8366585
466 3.5304155
467 3.597736
468 3.9299695
469 3.6914265
470 3.8105552
471 3.8748493
472 3.7711885
473 3.694504
474 3.6006763
475 3.735664
476 3.6027496
477 3.9728725
478 3.7841074
479 3.7222157
480 3.7913017
481 3.6327424
482 3.8208318
483 3.7436993
484 4.0846763
485 3.711938
486 3.8117657
487 3.7653186
488 3.5515122
489 3.684069
490 3.8696268
491 4.070652
492 4.043657
493 3.9484892
494 3.74924
495 4.088702
496 3.852816
497 3.4869778
498 3.7913527
499 3.853835
500 3.8878982
501 3.7140114
502 3.9054317
503 3.6933892
504 3.5792046
505 3.8728175
506 3.9026577
507 3.6679819
508 3.8238266
509 3.7380278
510 3.7832396
511 3.8805516
512 3.9481857
513 3.726832
514 3.673615
515 3.863772
516 3.6443343
517 3.8667347
518 3.5328305
519 3.8523278
520 3.9567404
521 3.7369409
522 3.5192964
523 3.7465506
524 3.8981357
525 3.9597268
526 3.8598971
527 3.79701
528 4.0851326
529 3.710073
530 4.0142546
531 3.5133083
532 3.4536943
533 3.8641818
534 3.7870212
535 3.8133833
536 3.8633254
537 3.577925
538 3.520154
539 4.00487
540 3.8053231
541 3.9046724
542 4.0587354
543 3.8927763
544 3.7336442
545 3.8128822
546 3.7475026
547 3.8818307
548 3.8423517
549 3.68808
550 3.5312262
551 3.7664273
552 3.81911
553 3.7942736
554 3.800934
555 3.9621773
556 3.3957884
557 3.744243
558 3.7959163
559 4.0576606
560 3.6257899
561 3.6804314
562 3.5392926
563 3.8222358
564 3.8284163
565 3.8341427
566 3.9703853
567 4.0202727
568 3.9272902
569 3.6510515
570 3.9262834
571 3.9289463
572 3.8365827
573 3.6617792
574 4.056706
575 4.006159
576 3.8801947
577 3.7832842
578 3.6520247
579 3.517667
580 3.6528578
581 3.357985
582 3.7430565
583 3.7387068
584 3.7665472
585 3.7871876
586 3.7674043
587 3.602779
588 3.7406404
589 3.5157447
590 3.71989
591 3.6723645
592 3.7115672
593 3.7453053
594 3.761784
595 3.743566
596 3.6099427
597 3.3227851
598 3.83934
599 3.8824196
600 3.743289
601 3.645638
602 3.462991
603 3.877458
604 3.6683478
605 3.7793565
606 3.8861094
607 3.9890208
608 3.9302769
609 3.8319895
610 3.5072067
611 3.9117584
612 3.6305175
613 4.0221553
614 3.7423573
615 3.9897048
616 3.7197995
617 3.785517
618 3.8975224
619 3.778849
620 3.876744
621 3.7017758
622 3.5785933
623 3.5535955
624 3.6476908
625 3.9167566
626 4.038061
627 3.9800332
628 3.8199985
629 3.690113
630 3.5006533
631 3.571043
632 3.5235128
633 3.6184194
634 4.0264125
635 3.9050305
636 3.7056682
637 3.773613
638 3.8016558
639 3.4899886
640 3.8162234
641 3.351754
642 3.5899682
643 3.8782318
644 3.8026628
645 3.5830035
646 3.630327
647 3.6395032
648 3.9274707
649 3.5886853
650 3.7292976
651 3.737523
652 3.916327
653 3.5980656
654 3.6445954
655 3.7095592
656 3.525707
657 3.917698
658 4.0778694
659 3.8836465
660 3.9089117
661 3.8084917
662 3.6505966
663 3.753656
664 3.8734488
665 4.087716
666 4.048712
667 3.9789407
668 3.7319193
669 3.6426256
670 3.4536378
671 3.5366533
672 3.4933841
673 3.5060613
674 3.7113388
675 3.5610538
676 4.054378
677 3.6432133
678 3.76632
679 3.8218696
680 3.7352293
681 3.79259
682 3.6830704
683 3.7675269
684 3.6937222
685 3.7973945
686 3.6001737
687 3.9169376
688 3.9249384
689 3.872764
690 3.9290588
691 3.835286
692 4.0732083
693 3.9940207
694 3.8486438
695 3.8255992
696 3.627489
697 3.6313484
698 3.5248735
699 3.4587877
700 3.9078283
701 3.7487364
702 3.7085168
703 3.6983385
704 3.9124174
705 3.6052399
706 3.833871
707 3.758374
708 3.7511902
709 3.7952974
710 3.575319
711 3.7184954
712 3.9362597
713 3.6258101
714 3.7586803
715 3.6202147
716 3.6726668
717 3.706022
718 3.4478772
719 3.8864894
720 3.4768562
721 3.7174623
722 3.7987738
723 3.664232
724 3.633367
725 3.6915889
726 3.728008
727 3.8960795
728 3.6105988
729 3.7502823
730 3.4805872
731 3.430595
732 3.7128127
733 3.4349356
734 3.6942916
735 3.728015
736 3.802105
737 3.7218044
738 3.5459373
739 3.3613558
740 3.4165804
741 3.802786
742 3.873259
743 3.6202354
744 3.6271935
745 3.6575217
746 3.7269025
747 3.7471907
748 3.6692054
749 3.8383183
750 3.5169258
751 3.7050157
752 3.376635
753 3.3953261
754 3.9477787
755 3.7730105
756 3.5241435
757 3.6640291
758 3.561523
759 3.4475687
760 3.744355
761 3.798241
762 3.7004673
763 3.5785086
764 3.4169512
765 3.3904939
766 3.5460737
767 3.5513601
768 3.6067038
769 3.460336
770 3.5617695
771 3.5710168
772 3.4334896
773 3.4300897
774 3.671122
775 3.8295503
776 3.7010152
777 3.534348
778 3.4506269
779 3.3819253
780 3.660288
781 3.5869284
782 3.7200184
783 3.8403392
784 3.4184973
785 3.330518
786 3.38724
787 3.4439485
788 3.8869984
789 3.7379944
790 3.5979989
791 3.3044639
792 3.4572897
793 3.5513704
794 3.4309306
795 3.7870493
796 3.877603
797 3.5059106
798 3.6660988
799 3.5277483
800 3.5691724
801 3.2983146
802 3.5324218
803 3.7515612
804 3.628602
805 3.5849853
806 3.6303828
807 3.6045842
808 3.7016847
809 3.7806113
810 3.3149989
811 3.5276487
812 3.4315126
813 3.7021143
814 3.4422812
815 3.5720675
816 3.5559263
817 3.6094112
818 3.6851442
819 3.434674
820 3.56848
821 3.2844872
822 3.563781
823 3.7994592
824 3.7099407
825 3.6787026
826 3.7823944
827 3.5212257
828 3.8427818
829 3.512657
830 3.573434
831 3.6410244
832 3.6561127
833 3.4488778
834 3.624176
835 3.5910425
836 3.4274116
837 3.7565355
838 3.9041326
839 3.3916526
840 3.6433175
841 3.5515552
842 3.34395
843 3.3684835
844 3.3720138
845 3.4717667
846 3.3810227
847 3.2543433
848 3.576626
849 3.5121326
850 3.487394
851 3.4308343
852 3.5034416
853 3.5084317
854 3.5122342
855 3.6083899
856 3.5983427
857 4.0815144
858 3.421749
859 3.452028
860 3.6032832
861 3.6414719
862 3.3904521
863 3.5529218
864 3.330038
865 3.7778661
866 3.445819
867 3.424347
868 3.4757025
869 3.4022496
870 3.700506
871 3.528222
872 3.6803432
873 3.372572
874 3.5888991
875 3.6403422
876 3.4943576
877 3.5518098
878 3.5341587
879 3.6037652
880 3.3915625
881 3.423754
882 3.657076
883 3.7549791
884 3.3598888
885 3.7428088
886 3.6544955
887 3.643767
888 3.8113787
889 3.7712514
890 3.640806
891 3.4686165
892 3.429365
893 3.7747934
894 3.5129254
895 3.831124
896 3.843092
897 3.79339
898 3.4076166
899 3.4449742
900 3.5772467
901 3.677357
902 3.4929492
903 3.836776
904 3.62666
905 3.7084095
906 3.6989498
907 3.4002228
908 3.8496368
909 3.6938605
910 3.6863923
911 3.2728827
912 3.6113832
913 3.2061825
914 3.5499244
915 3.6733103
916 3.4105756
917 3.5037014
918 3.8551052
919 3.8423128
920 3.892404
921 3.5420625
922 3.6017597
923 3.454383
924 3.922472
925 3.7295132
926 3.5471346
927 4.0300055
928 3.8177972
929 3.4828181
930 3.6474404
931 3.6175823
932 3.7433012
933 3.695827
934 3.674418
935 3.4500442
936 3.4948752
937 3.6399732
938 3.618561
939 3.6824741
940 3.8578377
941 3.6182363
942 3.7612348
943 3.7985184
944 3.7187862
945 3.6467028
946 3.3511348
947 3.6776109
948 3.8143244
949 3.8123827
950 3.5526972
951 3.7290668
952 3.5886514
953 3.7948928
954 3.658861
955 3.3116148
956 3.4610398
957 3.5377798
958 3.470673
959 3.599345
960 3.7214177
961 3.6211157
962 4.0038743
963 3.8541048
964 3.618663
965 3.479079
966 3.388829
967 3.46145
968 3.651875
969 3.271529
970 3.2709672
971 3.5063248
972 3.4336498
973 3.4052527
974 3.4000626
975 3.5124776
976 3.6258986
977 3.6163504
978 3.6612096
979 3.7885396
980 3.3087566
981 3.3722997
982 3.4812462
983 3.6730413
984 3.9006388
985 3.4144995
986 3.7828546
987 4.098634
988 3.5664861
989 3.3764617
990 3.4976091
991 3.3410819
992 3.3698316
993 3.5388587
994 3.6201549
995 3.5864308
996 3.4875865
997 3.7750971
998 3.8142996
999 3.3906198
1000 3.5317993
