1 5.360247
2 5.327432
3 5.2798967
4 5.2274084
5 5.104429
6 4.970684
7 4.852931
8 4.561095
9 4.4270415
10 4.5069323
11 4.255849
12 4.3757
13 4.186967
14 4.1332083
15 4.101904
16 3.830815
17 3.9273822
18 3.726626
19 3.7651927
20 3.7438846
21 3.4484177
22 3.5738378
23 3.799247
24 3.6169071
25 3.5485692
26 3.6972585
27 3.8138947
28 3.4612274
29 3.5017288
30 3.7269733
31 3.6008773
32 3.6474488
33 3.5968826
34 3.6804461
35 3.6385899
36 3.6938126
37 3.6074512
38 3.6145072
39 3.5376885
40 3.6598725
41 3.602726
42 3.655313
43 3.7137113
44 3.7747447
45 3.6909785
46 3.6144722
47 3.490565
48 3.5378158
49 3.5426266
50 3.575166
51 3.566119
52 3.6544404
53 3.5867126
54 3.5669072
55 3.6060734
56 3.6391582
57 3.4968064
58 3.7108002
59 3.6016293
60 3.4151306
61 3.6446304
62 3.6098988
63 3.579155
64 3.6438777
65 3.519352
66 3.474678
67 3.6555207
68 3.690225
69 3.5562491
70 3.602303
71 3.453902
72 3.6204803
73 3.6675544
74 3.4939308
75 3.554689
76 3.4786193
77 3.497457
78 3.4396205
79 3.4220035
80 3.4114876
81 3.3464704
82 3.536078
83 3.40453
84 3.4750793
85 3.4102523
86 3.4776566
87 3.4177697
88 3.342548
89 3.5444617
90 3.370216
91 3.3372085
92 3.2264652
93 3.349249
94 3.2868931
95 3.4483438
96 3.3058648
97 3.3416724
98 3.4623542
99 3.3836694
100 3.2093003
101 3.3500545
102 3.4230263
103 3.4323
104 3.3146374
105 3.3293672
106 3.4037335
107 3.370741
108 3.3610737
109 3.2758014
110 3.2573864
111 3.26116
112 3.3205917
113 3.240687
114 3.1777873
115 3.290403
116 3.3817062
117 3.3572578
118 3.2369008
119 3.31408
120 3.293075
121 3.2828853
122 3.4410896
123 3.3885255
124 3.2336526
125 3.2326636
126 3.250457
127 3.2450588
128 3.2469082
129 3.2249036
130 3.277182
131 3.2287612
132 3.1757638
133 3.2727761
134 3.2526035
135 3.046862
136 3.2654934
137 3.2346184
138 3.291689
139 3.200264
140 3.1637502
141 3.3377652
142 3.149747
143 3.3404605
144 3.178465
145 3.1360087
146 3.1120076
147 3.3026917
148 3.21157
149 3.1850495
150 3.2136369
151 3.006853
152 3.2951355
153 3.1992085
154 3.371441
155 3.184975
156 3.2389026
157 3.1581652
158 3.1716397
159 3.0350795
160 3.1625438
161 3.1113312
162 2.9731536
163 2.969406
164 3.1641533
165 3.0137587
166 3.008183
167 3.0312035
168 3.18638
169 3.171657
170 3.1235168
171 3.00759
172 3.0090604
173 2.9847653
174 3.0637884
175 3.0655847
176 2.9944286
177 2.9677074
178 2.9528127
179 2.9827106
180 2.783811
181 3.0079193
182 2.878953
183 2.968671
184 2.900996
185 2.9384007
186 2.9163737
187 2.9650981
188 3.022137
189 2.8887794
190 3.0951462
191 3.0688555
192 2.8434155
193 3.0724757
194 2.953499
195 2.8102462
196 3.011088
197 2.8532517
198 3.0618958
199 2.92502
200 3.0315063
201 3.0597394
202 3.0656176
203 3.0175493
204 3.1110878
205 3.0645893
206 3.0159178
207 2.8848953
208 3.031575
209 3.0775342
210 2.9266312
211 2.9449134
212 3.0461931
213 3.0590577
214 3.0782545
215 2.9726408
216 2.7448623
217 2.8703628
218 3.040408
219 3.1209452
220 3.137471
221 2.971192
222 3.0593917
223 2.9464407
224 3.0854526
225 2.9684021
226 2.9803832
227 3.1731198
228 2.9775062
229 3.0307927
230 2.9389923
231 2.7373936
232 3.0387712
233 2.8548448
234 2.9156208
235 2.675181
236 2.8243008
237 2.7759557
238 2.7314353
239 2.8545432
240 2.9378126
241 2.836829
242 2.9125438
243 2.8328907
244 2.74614
245 2.9284673
246 2.9088864
247 2.824648
248 2.8589659
249 2.9344487
250 3.018604
251 2.9659812
252 2.876826
253 2.9589188
254 2.8270004
255 2.828395
256 2.8227975
257 2.877183
258 2.8838246
259 2.8333101
260 2.9286723
261 2.8668137
262 2.8187046
263 2.976306
264 2.9032433
265 2.9231648
266 2.7359428
267 2.7913904
268 2.9687486
269 3.0071836
270 2.9271638
271 2.9883418
272 3.0401134
273 3.004929
274 2.9804957
275 2.6636622
276 2.7337177
277 2.8453736
278 2.8949609
279 2.8657267
280 2.9368534
281 2.8123
282 2.6652918
283 2.8667798
284 2.7304318
285 2.842297
286 2.8469
287 2.770193
288 2.8151047
289 2.8481984
290 2.7787127
291 2.8745046
292 2.9199653
293 2.819242
294 2.9142756
295 2.8532107
296 2.8515446
297 2.89145
298 2.8815506
299 2.7850432
300 2.876746
301 2.8193789
302 2.8146346
303 2.8736272
304 2.9762325
305 2.9267333
306 2.8512518
307 2.780604
308 2.6192327
309 2.7880306
310 2.7815485
311 2.837276
312 2.7482853
313 2.7009835
314 2.9202724
315 2.6733348
316 2.691109
317 2.7413635
318 2.7228842
319 2.8161929
320 2.7729213
321 2.9452415
322 2.7728353
323 2.9165723
324 2.7276833
325 2.9216764
326 2.865481
327 2.8409452
328 2.9493995
329 2.7272325
330 2.682057
331 2.7050588
332 2.764098
333 2.7721553
334 2.8085783
335 3.0274243
336 3.002417
337 2.9772885
338 2.9119759
339 2.8392825
340 2.7817724
341 3.0302186
342 2.9116225
343 2.847421
344 2.9570494
345 2.6910746
346 2.7248445
347 2.7259877
348 3.0479724
349 2.9503253
350 2.8828824
351 2.8854792
352 2.7203436
353 2.864018
354 2.8837998
355 2.7305624
356 2.7694936
357 2.785623
358 2.5299993
359 2.7775567
360 2.8074884
361 2.8284729
362 2.708543
363 2.759521
364 2.9140277
365 2.7207131
366 2.8079042
367 2.6184514
368 2.9234407
369 2.9241457
370 2.9704049
371 2.8202722
372 2.7677398
373 2.7909522
374 2.683644
375 2.7602878
376 2.6708121
377 2.664702
378 2.6186032
379 2.5964377
380 2.6625068
381 2.7939904
382 2.7036176
383 2.8367229
384 2.821607
385 3.0189352
386 2.6198535
387 2.790978
388 2.8987155
389 2.9116511
390 2.943479
391 2.917315
392 2.7299905
393 2.8786418
394 2.9026737
395 2.634141
396 2.6761196
397 2.800245
398 2.6702662
399 2.8207793
400 2.7931757
401 2.7978551
402 2.7298224
403 2.5614007
404 2.6118987
405 2.7067063
406 2.7711506
407 2.6663985
408 2.5209644
409 2.48722
410 2.7172098
411 2.60406
412 2.5471625
413 2.6757457
414 2.5559316
415 2.7235594
416 2.744084
417 2.7018514
418 2.547873
419 2.6348636
420 2.6579478
421 2.7768066
422 2.601029
423 2.7709033
424 2.7176418
425 2.5587516
426 2.5013509
427 2.8484566
428 2.7053542
429 2.7203422
430 2.5853739
431 2.8908067
432 3.0131888
433 2.6090286
434 2.6918013
435 2.6909428
436 2.6182353
437 2.6678107
438 2.6594906
439 2.6851265
440 2.666564
441 2.6320157
442 2.680011
443 2.62261
444 2.6097007
445 2.6523254
446 2.5735402
447 2.7680464
448 2.5556142
449 2.6178107
450 2.6670778
451 2.7669232
452 2.678002
453 2.6081243
454 2.5329068
455 2.3714585
456 2.4486806
457 2.5982945
458 2.5797431
459 2.5785203
460 2.5799716
461 2.6082504
462 2.8479934
463 2.7643318
464 2.8891616
465 2.659369
466 2.4470975
467 2.4937606
468 2.7240474
469 2.558702
470 2.6412756
471 2.6858408
472 2.6139886
473 2.5608351
474 2.4957986
475 2.589365
476 2.4972358
477 2.7537854
478 2.6229434
479 2.5800433
480 2.6279302
481 2.5180252
482 2.6483989
483 2.5949347
484 2.831282
485 2.5729194
486 2.6421146
487 2.60992
488 2.4617207
489 2.553602
490 2.682221
491 2.8215609
492 2.8028493
493 2.736884
494 2.5987751
495 2.8340726
496 2.6705687
497 2.4169888
498 2.6279655
499 2.671275
500 2.6948857
501 2.5743566
502 2.707039
503 2.5600624
504 2.4809155
505 2.6844325
506 2.7051163
507 2.5424514
508 2.6504745
509 2.5910034
510 2.6223419
511 2.6897933
512 2.7366738
513 2.5832431
514 2.546356
515 2.6781626
516 2.52606
517 2.6802163
518 2.4487715
519 2.6702302
520 2.7426035
521 2.59025
522 2.4393904
523 2.596911
524 2.7019818
525 2.7446735
526 2.6754768
527 2.6318867
528 2.8315983
529 2.5716267
530 2.7824693
531 2.4352398
532 2.3939185
533 2.6784468
534 2.624963
535 2.643236
536 2.677853
537 2.4800286
538 2.4399848
539 2.7759643
540 2.637649
541 2.7065127
542 2.813301
543 2.698267
544 2.587965
545 2.6428885
546 2.597571
547 2.69068
548 2.6633153
549 2.5563824
550 2.4476595
551 2.6106884
552 2.6472054
553 2.62999
554 2.6346068
555 2.746372
556 2.3537812
557 2.5953114
558 2.6311288
559 2.812556
560 2.513206
561 2.5510807
562 2.4532506
563 2.649372
564 2.653656
565 2.6576252
566 2.7520614
567 2.786641
568 2.7221901
569 2.5307162
570 2.7214923
571 2.7233381
572 2.6593165
573 2.538152
574 2.8118942
575 2.7768579
576 2.689546
577 2.6223729
578 2.5313907
579 2.438261
580 2.531968
581 2.3275778
582 2.594489
583 2.591474
584 2.6107717
585 2.6250784
586 2.6113658
587 2.497256
588 2.5928144
589 2.4369285
590 2.5784314
591 2.545489
592 2.5726624
593 2.5960479
594 2.60747
595 2.5948422
596 2.5022216
597 2.3031793
598 2.6612277
599 2.6910882
600 2.5946503
601 2.5269637
602 2.4003625
603 2.6876493
604 2.542705
605 2.6196504
606 2.6936457
607 2.7649786
608 2.7242603
609 2.6561327
610 2.4310105
611 2.7114244
612 2.516483
613 2.7879457
614 2.5940044
615 2.7654526
616 2.5783687
617 2.6239204
618 2.7015567
619 2.6192985
620 2.6871543
621 2.5658755
622 2.4804919
623 2.4631648
624 2.5283866
625 2.7148888
626 2.7989707
627 2.7587488
628 2.6478212
629 2.5577915
630 2.426468
631 2.4752584
632 2.442313
633 2.5080972
634 2.7908964
635 2.706761
636 2.5685735
637 2.6156693
638 2.635107
639 2.4190757
640 2.6452045
641 2.3232589
642 2.4883764
643 2.6881855
644 2.6358051
645 2.4835489
646 2.516351
647 2.5227115
648 2.7223153
649 2.487487
650 2.584952
651 2.5906537
652 2.714591
653 2.493989
654 2.526241
655 2.5712705
656 2.4438338
657 2.7155414
658 2.8265636
659 2.6919386
660 2.7094512
661 2.6398454
662 2.5304008
663 2.601836
664 2.6848702
665 2.8333888
666 2.8063533
667 2.7579916
668 2.5867693
669 2.5248756
670 2.3938794
671 2.4514213
672 2.4214294
673 2.4302166
674 2.572504
675 2.4683344
676 2.8102808
677 2.525283
678 2.610614
679 2.6491182
680 2.5890636
681 2.628823
682 2.5529099
683 2.6114507
684 2.5602932
685 2.6321533
686 2.4954503
687 2.7150142
688 2.72056
689 2.6843956
690 2.723416
691 2.6584177
692 2.823333
693 2.7684443
694 2.6676767
695 2.6517034
696 2.5143838
697 2.5170588
698 2.4432561
699 2.397449
700 2.7087002
701 2.598426
702 2.570548
703 2.563493
704 2.7118812
705 2.498962
706 2.6574368
707 2.6051064
708 2.600127
709 2.6306996
710 2.4782224
711 2.5774646
712 2.7284074
713 2.51322
714 2.6053188
715 2.5093417
716 2.5456986
717 2.5688188
718 2.3898864
719 2.6939092
720 2.4099731
721 2.5767486
722 2.6331093
723 2.5398521
724 2.5184581
725 2.5588145
726 2.5840583
727 2.7005565
728 2.5026765
729 2.5994976
730 2.4125593
731 2.3779073
732 2.5735257
733 2.3809159
734 2.5606878
735 2.584063
736 2.6354184
737 2.5797582
738 2.4578564
739 2.3299143
740 2.3681931
741 2.6358905
742 2.6847386
743 2.509356
744 2.514179
745 2.5352008
746 2.583292
747 2.5973547
748 2.5432994
749 2.6605196
750 2.4377472
751 2.5681212
752 2.3405051
753 2.3534608
754 2.7363918
755 2.6152515
756 2.4427502
757 2.5397115
758 2.4686596
759 2.3896725
760 2.5953891
761 2.63274
762 2.5649686
763 2.4804332
764 2.3684502
765 2.3501112
766 2.457951
767 2.4616153
768 2.4999766
769 2.3985221
770 2.4688306
771 2.4752402
772 2.3799136
773 2.377557
774 2.544628
775 2.654442
776 2.5653484
777 2.4498234
778 2.3917923
779 2.344172
780 2.5371184
781 2.4862692
782 2.5785203
783 2.6619203
784 2.3695219
785 2.3085392
786 2.3478558
787 2.3871632
788 2.694262
789 2.5909803
790 2.4939427
791 2.29048
792 2.3964107
793 2.4616225
794 2.37814
795 2.6249826
796 2.6877496
797 2.4301121
798 2.541146
799 2.4452488
800 2.4739618
801 2.2862175
802 2.4484882
803 2.600384
804 2.5151553
805 2.4849224
806 2.5163896
807 2.4985075
808 2.5658123
809 2.62052
810 2.2977822
811 2.4451797
812 2.3785434
813 2.5661101
814 2.3860075
815 2.4759686
816 2.4647803
817 2.5018532
818 2.5543473
819 2.3807347
820 2.473482
821 2.276633
822 2.4702249
823 2.6335845
824 2.5715349
825 2.5498824
826 2.621756
827 2.4407277
828 2.6636133
829 2.4347882
830 2.4769158
831 2.5237658
832 2.5342243
833 2.39058
834 2.5120873
835 2.489121
836 2.3757007
837 2.603832
838 2.7061386
839 2.3509145
840 2.5253553
841 2.4617505
842 2.3178496
843 2.3348548
844 2.337302
845 2.4064453
846 2.3435464
847 2.255739
848 2.4791284
849 2.4344249
850 2.4172773
851 2.3780732
852 2.4284008
853 2.4318595
854 2.4344952
855 2.5011454
856 2.4941812
857 2.82909
858 2.3717759
859 2.3927636
860 2.4976056
861 2.524076
862 2.3500824
863 2.4626977
864 2.3082066
865 2.6186173
866 2.3884597
867 2.3735764
868 2.4091735
869 2.3582597
870 2.5649953
871 2.4455771
872 2.5510194
873 2.3376887
874 2.4876354
875 2.523293
876 2.4221041
877 2.461927
878 2.4496922
879 2.4979398
880 2.350852
881 2.3731654
882 2.5348918
883 2.6027532
884 2.3288975
885 2.5943174
886 2.5331032
887 2.525667
888 2.6418464
889 2.6140323
890 2.5236144
891 2.4042618
892 2.3770547
893 2.6164875
894 2.4349744
895 2.6555328
896 2.6638284
897 2.6293776
898 2.36198
899 2.3878741
900 2.4795585
901 2.5489497
902 2.421128
903 2.6594505
904 2.5138092
905 2.5704737
906 2.5639167
907 2.356855
908 2.668365
909 2.560389
910 2.5552125
911 2.2685895
912 2.50322
913 2.2223563
914 2.4606202
915 2.5461447
916 2.3640308
917 2.4285808
918 2.6721554
919 2.6632884
920 2.698009
921 2.4551706
922 2.4965496
923 2.3943958
924 2.7188504
925 2.5851016
926 2.4586864
927 2.793387
928 2.6462953
929 2.4141057
930 2.528213
931 2.507517
932 2.5946586
933 2.561752
934 2.5469124
935 2.3913884
936 2.422463
937 2.5230372
938 2.5081954
939 2.5524967
940 2.6740494
941 2.5079703
942 2.6070893
943 2.6329324
944 2.5776663
945 2.5277019
946 2.3228297
947 2.5491257
948 2.6438882
949 2.6425424
950 2.462542
951 2.5847921
952 2.4874637
953 2.6304193
954 2.5361292
955 2.2954364
956 2.39901
957 2.452202
958 2.4056873
959 2.494876
960 2.5794902
961 2.5099661
962 2.7752743
963 2.6714618
964 2.5082662
965 2.4115138
966 2.3489573
967 2.3992944
968 2.531287
969 2.267651
970 2.2672617
971 2.4303992
972 2.3800247
973 2.3603413
974 2.3567438
975 2.434664
976 2.5132813
977 2.506663
978 2.5377572
979 2.6260157
980 2.2934554
981 2.3375
982 2.413016
983 2.5459583
984 2.7037168
985 2.3667507
986 2.622075
987 2.8409564
988 2.4720998
989 2.340385
990 2.424358
991 2.3158615
992 2.3357892
993 2.45295
994 2.5093002
995 2.4859245
996 2.4174109
997 2.616698
998 2.643871
999 2.3501985
1000 2.4480567
