1 204.37602
2 203.50577
3 203.3224
4 202.73987
5 201.02339
6 197.00508
7 190.2518
8 177.86081
9 160.63025
10 136.75354
11 108.5142
12 81.4703
13 65.26451
14 55.29429
15 51.012547
16 50.249744
17 49.044216
18 49.127373
19 47.680046
20 46.296417
21 44.344517
22 41.290985
23 38.63866
24 36.76818
25 35.850727
26 34.327164
27 33.84096
28 34.059517
29 33.96334
30 33.599392
31 33.618217
32 33.976154
33 33.66694
34 33.96369
35 33.828167
36 33.936962
37 34.622986
38 34.32161
39 34.095806
40 33.68979
41 34.14587
42 34.71687
43 35.31121
44 36.059612
45 37.081017
46 37.937843
47 38.663624
48 38.882812
49 38.870647
50 38.998314
51 38.91707
52 39.005493
53 38.930897
54 38.673267
55 38.711327
56 37.890312
57 37.782276
58 37.864933
59 37.88707
60 37.56527
61 37.456367
62 37.223797
63 36.7029
64 36.54291
65 36.632103
66 36.60156
67 37.483532
68 38.04372
69 39.229225
70 39.318974
71 39.82664
72 39.27692
73 39.6143
74 38.52923
75 37.25682
76 37.166462
77 37.72251
78 37.28766
79 36.62439
80 36.62113
81 36.44263
82 34.98534
83 34.31289
84 34.23797
85 34.567486
86 34.08338
87 33.639175
88 33.180553
89 35.49356
90 36.316635
91 35.419662
92 34.4901
93 34.35314
94 33.822
95 33.94567
96 37.28257
97 35.689568
98 34.130077
99 31.586807
100 29.163792
101 31.748219
102 34.39214
103 35.994812
104 37.66285
105 37.007713
106 38.89165
107 40.569416
108 37.745262
109 36.13737
110 33.86782
111 32.030983
112 31.80744
113 32.131397
114 31.215729
115 30.95368
116 33.590157
117 32.234028
118 32.485962
119 34.360786
120 33.757744
121 31.170536
122 33.28161
123 30.460205
124 31.225122
125 31.731495
126 35.652138
127 33.517403
128 33.64674
129 32.79728
130 34.244102
131 31.840134
132 30.436605
133 30.632105
134 33.359917
135 31.059662
136 31.383366
137 30.837732
138 32.327625
139 30.212887
140 35.33198
141 36.971447
142 32.74801
143 32.818085
144 32.05839
145 30.772396
146 30.224203
147 31.720484
148 29.347675
149 29.002298
150 29.119135
151 28.093761
152 30.178234
153 30.506275
154 30.717575
155 29.631298
156 31.816242
157 32.20813
158 32.66395
159 32.478825
160 34.031277
161 31.746017
162 32.12147
163 27.967981
164 28.25794
165 26.296139
166 26.335321
167 25.457249
168 27.04127
169 27.122051
170 26.63027
171 26.922571
172 26.322575
173 26.048786
174 27.650208
175 27.560635
176 26.030157
177 24.323116
178 24.75032
179 27.066772
180 24.269648
181 24.47808
182 24.191755
183 25.520369
184 25.347052
185 25.827478
186 27.180206
187 26.336597
188 26.368027
189 25.896688
190 25.37203
191 24.438147
192 25.968983
193 26.2073
194 25.923656
195 27.34993
196 23.839079
197 25.484556
198 23.348648
199 25.147848
200 24.355316
201 24.997614
202 25.780384
203 27.935404
204 26.387066
205 27.66661
206 26.202103
207 26.350489
208 24.840965
209 25.064274
210 23.935694
211 22.548056
212 23.584642
213 25.060179
214 24.779474
215 25.841965
216 23.527737
217 23.022144
218 24.588486
219 24.26028
220 23.88028
221 24.041986
222 24.516632
223 25.143862
224 26.413706
225 27.008997
226 26.917984
227 28.89653
228 27.59821
229 26.762814
230 26.753162
231 24.842346
232 24.81395
233 22.178217
234 23.777714
235 24.69854
236 23.161694
237 22.368519
238 22.612585
239 22.931068
240 22.18778
241 24.551264
242 24.150288
243 22.33131
244 22.150215
245 23.580704
246 23.388777
247 23.021055
248 23.073519
249 22.129623
250 20.420954
251 22.192972
252 20.959036
253 21.93728
254 23.430325
255 22.637573
256 23.732346
257 22.98999
258 22.626936
259 22.96784
260 24.830069
261 23.769882
262 22.595856
263 23.420414
264 24.080856
265 22.621862
266 23.494198
267 23.06486
268 24.306467
269 25.57789
270 23.667862
271 24.64421
272 23.366749
273 23.462467
274 23.84993
275 22.630442
276 22.58658
277 22.64899
278 23.76448
279 23.183218
280 22.960932
281 22.969906
282 23.17899
283 22.024082
284 21.222973
285 22.31871
286 22.327045
287 22.672087
288 21.41151
289 21.464611
290 21.51833
291 21.79494
292 21.720043
293 21.316116
294 23.236633
295 22.859447
296 22.546597
297 22.480003
298 21.554325
299 22.367067
300 23.21157
301 23.209183
302 21.312782
303 22.03535
304 22.51477
305 21.834682
306 22.021366
307 23.036673
308 22.813656
309 22.403667
310 21.459894
311 22.713495
312 21.58862
313 22.16863
314 22.563953
315 21.996487
316 20.86261
317 22.452957
318 20.9362
319 20.64679
320 21.847876
321 20.53779
322 21.341208
323 21.30193
324 22.02605
325 21.771736
326 20.9885
327 21.38026
328 22.598164
329 22.356525
330 21.81895
331 21.320402
332 20.607634
333 21.234081
334 21.503817
335 22.104586
336 22.400604
337 23.070017
338 23.16154
339 22.185558
340 22.725636
341 23.724342
342 24.185814
343 24.083445
344 23.86929
345 21.802448
346 21.44964
347 21.64545
348 22.56307
349 21.843924
350 23.086529
351 24.12799
352 22.281443
353 22.649708
354 21.116465
355 21.681238
356 19.588827
357 20.351864
358 19.328035
359 21.209599
360 20.839535
361 21.950394
362 21.08488
363 21.462444
364 21.158283
365 21.397839
366 21.479046
367 21.733303
368 23.424936
369 22.932022
370 23.60405
371 24.117632
372 22.767323
373 22.388758
374 21.80698
375 20.830404
376 21.459103
377 21.856125
378 19.531212
379 20.279734
380 19.266872
381 20.086655
382 19.678953
383 20.32197
384 20.811352
385 21.487255
386 20.495302
387 21.088583
388 21.73096
389 21.131186
390 21.375664
391 22.4233
392 20.834913
393 22.15859
394 20.753109
395 20.006422
396 20.811995
397 20.72271
398 20.012323
399 20.090343
400 20.283123
401 20.50201
402 20.333248
403 19.80406
404 19.690115
405 20.15425
406 19.880953
407 19.992971
408 19.175694
409 19.995815
410 20.808525
411 20.157425
412 19.598583
413 19.345299
414 18.576426
415 19.483065
416 18.697353
417 17.47408
418 17.767014
419 17.900473
420 17.600107
421 18.872967
422 17.46558
423 18.908535
424 17.381851
425 17.826883
426 17.855247
427 19.609568
428 19.210348
429 18.556347
430 18.95434
431 19.285755
432 20.161
433 19.530636
434 20.98519
435 20.469213
436 19.235659
437 19.839302
438 19.256342
439 20.95154
440 19.131262
441 19.915766
442 20.26698
443 19.179323
444 19.656652
445 18.701797
446 18.081364
447 19.013767
448 18.27056
449 18.212692
450 18.527893
451 19.1963
452 18.988138
453 19.886126
454 19.28253
455 18.643667
456 18.134525
457 20.895046
458 19.345032
459 19.033955
460 18.048473
461 18.10291
462 19.262928
463 18.782047
464 18.940271
465 18.085627
466 17.905308
467 18.240963
468 19.272345
469 19.159033
470 18.775448
471 19.221384
472 19.008673
473 19.274395
474 18.791922
475 19.642277
476 18.48766
477 20.424068
478 19.570415
479 18.297842
480 18.826822
481 18.521713
482 18.078941
483 18.914722
484 18.840143
485 17.772984
486 17.554504
487 18.442654
488 18.465656
489 19.048668
490 17.983719
491 19.415483
492 19.025187
493 19.979824
494 18.66829
495 20.042852
496 18.67757
497 18.734848
498 17.872183
499 18.379202
500 19.747171
501 18.687672
502 18.346346
503 17.834843
504 16.170897
505 18.135855
506 18.511768
507 17.819128
508 18.499023
509 18.660898
510 19.242605
511 18.473047
512 18.280165
513 19.092043
514 18.56596
515 18.675169
516 17.926182
517 19.716238
518 18.704426
519 18.55566
520 18.429317
521 18.76138
522 18.432043
523 18.290724
524 18.49129
525 18.208645
526 18.203373
527 17.520098
528 16.790527
529 18.490673
530 18.42871
531 17.264523
532 16.927608
533 17.083729
534 17.480556
535 17.40096
536 17.616552
537 17.685759
538 17.26719
539 18.233267
540 17.281723
541 17.86027
542 19.548357
543 18.601376
544 19.075438
545 17.987959
546 18.251144
547 18.045639
548 18.972834
549 17.957254
550 18.292665
551 17.422167
552 19.496746
553 18.449497
554 18.738361
555 19.934322
556 17.383415
557 19.569052
558 18.455778
559 19.580097
560 18.34985
561 18.387936
562 18.644135
563 18.66306
564 17.830807
565 18.616665
566 18.789356
567 18.42158
568 18.277822
569 17.78925
570 16.565067
571 18.282785
572 18.72613
573 17.007214
574 18.520273
575 18.21294
576 18.107477
577 17.801937
578 18.297674
579 18.4183
580 18.81807
581 17.919415
582 18.644886
583 18.873669
584 18.98978
585 19.718128
586 17.92949
587 17.941275
588 19.051853
589 18.298004
590 18.185467
591 18.188162
592 16.663074
593 18.094921
594 18.400883
595 17.441097
596 17.473816
597 17.070166
598 18.117304
599 18.694641
600 17.827658
601 18.534595
602 17.272373
603 18.516079
604 17.251165
605 18.48704
606 20.054762
607 19.677862
608 19.948093
609 17.997911
610 17.853708
611 19.637888
612 17.767683
613 18.974438
614 18.600065
615 17.400295
616 17.94957
617 18.76884
618 18.74292
619 17.951643
620 18.461834
621 18.329731
622 17.19283
623 17.715916
624 18.003845
625 19.02119
626 18.790047
627 18.967182
628 17.538406
629 18.378956
630 17.394028
631 17.152115
632 16.744732
633 17.22121
634 17.275545
635 17.926786
636 17.080368
637 16.118742
638 17.409122
639 16.334547
640 17.293823
641 16.967978
642 16.925755
643 17.406277
644 17.491177
645 16.79264
646 16.682621
647 17.063946
648 18.327795
649 16.381636
650 17.516779
651 17.42464
652 16.98906
653 16.963375
654 16.663055
655 16.740295
656 17.538849
657 17.85292
658 17.828098
659 19.04625
660 17.959297
661 18.206636
662 16.261133
663 17.911062
664 18.359776
665 19.207226
666 19.933521
667 19.688927
668 18.135374
669 17.769287
670 16.894085
671 17.992138
672 18.120987
673 17.872545
674 19.437357
675 18.702793
676 19.030521
677 18.628023
678 17.959152
679 17.300531
680 18.25036
681 17.25472
682 17.44409
683 16.344856
684 16.04897
685 16.967686
686 16.668793
687 17.080143
688 17.749327
689 17.947514
690 17.307903
691 17.542835
692 18.748272
693 18.919825
694 17.449554
695 18.22913
696 18.060324
697 18.098364
698 18.45141
699 18.592367
700 17.367748
701 18.085827
702 17.589157
703 18.803577
704 18.93179
705 17.718884
706 19.962458
707 17.679712
708 18.484299
709 18.038034
710 17.457228
711 19.106646
712 19.40912
713 18.34199
714 18.8708
715 18.304472
716 17.78426
717 19.019842
718 18.076818
719 18.630154
720 17.802261
721 18.336817
722 18.075811
723 17.850058
724 18.654022
725 17.577702
726 18.343184
727 18.47057
728 17.214277
729 17.120026
730 17.028473
731 16.727657
732 17.746174
733 18.234547
734 16.89735
735 17.733673
736 16.934803
737 18.304144
738 17.753244
739 16.697039
740 17.61282
741 18.312489
742 16.95821
743 18.014862
744 16.243378
745 18.612106
746 16.741886
747 17.571918
748 17.904314
749 17.396442
750 17.182444
751 16.603321
752 17.802988
753 17.200026
754 18.075832
755 17.5039
756 17.73086
757 18.24785
758 16.951405
759 17.463984
760 16.973108
761 17.036322
762 17.609707
763 17.791225
764 17.140854
765 16.760794
766 16.610012
767 16.607464
768 16.921886
769 16.404816
770 16.675806
771 17.723259
772 16.618277
773 17.292126
774 16.134087
775 17.41134
776 16.61267
777 16.912357
778 16.187489
779 15.96303
780 18.00384
781 16.750402
782 18.514362
783 17.996525
784 16.758205
785 15.611097
786 16.113474
787 17.198185
788 16.881618
789 17.214077
790 16.788599
791 15.987231
792 16.502048
793 15.850006
794 15.0288515
795 16.995672
796 17.531397
797 15.834706
798 16.837685
799 15.868673
800 16.024075
801 15.721692
802 15.736859
803 15.92497
804 15.917089
805 17.360262
806 16.635412
807 16.547253
808 16.321192
809 17.213642
810 15.684572
811 16.017504
812 16.715189
813 16.142872
814 16.882412
815 16.056248
816 16.701435
817 18.07642
818 17.700245
819 15.682261
820 16.401764
821 15.453218
822 16.975513
823 17.05602
824 17.05743
825 16.831188
826 16.710857
827 15.415045
828 16.474188
829 16.026653
830 15.808255
831 16.896427
832 15.787944
833 15.24071
834 16.160646
835 16.202656
836 17.185492
837 18.75952
838 17.26175
839 16.889303
840 17.909954
841 16.203465
842 17.052588
843 16.451057
844 15.192218
845 14.572492
846 16.419132
847 16.28993
848 17.250378
849 15.153318
850 16.165356
851 15.781247
852 15.675524
853 15.420085
854 16.721027
855 16.33315
856 16.205067
857 16.300436
858 15.79586
859 15.374796
860 16.514118
861 15.657785
862 15.006088
863 15.031616
864 15.2768
865 16.349628
866 16.041454
867 15.401403
868 15.769869
869 16.146282
870 16.333157
871 16.161564
872 16.401516
873 15.164896
874 16.78169
875 16.801346
876 15.943148
877 16.355656
878 16.167862
879 15.349983
880 15.162931
881 14.735552
882 16.947023
883 17.15961
884 16.196453
885 18.22002
886 16.945219
887 16.917799
888 17.750021
889 16.686153
890 16.319202
891 17.11052
892 16.356218
893 17.11125
894 16.404047
895 16.43308
896 15.901881
897 17.334259
898 16.081757
899 15.000601
900 16.416464
901 16.02707
902 16.35444
903 17.333776
904 16.06391
905 16.926353
906 17.068113
907 16.858547
908 16.737051
909 17.335114
910 17.049
911 16.462294
912 17.231224
913 17.050863
914 16.044043
915 16.130756
916 15.933306
917 14.931137
918 15.902751
919 16.660345
920 16.949274
921 16.75257
922 16.015543
923 16.232695
924 17.336355
925 16.725252
926 16.981272
927 16.966412
928 18.08753
929 15.384567
930 16.488394
931 17.794632
932 18.162144
933 17.18462
934 17.78087
935 16.762964
936 17.094786
937 18.108595
938 16.416986
939 16.6161
940 18.222107
941 15.550611
942 16.492002
943 16.34157
944 16.005638
945 15.018068
946 15.48192
947 17.11414
948 17.292408
949 18.151598
950 17.87596
951 16.602352
952 16.883999
953 16.554382
954 16.290655
955 16.994656
956 17.011667
957 17.368639
958 17.600956
959 16.804598
960 17.87036
961 16.895954
962 18.2153
963 18.263187
964 17.334385
965 17.169418
966 15.856649
967 15.921939
968 16.614199
969 15.070894
970 15.404788
971 16.424915
972 15.322672
973 16.324392
974 15.6813
975 15.754519
976 15.059962
977 17.06363
978 15.6737995
979 16.643715
980 16.554504
981 15.573069
982 15.401242
983 15.598053
984 16.833418
985 15.42294
986 15.877584
987 18.356792
988 16.253355
989 15.966003
990 16.636314
991 16.069134
992 16.643417
993 16.696056
994 16.896418
995 15.617258
996 16.486256
997 16.417408
998 17.337402
999 16.136738
1000 15.928502
