1 0.0
2 0.003125
3 0.015625
4 0.053125
5 0.084375
6 0.109375
7 0.11875
8 0.140625
9 0.096875
10 0.11875
11 0.121875
12 0.128125
13 0.121875
14 0.11875
15 0.134375
16 0.075
17 0.10625
18 0.09375
19 0.09375
20 0.075
21 0.065625
22 0.05625
23 0.090625
24 0.1
25 0.09375
26 0.11875
27 0.1125
28 0.1
29 0.09375
30 0.115625
31 0.121875
32 0.125
33 0.128125
34 0.125
35 0.090625
36 0.10625
37 0.16875
38 0.125
39 0.121875
40 0.121875
41 0.146875
42 0.109375
43 0.128125
44 0.125
45 0.121875
46 0.121875
47 0.146875
48 0.10625
49 0.121875
50 0.1
51 0.140625
52 0.11875
53 0.10625
54 0.103125
55 0.121875
56 0.103125
57 0.09375
58 0.13125
59 0.125
60 0.121875
61 0.1
62 0.115625
63 0.1
64 0.10625
65 0.1625
66 0.115625
67 0.11875
68 0.103125
69 0.1375
70 0.140625
71 0.15
72 0.13125
73 0.121875
74 0.165625
75 0.13125
76 0.153125
77 0.11875
78 0.125
79 0.128125
80 0.14375
81 0.125
82 0.1375
83 0.146875
84 0.10625
85 0.134375
86 0.140625
87 0.15
88 0.15625
89 0.1375
90 0.125
91 0.140625
92 0.13125
93 0.13125
94 0.14375
95 0.171875
96 0.134375
97 0.16875
98 0.13125
99 0.13125
100 0.178125
101 0.171875
102 0.153125
103 0.2
104 0.196875
105 0.14375
106 0.178125
107 0.15625
108 0.171875
109 0.1375
110 0.134375
111 0.175
112 0.153125
113 0.15
114 0.159375
115 0.13125
116 0.19375
117 0.2125
118 0.184375
119 0.1625
120 0.1875
121 0.165625
122 0.178125
123 0.16875
124 0.20625
125 0.19375
126 0.171875
127 0.2
128 0.225
129 0.184375
130 0.20625
131 0.2125
132 0.1625
133 0.165625
134 0.175
135 0.209375
136 0.19375
137 0.240625
138 0.225
139 0.225
140 0.20625
141 0.196875
142 0.228125
143 0.15
144 0.209375
145 0.209375
146 0.203125
147 0.221875
148 0.209375
149 0.225
150 0.209375
151 0.171875
152 0.2125
153 0.18125
154 0.2125
155 0.21875
156 0.228125
157 0.190625
158 0.196875
159 0.24375
160 0.228125
161 0.209375
162 0.221875
163 0.23125
164 0.221875
165 0.19375
166 0.221875
167 0.246875
168 0.24375
169 0.25
170 0.25
171 0.20625
172 0.271875
173 0.21875
174 0.184375
175 0.215625
176 0.24375
177 0.221875
178 0.253125
179 0.23125
180 0.209375
181 0.240625
182 0.18125
183 0.2625
184 0.26875
185 0.225
186 0.253125
187 0.25
188 0.265625
189 0.25625
190 0.253125
191 0.240625
192 0.265625
193 0.203125
194 0.2125
195 0.203125
196 0.259375
197 0.228125
198 0.259375
199 0.234375
200 0.2125
201 0.228125
202 0.234375
203 0.21875
204 0.265625
205 0.240625
206 0.221875
207 0.25
208 0.246875
209 0.24375
210 0.253125
211 0.225
212 0.20625
213 0.2375
214 0.24375
215 0.23125
216 0.24375
217 0.203125
218 0.234375
219 0.178125
220 0.221875
221 0.20625
222 0.246875
223 0.25
224 0.265625
225 0.2375
226 0.303125
227 0.25
228 0.228125
229 0.25
230 0.24375
231 0.278125
232 0.23125
233 0.259375
234 0.246875
235 0.246875
236 0.25
237 0.240625
238 0.26875
239 0.25
240 0.240625
241 0.221875
242 0.246875
243 0.228125
244 0.228125
245 0.265625
246 0.259375
247 0.21875
248 0.234375
249 0.228125
250 0.2625
251 0.25625
252 0.2625
253 0.23125
254 0.240625
255 0.225
256 0.28125
257 0.3
258 0.25
259 0.23125
260 0.23125
261 0.271875
262 0.221875
263 0.234375
264 0.275
265 0.2375
266 0.275
267 0.265625
268 0.240625
269 0.29375
270 0.240625
271 0.24375
272 0.221875
273 0.284375
274 0.253125
275 0.275
276 0.271875
277 0.28125
278 0.228125
279 0.296875
280 0.2625
281 0.271875
282 0.240625
283 0.265625
284 0.253125
285 0.25625
286 0.253125
287 0.2875
288 0.28125
289 0.225
290 0.296875
291 0.290625
292 0.290625
293 0.28125
294 0.2875
295 0.246875
296 0.30625
297 0.303125
298 0.2
299 0.26875
300 0.284375
301 0.2875
302 0.2875
303 0.2625
304 0.25625
305 0.25625
306 0.321875
307 0.2375
308 0.309375
309 0.3
310 0.253125
311 0.290625
312 0.321875
313 0.271875
314 0.271875
315 0.334375
316 0.315625
317 0.259375
318 0.265625
319 0.2625
320 0.275
321 0.265625
322 0.23125
323 0.265625
324 0.2875
325 0.296875
326 0.246875
327 0.278125
328 0.290625
329 0.290625
330 0.30625
331 0.253125
332 0.29375
333 0.309375
334 0.296875
335 0.29375
336 0.28125
337 0.290625
338 0.25
339 0.30625
340 0.290625
341 0.290625
342 0.246875
343 0.303125
344 0.309375
345 0.265625
346 0.340625
347 0.2625
348 0.221875
349 0.278125
350 0.271875
351 0.23125
352 0.328125
353 0.2875
354 0.23125
355 0.340625
356 0.259375
357 0.2875
358 0.278125
359 0.26875
360 0.340625
361 0.34375
362 0.303125
363 0.271875
364 0.325
365 0.3125
366 0.23125
367 0.309375
368 0.24375
369 0.30625
370 0.271875
371 0.303125
372 0.225
373 0.2375
374 0.259375
375 0.278125
376 0.225
377 0.2875
378 0.315625
379 0.309375
380 0.23125
381 0.30625
382 0.29375
383 0.2875
384 0.315625
385 0.275
386 0.296875
387 0.296875
388 0.29375
389 0.278125
390 0.3125
391 0.290625
392 0.28125
393 0.325
394 0.284375
395 0.30625
396 0.278125
397 0.390625
398 0.303125
399 0.3
400 0.275
401 0.25625
402 0.25625
403 0.353125
404 0.315625
405 0.284375
406 0.31875
407 0.259375
408 0.303125
409 0.290625
410 0.3625
411 0.275
412 0.36875
413 0.28125
414 0.31875
415 0.26875
416 0.29375
417 0.278125
418 0.284375
419 0.328125
420 0.290625
421 0.346875
422 0.29375
423 0.315625
424 0.303125
425 0.3125
426 0.271875
427 0.340625
428 0.3125
429 0.31875
430 0.31875
431 0.328125
432 0.28125
433 0.3125
434 0.30625
435 0.28125
436 0.25625
437 0.321875
438 0.30625
439 0.290625
440 0.246875
441 0.228125
442 0.234375
443 0.3125
444 0.296875
445 0.290625
446 0.24375
447 0.353125
448 0.28125
449 0.325
450 0.3125
451 0.3
452 0.2875
453 0.3
454 0.3
455 0.340625
456 0.315625
457 0.240625
458 0.271875
459 0.265625
460 0.29375
461 0.315625
462 0.3
463 0.284375
464 0.290625
465 0.315625
466 0.303125
467 0.309375
468 0.3375
469 0.30625
470 0.271875
471 0.346875
472 0.340625
473 0.275
474 0.290625
475 0.296875
476 0.340625
477 0.33125
478 0.29375
479 0.275
480 0.31875
481 0.25625
482 0.275
483 0.246875
484 0.3125
485 0.30625
486 0.28125
487 0.3375
488 0.325
489 0.278125
490 0.303125
491 0.296875
492 0.3125
493 0.271875
494 0.3375
495 0.446875
496 0.259375
497 0.29375
498 0.31875
499 0.26875
500 0.328125
501 0.271875
502 0.2625
503 0.309375
504 0.275
505 0.303125
506 0.2875
507 0.246875
508 0.3375
509 0.321875
510 0.3125
511 0.278125
512 0.265625
513 0.271875
514 0.296875
515 0.275
516 0.26875
517 0.2875
518 0.33125
519 0.284375
520 0.275
521 0.321875
522 0.328125
523 0.284375
524 0.3625
525 0.3
526 0.315625
527 0.340625
528 0.334375
529 0.21875
530 0.33125
531 0.290625
532 0.284375
533 0.328125
534 0.275
535 0.31875
536 0.321875
537 0.275
538 0.334375
539 0.284375
540 0.34375
541 0.2625
542 0.2625
543 0.334375
544 0.30625
545 0.2625
546 0.271875
547 0.359375
548 0.284375
549 0.296875
550 0.29375
551 0.253125
552 0.371875
553 0.346875
554 0.303125
555 0.26875
556 0.296875
557 0.30625
558 0.309375
559 0.278125
560 0.284375
561 0.296875
562 0.3125
563 0.321875
564 0.35
565 0.28125
566 0.325
567 0.309375
568 0.26875
569 0.3
570 0.2875
571 0.303125
572 0.36875
573 0.284375
574 0.29375
575 0.246875
576 0.321875
577 0.303125
578 0.321875
579 0.30625
580 0.28125
581 0.28125
582 0.26875
583 0.3
584 0.328125
585 0.346875
586 0.265625
587 0.3125
588 0.3125
589 0.28125
590 0.309375
591 0.31875
592 0.290625
593 0.296875
594 0.321875
595 0.328125
596 0.35
597 0.34375
598 0.24375
599 0.25625
600 0.4125
601 0.325
602 0.309375
603 0.321875
604 0.334375
605 0.303125
606 0.309375
607 0.31875
608 0.321875
609 0.3375
610 0.3375
611 0.3375
612 0.309375
613 0.296875
614 0.353125
615 0.296875
616 0.328125
617 0.278125
618 0.253125
619 0.29375
620 0.309375
621 0.265625
622 0.303125
623 0.284375
624 0.365625
625 0.371875
626 0.325
627 0.275
628 0.3125
629 0.296875
630 0.278125
631 0.278125
632 0.321875
633 0.321875
634 0.309375
635 0.365625
636 0.3625
637 0.3
638 0.34375
639 0.325
640 0.275
641 0.275
642 0.309375
643 0.309375
644 0.309375
645 0.328125
646 0.3375
647 0.35
648 0.34375
649 0.3375
650 0.3375
651 0.2875
652 0.303125
653 0.3
654 0.284375
655 0.2375
656 0.29375
657 0.278125
658 0.3625
659 0.290625
660 0.33125
661 0.284375
662 0.315625
663 0.303125
664 0.346875
665 0.309375
666 0.34375
667 0.346875
668 0.29375
669 0.33125
670 0.321875
671 0.28125
672 0.26875
673 0.3375
674 0.31875
675 0.325
676 0.309375
677 0.33125
678 0.3125
679 0.3125
680 0.340625
681 0.33125
682 0.3375
683 0.315625
684 0.29375
685 0.3375
686 0.340625
687 0.35625
688 0.3375
689 0.30625
690 0.334375
691 0.334375
692 0.29375
693 0.3625
694 0.290625
695 0.31875
696 0.321875
697 0.303125
698 0.290625
699 0.29375
700 0.303125
701 0.303125
702 0.30625
703 0.340625
704 0.325
705 0.290625
706 0.28125
707 0.315625
708 0.29375
709 0.35
710 0.2875
711 0.321875
712 0.340625
713 0.375
714 0.303125
715 0.359375
716 0.271875
717 0.315625
718 0.39375
719 0.34375
720 0.365625
721 0.284375
722 0.296875
723 0.40625
724 0.36875
725 0.384375
726 0.33125
727 0.334375
728 0.290625
729 0.359375
730 0.265625
731 0.315625
732 0.33125
733 0.353125
734 0.271875
735 0.35
736 0.33125
737 0.3125
738 0.35625
739 0.315625
740 0.30625
741 0.415625
742 0.384375
743 0.35
744 0.353125
745 0.3375
746 0.315625
747 0.303125
748 0.303125
749 0.390625
750 0.346875
751 0.275
752 0.303125
753 0.309375
754 0.3375
755 0.3375
756 0.340625
757 0.309375
758 0.34375
759 0.315625
760 0.359375
761 0.309375
762 0.365625
763 0.371875
764 0.278125
765 0.30625
766 0.2875
767 0.328125
768 0.315625
769 0.315625
770 0.3125
771 0.41875
772 0.35625
773 0.3
774 0.315625
775 0.31875
776 0.303125
777 0.334375
778 0.346875
779 0.34375
780 0.29375
781 0.2875
782 0.346875
783 0.35625
784 0.3
785 0.303125
786 0.325
787 0.328125
788 0.334375
789 0.3375
790 0.321875
791 0.365625
792 0.3125
793 0.325
794 0.3
795 0.340625
796 0.35
797 0.284375
798 0.328125
799 0.353125
800 0.2875
801 0.340625
802 0.31875
803 0.334375
804 0.3625
805 0.371875
806 0.30625
807 0.328125
808 0.29375
809 0.2875
810 0.33125
811 0.3
812 0.359375
813 0.365625
814 0.328125
815 0.290625
816 0.384375
817 0.290625
818 0.3125
819 0.315625
820 0.3625
821 0.271875
822 0.36875
823 0.353125
824 0.38125
825 0.346875
826 0.375
827 0.325
828 0.303125
829 0.3125
830 0.359375
831 0.321875
832 0.284375
833 0.321875
834 0.35
835 0.340625
836 0.378125
837 0.3375
838 0.428125
839 0.34375
840 0.29375
841 0.303125
842 0.3625
843 0.3125
844 0.321875
845 0.346875
846 0.346875
847 0.321875
848 0.34375
849 0.296875
850 0.2875
851 0.325
852 0.353125
853 0.31875
854 0.346875
855 0.309375
856 0.371875
857 0.365625
858 0.328125
859 0.2375
860 0.340625
861 0.35
862 0.34375
863 0.3625
864 0.378125
865 0.3375
866 0.353125
867 0.3375
868 0.390625
869 0.38125
870 0.340625
871 0.378125
872 0.33125
873 0.340625
874 0.371875
875 0.303125
876 0.309375
877 0.390625
878 0.3625
879 0.3375
880 0.3125
881 0.31875
882 0.321875
883 0.290625
884 0.359375
885 0.36875
886 0.303125
887 0.334375
888 0.34375
889 0.31875
890 0.3125
891 0.309375
892 0.325
893 0.334375
894 0.39375
895 0.29375
896 0.315625
897 0.3375
898 0.39375
899 0.30625
900 0.303125
901 0.31875
902 0.346875
903 0.371875
904 0.325
905 0.3125
906 0.309375
907 0.35625
908 0.275
909 0.340625
910 0.359375
911 0.346875
912 0.328125
913 0.334375
914 0.2875
915 0.30625
916 0.371875
917 0.3375
918 0.371875
919 0.371875
920 0.303125
921 0.325
922 0.346875
923 0.36875
924 0.371875
925 0.353125
926 0.359375
927 0.353125
928 0.390625
929 0.325
930 0.290625
931 0.4
932 0.36875
933 0.371875
934 0.296875
935 0.353125
936 0.33125
937 0.315625
938 0.3875
939 0.31875
940 0.340625
941 0.3125
942 0.340625
943 0.375
944 0.321875
945 0.334375
946 0.35
947 0.371875
948 0.36875
949 0.328125
950 0.35625
951 0.340625
952 0.4
953 0.38125
954 0.371875
955 0.353125
956 0.309375
957 0.378125
958 0.284375
959 0.378125
960 0.353125
961 0.3625
962 0.3625
963 0.35
964 0.4125
965 0.38125
966 0.440625
967 0.34375
968 0.31875
969 0.36875
970 0.378125
971 0.353125
972 0.278125
973 0.328125
974 0.321875
975 0.29375
976 0.328125
977 0.328125
978 0.321875
979 0.309375
980 0.321875
981 0.303125
982 0.309375
983 0.38125
984 0.3625
985 0.33125
986 0.303125
987 0.378125
988 0.421875
989 0.3375
990 0.378125
991 0.365625
992 0.390625
993 0.346875
994 0.30625
995 0.3375
996 0.353125
997 0.334375
998 0.346875
999 0.26875
1000 0.290625
