1 7.7318172
2 7.698365
3 7.5888906
4 7.467326
5 7.352662
6 7.2012863
7 6.9073033
8 6.533867
9 6.327477
10 6.104989
11 5.8034463
12 5.821361
13 5.9210143
14 5.6141734
15 5.6200285
16 5.882387
17 5.2611895
18 5.4800835
19 5.45486
20 5.4349494
21 5.639858
22 5.270764
23 5.4897943
24 5.3471766
25 5.1975083
26 5.3950205
27 5.5164857
28 5.3576303
29 5.4338
30 5.2988577
31 5.3808007
32 5.245616
33 5.2823896
34 5.2891383
35 5.3560843
36 5.363088
37 5.2928762
38 5.207351
39 5.3119955
40 5.1865172
41 5.2460413
42 5.20456
43 5.162888
44 5.105805
45 5.290696
46 5.21376
47 5.1600366
48 5.285063
49 5.1582365
50 5.2836895
51 5.0778832
52 5.2886353
53 5.2578006
54 5.528937
55 5.291691
56 5.199132
57 5.2939425
58 5.339039
59 5.079756
60 5.2152286
61 5.131278
62 5.1760035
63 5.25992
64 5.08916
65 5.036415
66 5.2501945
67 5.044563
68 5.1561728
69 5.1227093
70 5.1111283
71 4.89273
72 5.06909
73 5.257279
74 4.9392323
75 4.978812
76 4.9226685
77 5.1121383
78 4.984482
79 5.044597
80 4.976841
81 4.993377
82 4.9636006
83 5.094138
84 5.184155
85 5.071973
86 5.0259647
87 4.9402504
88 4.872216
89 5.034275
90 5.074724
91 4.886089
92 4.9593377
93 4.9817786
94 5.0112224
95 4.817743
96 4.8457227
97 4.9046516
98 4.8570313
99 4.7744455
100 4.838471
101 4.7694497
102 4.7773385
103 4.792937
104 4.789234
105 4.999018
106 4.699206
107 4.6420803
108 4.753314
109 4.893478
110 4.952343
111 4.917339
112 4.716144
113 4.765276
114 4.902395
115 4.8840065
116 4.5559587
117 4.581034
118 4.718244
119 4.609339
120 4.6603026
121 4.952575
122 4.901274
123 4.8417087
124 4.654814
125 4.7140903
126 4.873689
127 4.803146
128 4.620251
129 4.8529587
130 4.689036
131 4.717154
132 4.8020754
133 4.661219
134 4.7536325
135 4.6017547
136 4.6817455
137 4.588366
138 4.4799285
139 4.305648
140 4.4320335
141 4.706449
142 4.558704
143 4.8257666
144 4.482778
145 4.477148
146 4.4289217
147 4.378808
148 4.268264
149 4.5469356
150 4.4976172
151 4.492373
152 4.362373
153 4.4220243
154 4.3843994
155 4.4960628
156 4.472634
157 4.449597
158 4.512601
159 4.3168335
160 4.365984
161 4.2963924
162 4.3668118
163 4.32797
164 4.377918
165 4.646306
166 4.361549
167 4.344999
168 4.305384
169 4.6028137
170 4.4889264
171 4.6169176
172 4.353284
173 4.4726477
174 4.5130897
175 4.481571
176 4.321001
177 4.5220485
178 4.4179115
179 4.3992906
180 4.49766
181 4.2090216
182 4.4093494
183 4.253512
184 4.2372932
185 4.3620477
186 4.171492
187 4.3066015
188 4.2749186
189 4.09823
190 4.0334215
191 4.2705708
192 4.328217
193 4.4792423
194 4.388375
195 4.6262903
196 4.186071
197 4.132193
198 4.2663946
199 4.1808224
200 4.2715006
201 4.253098
202 4.4223647
203 4.2550364
204 4.1006737
205 4.1475554
206 4.339784
207 3.9978392
208 4.234306
209 4.329262
210 4.0901456
211 4.33469
212 4.4588766
213 4.3217535
214 4.216113
215 4.2995334
216 4.4147115
217 4.3656955
218 4.2230153
219 4.383794
220 4.3470674
221 4.096004
222 4.0072246
223 4.1805663
224 4.054447
225 4.150392
226 3.8968942
227 4.115094
228 4.276859
229 4.1811213
230 4.0291414
231 3.9509377
232 4.456969
233 4.223707
234 4.1760855
235 4.1943245
236 4.1048026
237 4.042774
238 4.139027
239 4.2145596
240 4.15389
241 4.1085753
242 4.090734
243 4.0150456
244 4.125523
245 3.8907435
246 4.2016873
247 4.330487
248 4.0673847
249 4.2497964
250 4.261446
251 4.04846
252 3.963096
253 4.073596
254 4.138368
255 4.321999
256 4.0022016
257 3.9319794
258 3.9347289
259 4.3597655
260 4.01254
261 3.9670577
262 4.16738
263 4.0353827
264 4.0467362
265 3.9706714
266 4.053692
267 4.265143
268 4.2827344
269 4.1128716
270 4.315482
271 4.3711476
272 4.4448395
273 4.0655007
274 4.3363647
275 4.1419234
276 4.067708
277 4.1835637
278 4.0432544
279 3.8785207
280 4.0585794
281 3.9777482
282 4.1894555
283 4.1498084
284 4.107139
285 4.0229926
286 4.0372453
287 3.9523618
288 3.8846984
289 4.1669993
290 3.83524
291 3.8716414
292 3.8543725
293 3.8390353
294 3.8012533
295 3.954413
296 3.7522783
297 3.8476694
298 4.160803
299 3.975271
300 3.92432
301 3.866048
302 4.052599
303 4.052944
304 4.2032895
305 4.1643257
306 3.8631825
307 4.0804725
308 3.7643018
309 3.6884215
310 4.0802927
311 3.7769983
312 3.928793
313 3.7844665
314 3.8824167
315 3.6080546
316 3.6891916
317 4.104583
318 4.1604714
319 4.003075
320 4.103972
321 3.8582652
322 4.1569204
323 4.092973
324 3.9521806
325 3.8090065
326 4.0387564
327 3.9236755
328 4.035729
329 3.9021652
330 3.7252367
331 4.0140715
332 3.9507558
333 3.8736298
334 3.8828585
335 3.914634
336 3.830129
337 3.9669397
338 4.1476665
339 3.9497597
340 3.7650008
341 3.9072983
342 3.9659379
343 3.6558042
344 3.6518052
345 4.011562
346 3.6916811
347 4.021676
348 4.2556167
349 4.05595
350 4.118245
351 4.101422
352 3.7118843
353 3.8437943
354 4.037821
355 3.7309396
356 4.063647
357 3.8527431
358 3.8447144
359 3.939565
360 3.7753935
361 3.7682068
362 3.8315234
363 4.140623
364 3.7870498
365 3.829362
366 4.157423
367 3.9053524
368 4.108249
369 3.72805
370 3.9738514
371 3.8197026
372 4.1647468
373 4.1916428
374 3.8440526
375 3.6532426
376 4.075903
377 3.833377
378 3.6757073
379 3.670082
380 4.189026
381 3.8787603
382 3.9604073
383 3.8346305
384 3.6915612
385 3.836949
386 3.9695354
387 3.9242074
388 3.8838143
389 3.842869
390 3.9123054
391 4.05548
392 3.8898385
393 3.6918724
394 3.8607948
395 3.6142786
396 3.6861887
397 3.3935046
398 3.9315364
399 3.73321
400 3.8498783
401 3.9400847
402 3.8915634
403 3.6323211
404 3.9462671
405 3.9465687
406 3.6610131
407 3.8377805
408 3.6666937
409 3.7680402
410 3.5598278
411 3.797753
412 3.632821
413 3.8567047
414 3.7358985
415 4.024541
416 3.7864313
417 4.113765
418 4.0555477
419 3.703179
420 4.1435995
421 3.6617866
422 3.7950993
423 3.664113
424 3.7791529
425 3.8169534
426 3.8728125
427 3.6144872
428 3.7835832
429 3.7813628
430 3.835578
431 3.7038665
432 3.8444116
433 3.7597382
434 3.7863927
435 3.8030078
436 3.741359
437 3.6185231
438 3.672665
439 3.6864436
440 3.937585
441 4.1370707
442 4.214881
443 3.732925
444 3.9271626
445 3.975787
446 4.246983
447 3.7056234
448 3.912325
449 3.5880344
450 3.6775947
451 3.7256734
452 3.8856378
453 3.8139226
454 3.899881
455 3.7978003
456 3.8164077
457 4.1592674
458 3.8547645
459 3.9542606
460 3.6747067
461 3.68588
462 3.7984383
463 3.8263927
464 3.879356
465 3.842454
466 3.7941058
467 3.68131
468 3.3897521
469 3.8297863
470 3.6856997
471 3.3941085
472 3.6834784
473 3.923328
474 3.7359784
475 3.7464285
476 3.6182232
477 3.6318092
478 3.7531497
479 4.0107913
480 3.7587478
481 3.8978348
482 3.9150193
483 3.9723272
484 3.7117193
485 3.8678544
486 3.7080257
487 3.668869
488 3.7004702
489 3.8865843
490 3.654482
491 3.7410202
492 3.5986307
493 3.910064
494 3.6061697
495 3.1412675
496 3.885799
497 3.7800558
498 3.7389042
499 3.770007
500 3.6188126
501 3.767485
502 3.7551985
503 3.6258435
504 3.8249412
505 3.6688955
506 3.7857037
507 3.929079
508 3.6944356
509 3.797614
510 3.7128515
511 4.0404854
512 3.980796
513 3.73513
514 3.6233187
515 3.8839047
516 3.9593067
517 3.790577
518 3.543559
519 4.0863595
520 3.8570156
521 3.617481
522 3.5816112
523 3.8119507
524 3.7384415
525 3.8163865
526 3.699071
527 3.758541
528 3.7038963
529 4.125619
530 3.7341285
531 3.9686792
532 3.9683692
533 3.6760154
534 4.0655785
535 3.725863
536 3.6150103
537 3.7625217
538 3.500457
539 3.5568776
540 3.552845
541 3.831887
542 3.915491
543 3.5632927
544 3.7942975
545 3.747915
546 3.7582335
547 3.637789
548 3.8151505
549 3.7597876
550 3.9556313
551 4.052249
552 3.4552917
553 3.6466558
554 3.7471483
555 3.920565
556 3.7319393
557 3.722957
558 3.5831418
559 3.8624992
560 3.956986
561 3.646198
562 3.6872816
563 3.4655643
564 3.4522412
565 3.7284222
566 3.5229645
567 3.7221029
568 4.0526004
569 3.929558
570 3.9323773
571 3.8862998
572 3.6150804
573 3.8549583
574 3.80872
575 3.9215024
576 3.6039288
577 3.856748
578 3.6879253
579 3.7686117
580 3.8089843
581 3.849085
582 3.657305
583 3.801149
584 3.757684
585 3.566574
586 3.9123554
587 3.709041
588 3.7337198
589 3.701966
590 3.7963552
591 3.793466
592 3.8307137
593 3.8459964
594 3.5445895
595 3.7360911
596 3.6611288
597 3.6123586
598 3.8011866
599 3.9338875
600 3.1875598
601 3.5985422
602 3.5638027
603 3.5090644
604 3.6150284
605 3.6545086
606 3.4606338
607 3.7464476
608 3.4353561
609 3.4483092
610 3.4742463
611 3.5056775
612 3.743511
613 3.7100246
614 3.5504425
615 3.7515943
616 3.5766165
617 3.7625039
618 3.9061828
619 3.747603
620 3.7227726
621 3.967854
622 3.5659788
623 4.001806
624 3.6499581
625 3.491998
626 3.869311
627 3.8526914
628 3.5828588
629 3.7017941
630 3.9513059
631 3.9798536
632 3.6029568
633 3.7556515
634 3.735761
635 3.4765887
636 3.5205116
637 3.7386737
638 3.578092
639 3.6769571
640 3.7067661
641 3.8157494
642 3.7145424
643 3.8719947
644 3.724412
645 3.5977683
646 3.7219253
647 3.6050274
648 3.5405986
649 3.621275
650 3.669739
651 3.8245578
652 3.7207
653 3.95019
654 3.9286997
655 4.043255
656 3.6360967
657 3.7003741
658 3.4645743
659 3.7139595
660 3.6226318
661 3.6890123
662 3.6733272
663 3.7143667
664 3.6147678
665 3.5588703
666 3.5500817
667 3.590316
668 3.8184502
669 3.5160737
670 3.5019038
671 3.7215543
672 3.7290235
673 3.782956
674 3.6311805
675 3.5766282
676 3.6979089
677 3.5831866
678 3.9513474
679 3.709826
680 3.5268846
681 3.6549199
682 3.5506134
683 3.693809
684 3.6272407
685 3.4770389
686 3.586756
687 3.622781
688 3.547203
689 3.6709154
690 3.353464
691 3.5897644
692 3.637753
693 3.6649444
694 3.8211477
695 3.7038977
696 3.6564755
697 3.7397103
698 3.5667326
699 3.8016617
700 3.6216264
701 3.7555995
702 3.7367685
703 3.6260257
704 3.7258203
705 3.6448495
706 3.710035
707 3.6879013
708 3.7747526
709 3.7764964
710 3.9234958
711 3.6823816
712 3.4334562
713 3.4481924
714 3.7296438
715 3.6890628
716 3.685227
717 3.7220814
718 3.5969386
719 3.512822
720 3.613423
721 4.0249424
722 3.6652071
723 3.2384095
724 3.3717883
725 3.5129657
726 3.4677975
727 3.6009073
728 3.728235
729 3.6273954
730 3.8282807
731 3.719973
732 3.6153722
733 3.6588497
734 3.8340006
735 3.5008168
736 3.5774672
737 3.7173066
738 3.584279
739 3.7157257
740 3.6229155
741 3.423847
742 3.4307828
743 3.6467707
744 3.5650527
745 3.5980868
746 3.7776604
747 3.6520016
748 3.7039766
749 3.4063256
750 3.5538838
751 3.7259552
752 3.8977969
753 3.622624
754 3.652222
755 3.5289605
756 3.5468848
757 3.5676968
758 3.689103
759 3.5031033
760 3.466648
761 3.5312178
762 3.3353539
763 3.3265345
764 3.720123
765 3.526015
766 3.7732725
767 3.6172578
768 3.4606202
769 3.6721058
770 3.5635858
771 3.3651092
772 3.4557652
773 3.7557247
774 3.5304096
775 3.6967485
776 3.9007316
777 3.6056485
778 3.6112075
779 3.4680955
780 3.6091034
781 3.6545808
782 3.447487
783 3.4749136
784 3.6795888
785 3.8140488
786 3.5883133
787 3.5342565
788 3.4755154
789 3.3649004
790 3.5433025
791 3.538186
792 3.6829603
793 3.471993
794 3.6128159
795 3.4770706
796 3.520697
797 3.8022704
798 3.6489773
799 3.6073835
800 3.9262033
801 3.5630271
802 3.6755114
803 3.6350102
804 3.480653
805 3.648895
806 3.7735393
807 3.7353373
808 3.7381847
809 3.6535025
810 3.7638285
811 3.8778675
812 3.60117
813 3.6509626
814 3.8038259
815 3.992866
816 3.5024562
817 4.079711
818 3.9467552
819 3.7243009
820 3.6346824
821 3.8643632
822 3.3384566
823 3.4866614
824 3.3000293
825 3.5467124
826 3.4570115
827 3.487351
828 3.601631
829 3.615113
830 3.4990313
831 3.4260364
832 3.7485974
833 3.5283566
834 3.5054297
835 3.3923368
836 3.622212
837 3.6021333
838 3.2717013
839 3.7419345
840 3.7552786
841 3.608574
842 3.5774565
843 3.6645908
844 3.7246063
845 3.658871
846 3.600735
847 3.5203662
848 3.6975513
849 3.940447
850 3.7280734
851 3.7376926
852 3.5404751
853 3.6472602
854 3.477302
855 3.760175
856 3.5108252
857 3.3976634
858 3.660981
859 3.9270177
860 3.334044
861 3.5422466
862 3.4486256
863 3.4731843
864 3.3775208
865 3.4200053
866 3.432455
867 3.5328524
868 3.3620262
869 3.6540148
870 3.557767
871 3.3436902
872 3.6204455
873 3.5395606
874 3.3446553
875 3.7893012
876 3.6455898
877 3.365561
878 3.4026842
879 3.57857
880 3.817335
881 3.6967912
882 3.4514565
883 3.5270917
884 3.6387944
885 3.520092
886 3.7675276
887 3.5059295
888 3.7751467
889 3.765862
890 3.8107262
891 3.6718857
892 3.653903
893 3.6248183
894 3.3320673
895 3.7567325
896 3.6221647
897 3.5880406
898 3.5455768
899 3.7398098
900 3.598695
901 3.6816967
902 3.3645797
903 3.5917675
904 3.6537542
905 3.658448
906 3.5724776
907 3.4049406
908 3.671756
909 3.51518
910 3.6231112
911 3.3623831
912 3.5703487
913 3.6225765
914 3.764916
915 3.6866019
916 3.4433808
917 3.6453755
918 3.4519103
919 3.45812
920 3.7031338
921 3.6079102
922 3.5245044
923 3.54049
924 3.5005667
925 3.4348114
926 3.3449807
927 3.5389569
928 3.3566692
929 3.5542464
930 3.7091315
931 3.3041816
932 3.6131082
933 3.2149563
934 3.5642502
935 3.5226111
936 3.6998138
937 3.618767
938 3.4002671
939 3.5545607
940 3.4820893
941 3.5322862
942 3.4744492
943 3.3513007
944 3.5374994
945 3.5903642
946 3.7366152
947 3.4129658
948 3.2489874
949 3.5878348
950 3.363996
951 3.4602807
952 3.2266722
953 3.3833604
954 3.4660063
955 3.4475586
956 3.6487346
957 3.4334266
958 3.7661793
959 3.3678334
960 3.3278391
961 3.4518437
962 3.4164903
963 3.506898
964 3.1480725
965 3.4142208
966 2.9642684
967 3.4462347
968 3.6295695
969 3.4038403
970 3.3187118
971 3.4458427
972 3.6439168
973 3.5436752
974 3.664198
975 3.7320693
976 3.4317212
977 3.5355568
978 3.4048915
979 3.6728702
980 3.6697829
981 3.7378926
982 3.7215612
983 3.3279998
984 3.3445215
985 3.3516002
986 3.6221392
987 3.2375724
988 3.0534399
989 3.4846501
990 3.365807
991 3.396994
992 3.2593732
993 3.4187465
994 3.4456704
995 3.4366987
996 3.453801
997 3.56802
998 3.5372686
999 3.6987503
1000 3.67076
