1 5.3592873
2 5.3361
3 5.260218
4 5.1759562
5 5.096477
6 4.9915514
7 4.787778
8 4.5289316
9 4.385873
10 4.231656
11 4.0226426
12 4.03506
13 4.1041346
14 3.8914485
15 3.895507
16 4.07736
17 3.6467788
18 3.7985046
19 3.781021
20 3.76722
21 3.9092515
22 3.6534152
23 3.8052354
24 3.7063804
25 3.6026382
26 3.7395432
27 3.8237367
28 3.7136264
29 3.7664235
30 3.6728883
31 3.7296867
32 3.635984
33 3.6614735
34 3.6661515
35 3.712555
36 3.7174096
37 3.6687424
38 3.6094608
39 3.681995
40 3.5950198
41 3.6362786
42 3.607526
43 3.5786414
44 3.5390744
45 3.6672313
46 3.613903
47 3.5766647
48 3.6633263
49 3.575417
50 3.6623745
51 3.5197206
52 3.6658027
53 3.6444297
54 3.832367
55 3.6679206
56 3.6037636
57 3.6694813
58 3.7007396
59 3.5210185
60 3.6149209
61 3.556731
62 3.5877323
63 3.6458988
64 3.5275369
65 3.4909768
66 3.6391575
67 3.4966245
68 3.5739865
69 3.5507915
70 3.5427642
71 3.3913822
72 3.5136254
73 3.6440682
74 3.423615
75 3.4510498
76 3.4121337
77 3.5434642
78 3.4549794
79 3.4966483
80 3.4496834
81 3.4611454
82 3.440506
83 3.5309875
84 3.5933824
85 3.5156236
86 3.4837334
87 3.4243207
88 3.377163
89 3.4894936
90 3.517531
91 3.3867786
92 3.437551
93 3.453106
94 3.4735146
95 3.339405
96 3.358799
97 3.3996456
98 3.3666377
99 3.3093936
100 3.3537726
101 3.3059306
102 3.3113987
103 3.3222108
104 3.3196442
105 3.4650555
106 3.2572415
107 3.217645
108 3.2947464
109 3.3919005
110 3.4327025
111 3.4084396
112 3.268982
113 3.3030376
114 3.3980813
115 3.3853354
116 3.15795
117 3.175331
118 3.2704377
119 3.1949506
120 3.2302756
121 3.4328637
122 3.3973045
123 3.3560169
124 3.226471
125 3.2675583
126 3.3781838
127 3.329287
128 3.2025142
129 3.3638146
130 3.2501922
131 3.269682
132 3.328545
133 3.2309108
134 3.2949672
135 3.1896935
136 3.2451386
137 3.180413
138 3.10525
139 2.9844477
140 3.0720515
141 3.2622619
142 3.1598527
143 3.3449664
144 3.107225
145 3.1033225
146 3.0698948
147 3.0351586
148 2.958535
149 3.1516955
150 3.1175108
151 3.1138759
152 3.0237665
153 3.0651138
154 3.0390341
155 3.1164334
156 3.1001937
157 3.0842257
158 3.1278968
159 2.9922009
160 3.0262694
161 2.9780324
162 3.0268433
163 2.9999201
164 3.0345414
165 3.220574
166 3.0231955
167 3.0117238
168 2.9842649
169 3.1904273
170 3.1114867
171 3.2002034
172 3.0174665
173 3.1002033
174 3.1282353
175 3.1063883
176 2.9950898
177 3.1344452
178 3.062263
179 3.0493557
180 3.1175404
181 2.9174714
182 3.0563283
183 2.94831
184 2.9370677
185 3.0235412
186 2.891458
187 2.9851089
188 2.9631476
189 2.8406765
190 2.7957547
191 2.960134
192 3.0000916
193 3.1047742
194 3.0417895
195 3.2067
196 2.9015634
197 2.864218
198 2.9572394
199 2.8979254
200 2.9607787
201 2.948023
202 3.0653496
203 2.9493666
204 2.8423705
205 2.8748665
206 3.008109
207 2.771091
208 2.934997
209 3.0008156
210 2.835073
211 3.0045784
212 3.0906577
213 2.9956112
214 2.922387
215 2.9802096
216 3.0600448
217 3.0260696
218 2.9271712
219 3.0386145
220 3.0131576
221 2.8391337
222 2.7775965
223 2.8977478
224 2.8103287
225 2.8768325
226 2.7011213
227 2.852366
228 2.9644928
229 2.8981326
230 2.792788
231 2.7385814
232 3.0893354
233 2.927651
234 2.8946419
235 2.9072843
236 2.8452325
237 2.8022375
238 2.868955
239 2.9213102
240 2.8792572
241 2.8478475
242 2.835481
243 2.7830176
244 2.8595946
245 2.696858
246 2.9123876
247 3.0016646
248 2.8192964
249 2.9457345
250 2.9538093
251 2.8061786
252 2.7470088
253 2.8236015
254 2.868498
255 2.9957817
256 2.7741146
257 2.7254405
258 2.7273462
259 3.0219593
260 2.7812808
261 2.749755
262 2.8886075
263 2.7971144
264 2.8049839
265 2.7522597
266 2.8098052
267 2.9563718
268 2.9685655
269 2.8508253
270 2.9912643
271 3.0298486
272 3.080928
273 2.8179905
274 3.005739
275 2.8709626
276 2.8195202
277 2.8998256
278 2.8025703
279 2.6883857
280 2.8131928
281 2.757165
282 2.9039094
283 2.8764281
284 2.846852
285 2.788526
286 2.7984052
287 2.7395685
288 2.6926677
289 2.8883438
290 2.6583858
291 2.6836174
292 2.6716475
293 2.6610165
294 2.634828
295 2.7409902
296 2.600881
297 2.6670012
298 2.8840487
299 2.7554479
300 2.7201314
301 2.6797404
302 2.8090475
303 2.8092868
304 2.9134984
305 2.8864908
306 2.6777542
307 2.828368
308 2.6092153
309 2.556619
310 2.8282435
311 2.6180158
312 2.7232318
313 2.6231923
314 2.6910863
315 2.500913
316 2.5571527
317 2.84508
318 2.883819
319 2.7747204
320 2.8446567
321 2.6743457
322 2.8813577
323 2.837033
324 2.7394428
325 2.640202
326 2.7994525
327 2.7196846
328 2.7973542
329 2.7047749
330 2.5821373
331 2.7823422
332 2.7384553
333 2.6849957
334 2.6913924
335 2.7134175
336 2.654843
337 2.7496731
338 2.8749433
339 2.7377648
340 2.6096997
341 2.7083328
342 2.7489786
343 2.5340104
344 2.5312386
345 2.7806027
346 2.5588784
347 2.7876134
348 2.9497688
349 2.8113704
350 2.85455
351 2.842889
352 2.5728822
353 2.6643152
354 2.7988043
355 2.5860903
356 2.8167052
357 2.6705182
358 2.664953
359 2.7306983
360 2.6169033
361 2.611922
362 2.6558096
363 2.8700612
364 2.6249828
365 2.6543114
366 2.8817062
367 2.706984
368 2.8476214
369 2.5840874
370 2.754464
371 2.6476161
372 2.8867824
373 2.9054255
374 2.6644943
375 2.532235
376 2.8252008
377 2.6570945
378 2.5478063
379 2.5439072
380 2.9036117
381 2.688552
382 2.745145
383 2.6579633
384 2.5587952
385 2.6595705
386 2.7514722
387 2.7200534
388 2.692055
389 2.6636739
390 2.7118034
391 2.8110447
392 2.6962306
393 2.559011
394 2.676099
395 2.505227
396 2.5550714
397 2.3521981
398 2.7251334
399 2.5876641
400 2.6685324
401 2.7310586
402 2.6974263
403 2.517733
404 2.735344
405 2.735553
406 2.537621
407 2.6601467
408 2.5415585
409 2.6118064
410 2.4674847
411 2.632402
412 2.5180798
413 2.673264
414 2.5895276
415 2.7895992
416 2.6245542
417 2.8514445
418 2.8110914
419 2.566848
420 2.8721244
421 2.538157
422 2.6305623
423 2.5397696
424 2.6195092
425 2.6457105
426 2.6844292
427 2.5053716
428 2.62258
429 2.621041
430 2.65862
431 2.5673246
432 2.6647432
433 2.606052
434 2.6245275
435 2.6360443
436 2.5933125
437 2.5081692
438 2.5456975
439 2.555248
440 2.729326
441 2.8675988
442 2.9215329
443 2.5874665
444 2.7221017
445 2.7558055
446 2.9437845
447 2.5685425
448 2.711817
449 2.487036
450 2.5491145
451 2.5824401
452 2.6933188
453 2.6436098
454 2.7031915
455 2.6324346
456 2.6453323
457 2.8829844
458 2.671919
459 2.7408845
460 2.5471127
461 2.5548573
462 2.6328769
463 2.6522534
464 2.6889646
465 2.663386
466 2.6298738
467 2.5516896
468 2.3495972
469 2.6546056
470 2.5547323
471 2.3526168
472 2.5531926
473 2.7194438
474 2.589583
475 2.5968263
476 2.5079613
477 2.5173783
478 2.6014853
479 2.7800689
480 2.6053655
481 2.7017732
482 2.7136846
483 2.7534075
484 2.5727677
485 2.6809924
486 2.5702076
487 2.5430663
488 2.5649705
489 2.693975
490 2.533094
491 2.5930777
492 2.4943807
493 2.71025
494 2.4996064
495 2.1773608
496 2.6934307
497 2.620135
498 2.591611
499 2.6131697
500 2.5083697
501 2.6114216
502 2.6029053
503 2.5132432
504 2.6512473
505 2.5430846
506 2.62405
507 2.7234302
508 2.5607877
509 2.6323056
510 2.5735526
511 2.800651
512 2.7592776
513 2.588995
514 2.5114932
515 2.6921177
516 2.7443824
517 2.6274278
518 2.456208
519 2.8324485
520 2.6734796
521 2.5074468
522 2.4825838
523 2.642243
524 2.5912902
525 2.6453176
526 2.5640006
527 2.6052222
528 2.5673454
529 2.859661
530 2.5883007
531 2.7508788
532 2.750664
533 2.5480196
534 2.8180444
535 2.5825715
536 2.5057342
537 2.6079814
538 2.426332
539 2.4654398
540 2.4626446
541 2.6560616
542 2.7140117
543 2.4698863
544 2.6300066
545 2.5978568
546 2.605009
547 2.5215232
548 2.644461
549 2.6060863
550 2.7418346
551 2.808805
552 2.3950257
553 2.5276692
554 2.5973253
555 2.7175286
556 2.5867832
557 2.580557
558 2.4836447
559 2.6772804
560 2.7427738
561 2.5273519
562 2.5558288
563 2.402146
564 2.3929112
565 2.5843453
566 2.441933
567 2.579965
568 2.8090484
569 2.723762
570 2.7257164
571 2.6937778
572 2.5057828
573 2.6720536
574 2.6400037
575 2.7181783
576 2.498053
577 2.673294
578 2.5562751
579 2.6122026
580 2.6401868
581 2.6679826
582 2.5350506
583 2.6347556
584 2.604628
585 2.4721608
586 2.7118382
587 2.5709114
588 2.5880175
589 2.5660074
590 2.631433
591 2.6294303
592 2.6552484
593 2.6658416
594 2.4569223
595 2.5896611
596 2.5377011
597 2.5038962
598 2.6347818
599 2.726763
600 2.209448
601 2.4943194
602 2.4702399
603 2.4322982
604 2.5057468
605 2.5331123
606 2.3987286
607 2.5968397
608 2.3812075
609 2.3901858
610 2.408164
611 2.4299505
612 2.594804
613 2.571593
614 2.4609792
615 2.6004071
616 2.4791217
617 2.607969
618 2.7075596
619 2.5976405
620 2.5804293
621 2.7503068
622 2.471748
623 2.7738404
624 2.5299582
625 2.4204686
626 2.682002
627 2.6704822
628 2.4834485
629 2.5658882
630 2.7388365
631 2.7586243
632 2.4973793
633 2.6032193
634 2.5894322
635 2.4097877
636 2.4402328
637 2.5914512
638 2.4801445
639 2.5486724
640 2.5693345
641 2.644876
642 2.5747247
643 2.6838622
644 2.5815656
645 2.493783
646 2.579842
647 2.4988146
648 2.454156
649 2.5100765
650 2.5436692
651 2.6509814
652 2.5789928
653 2.738063
654 2.7231672
655 2.8025706
656 2.5203502
657 2.564904
658 2.40146
659 2.5743206
660 2.511017
661 2.5570285
662 2.5461564
663 2.5746028
664 2.5055661
665 2.466821
666 2.4607291
667 2.4886174
668 2.646748
669 2.4371567
670 2.4273348
671 2.5795848
672 2.584762
673 2.6221452
674 2.5169425
675 2.4791298
676 2.5631952
677 2.4836757
678 2.7388654
679 2.5714555
680 2.4446502
681 2.5333974
682 2.4610977
683 2.5603533
684 2.5142117
685 2.4100997
686 2.4861498
687 2.5111206
688 2.4587338
689 2.5444846
690 2.324444
691 2.488235
692 2.5214982
693 2.540346
694 2.6486177
695 2.5673463
696 2.5344758
697 2.5921698
698 2.4722707
699 2.635111
700 2.5103202
701 2.6031833
702 2.5901306
703 2.5133696
704 2.582542
705 2.5264173
706 2.5716004
707 2.5562584
708 2.6164591
709 2.617668
710 2.7195601
711 2.5524325
712 2.3798904
713 2.3901048
714 2.5851922
715 2.5570636
716 2.5544047
717 2.5799503
718 2.493208
719 2.4349027
720 2.5046341
721 2.7898774
722 2.540528
723 2.2446945
724 2.3371456
725 2.4350023
726 2.4036942
727 2.4959588
728 2.5842156
729 2.514319
730 2.653562
731 2.5784888
732 2.505985
733 2.5361214
734 2.6575267
735 2.4265814
736 2.4797113
737 2.5766406
738 2.484433
739 2.5755448
740 2.5112138
741 2.37323
742 2.3780375
743 2.5277488
744 2.4711063
745 2.4940038
746 2.6184747
747 2.5313747
748 2.567401
749 2.361085
750 2.4633646
751 2.5826354
752 2.701747
753 2.5110116
754 2.5315273
755 2.446089
756 2.4585133
757 2.472939
758 2.5570912
759 2.4281662
760 2.4028974
761 2.4476538
762 2.311891
763 2.305778
764 2.5785928
765 2.4440475
766 2.6154332
767 2.507292
768 2.398719
769 2.5453098
770 2.4700894
771 2.332516
772 2.395354
773 2.60327
774 2.4470935
775 2.5623908
776 2.7037811
777 2.4992452
778 2.5030982
779 2.4039006
780 2.5016398
781 2.5331624
782 2.389616
783 2.4086266
784 2.5504966
785 2.6436973
786 2.4872293
787 2.44976
788 2.4090438
789 2.3323712
790 2.4560301
791 2.4524837
792 2.5528336
793 2.4066021
794 2.504213
795 2.4101217
796 2.4403613
797 2.635533
798 2.5292783
799 2.5004478
800 2.7214367
801 2.4697022
802 2.5476704
803 2.519597
804 2.4126048
805 2.5292213
806 2.6156182
807 2.5891385
808 2.5911121
809 2.532415
810 2.6088872
811 2.687933
812 2.496141
813 2.5306544
814 2.6366112
815 2.767644
816 2.4277177
817 2.82784
818 2.7356822
819 2.5814886
820 2.5193698
821 2.6785724
822 2.3140419
823 2.4167695
824 2.287406
825 2.4583938
826 2.3962178
827 2.4172475
828 2.4964604
829 2.5058055
830 2.4253438
831 2.3747475
832 2.5983298
833 2.4456704
834 2.4297788
835 2.3513887
836 2.510726
837 2.4968085
838 2.2677705
839 2.5937114
840 2.6029608
841 2.501273
842 2.479704
843 2.5401008
844 2.5817003
845 2.5361362
846 2.4958394
847 2.440132
848 2.5629473
849 2.73131
850 2.5841036
851 2.5907712
852 2.4540703
853 2.528088
854 2.4102821
855 2.6063547
856 2.4335186
857 2.3550808
858 2.5375986
859 2.7220013
860 2.3109832
861 2.4552982
862 2.3904052
863 2.407428
864 2.341119
865 2.370567
866 2.3791966
867 2.4487867
868 2.330379
869 2.5327702
870 2.466056
871 2.3176694
872 2.5095017
873 2.4534364
874 2.3183384
875 2.6265435
876 2.5269303
877 2.3328292
878 2.358561
879 2.4804757
880 2.6459749
881 2.5624204
882 2.3923674
883 2.4447937
884 2.5222201
885 2.439942
886 2.6114511
887 2.4301252
888 2.6167324
889 2.6102967
890 2.6413941
891 2.5451572
892 2.5326927
893 2.5125327
894 2.309613
895 2.6039686
896 2.5106933
897 2.4870403
898 2.4576066
899 2.5922387
900 2.4944253
901 2.5519576
902 2.332149
903 2.4896235
904 2.5325894
905 2.535843
906 2.4762528
907 2.360125
908 2.5450673
909 2.4365373
910 2.5113494
911 2.3306265
912 2.4747772
913 2.5109787
914 2.6096408
915 2.5553577
916 2.3867698
917 2.5267818
918 2.3926818
919 2.3969862
920 2.5668168
921 2.5008128
922 2.4430003
923 2.4540806
924 2.426408
925 2.3808298
926 2.318564
927 2.453018
928 2.3266659
929 2.463616
930 2.570974
931 2.2902842
932 2.5044158
933 2.228438
934 2.47055
935 2.441688
936 2.5645156
937 2.5083382
938 2.3568857
939 2.4638338
940 2.4136004
941 2.4483943
942 2.4083047
943 2.3229446
944 2.4520078
945 2.4886508
946 2.5900242
947 2.3656876
948 2.2520266
949 2.4868977
950 2.3317444
951 2.3984838
952 2.2365587
953 2.3451667
954 2.4024525
955 2.3896656
956 2.5291102
957 2.37987
958 2.6105165
959 2.3344042
960 2.3066823
961 2.3926358
962 2.3681307
963 2.4307964
964 2.1820776
965 2.3665576
966 2.0546744
967 2.388748
968 2.515826
969 2.3593624
970 2.3003557
971 2.3884761
972 2.5257707
973 2.4562886
974 2.5398285
975 2.5868733
976 2.3786879
977 2.4506612
978 2.360091
979 2.5458395
980 2.5436997
981 2.5909097
982 2.5795896
983 2.3067937
984 2.3182456
985 2.3231523
986 2.5106757
987 2.2441142
988 2.1164832
989 2.4153755
990 2.3329997
991 2.3546169
992 2.2592254
993 2.3696945
994 2.3883567
995 2.382138
996 2.3939924
997 2.4731631
998 2.4518478
999 2.5637784
1000 2.5443769
