1 204.23203
2 203.60571
3 203.22665
4 202.40425
5 200.28731
6 196.56152
7 187.86914
8 171.47491
9 149.09308
10 121.085266
11 91.95847
12 67.54608
13 50.40782
14 41.540688
15 38.29215
16 36.98664
17 37.18177
18 37.358387
19 37.345184
20 36.91801
21 37.130478
22 37.339916
23 37.967995
24 38.11992
25 38.23485
26 38.17665
27 38.013283
28 38.002903
29 37.923664
30 38.283516
31 38.37876
32 38.521797
33 38.664715
34 39.38004
35 39.314053
36 39.840607
37 40.21572
38 40.329426
39 40.20598
40 39.98208
41 39.319817
42 38.887978
43 38.18954
44 37.675453
45 37.400433
46 36.262352
47 36.32952
48 35.86497
49 35.919964
50 36.23243
51 36.76054
52 36.94726
53 37.650673
54 38.5698
55 40.094795
56 40.750114
57 41.335854
58 42.67985
59 42.170662
60 40.746662
61 41.21773
62 39.79261
63 40.16217
64 38.64878
65 39.090225
66 38.608467
67 38.900414
68 37.348938
69 37.172493
70 37.130287
71 38.832867
72 35.385468
73 34.529644
74 36.494205
75 34.67164
76 34.252098
77 36.11975
78 35.834766
79 36.78139
80 37.51996
81 37.716198
82 37.362904
83 37.983707
84 36.463737
85 35.919952
86 34.270897
87 33.466114
88 33.156956
89 34.146015
90 35.077404
91 36.388824
92 35.917976
93 37.121044
94 38.97882
95 39.996635
96 39.990265
97 39.82143
98 38.037914
99 37.363045
100 35.010426
101 34.21362
102 33.00914
103 34.247986
104 34.706352
105 35.01043
106 33.71312
107 34.139458
108 35.460426
109 37.16928
110 37.336185
111 37.24365
112 33.158733
113 31.11079
114 32.626804
115 33.0512
116 29.328602
117 29.882257
118 29.591549
119 28.759312
120 31.169922
121 31.814075
122 36.81478
123 36.50522
124 35.777252
125 36.159313
126 38.39116
127 37.25007
128 36.576874
129 36.907158
130 36.386196
131 34.151478
132 32.42062
133 31.333973
134 32.441086
135 30.31282
136 30.19801
137 31.708313
138 31.147068
139 29.34322
140 30.285059
141 31.953968
142 30.612574
143 31.243092
144 29.23502
145 28.990143
146 28.695896
147 28.260508
148 27.11233
149 29.567596
150 26.017826
151 27.087759
152 26.92757
153 25.988739
154 26.96955
155 26.251312
156 28.501312
157 28.040432
158 29.432379
159 29.073978
160 31.099237
161 31.18124
162 30.190165
163 29.399267
164 27.635477
165 26.247173
166 25.390453
167 25.375977
168 24.685928
169 27.697372
170 26.07066
171 27.30537
172 27.754398
173 28.824787
174 26.5154
175 29.012833
176 29.61329
177 29.331213
178 27.618402
179 27.518375
180 28.316334
181 27.529312
182 26.52592
183 26.98058
184 26.664478
185 25.563848
186 25.627956
187 25.039799
188 24.123676
189 23.855682
190 23.579172
191 22.989054
192 25.368696
193 27.050365
194 26.187439
195 29.381332
196 28.95662
197 26.58017
198 27.730026
199 28.024282
200 25.14971
201 24.448318
202 24.885355
203 23.67493
204 23.955578
205 23.180304
206 22.933245
207 21.10947
208 23.711908
209 22.589693
210 22.38286
211 23.953224
212 25.107977
213 25.826447
214 24.410965
215 23.382984
216 24.446636
217 23.25307
218 25.284952
219 25.905285
220 27.492422
221 26.644886
222 25.22391
223 24.988087
224 24.437132
225 24.82097
226 22.834768
227 24.465088
228 23.471415
229 22.281082
230 23.422064
231 21.296473
232 21.824604
233 21.178802
234 21.577911
235 22.896545
236 21.655201
237 22.365887
238 22.442238
239 24.639912
240 22.728525
241 22.01175
242 23.276577
243 23.290886
244 23.392944
245 22.701662
246 23.979082
247 24.886866
248 22.963459
249 22.28655
250 23.185396
251 22.646217
252 22.869888
253 22.497837
254 22.704014
255 23.3422
256 21.786453
257 22.262203
258 20.947702
259 23.064276
260 21.832985
261 21.786423
262 21.580614
263 20.900707
264 20.551802
265 21.532694
266 22.223637
267 21.799929
268 22.35469
269 23.606157
270 22.682163
271 23.38554
272 22.706142
273 24.557404
274 25.214848
275 25.129725
276 24.818624
277 25.666813
278 23.795727
279 23.47535
280 21.794468
281 22.249731
282 22.225063
283 21.937344
284 21.662735
285 21.039734
286 19.919312
287 21.051235
288 19.370691
289 22.810902
290 21.701626
291 21.94355
292 20.496962
293 20.770697
294 20.477987
295 21.098751
296 20.65278
297 21.545784
298 20.627314
299 20.41588
300 21.640026
301 19.708796
302 20.97449
303 21.88272
304 21.741814
305 20.299692
306 20.886282
307 20.330683
308 19.94463
309 20.010418
310 20.191448
311 18.986599
312 19.389154
313 19.30289
314 19.390488
315 18.403034
316 20.261343
317 21.272694
318 21.729496
319 21.816734
320 20.726372
321 20.010426
322 20.005314
323 20.552492
324 21.66145
325 19.425976
326 21.751377
327 21.496578
328 21.622936
329 21.40155
330 21.076553
331 20.612698
332 19.77634
333 19.981947
334 19.762201
335 19.657028
336 20.096493
337 19.319096
338 19.249388
339 18.89631
340 20.584148
341 20.07029
342 20.703823
343 21.67088
344 20.664272
345 20.181814
346 20.166136
347 20.149128
348 20.207733
349 21.200632
350 20.729221
351 19.882023
352 20.308136
353 20.154352
354 19.284285
355 19.77792
356 19.148539
357 18.789888
358 18.86196
359 19.666407
360 19.736996
361 18.654095
362 18.24185
363 20.56445
364 20.327953
365 20.73284
366 20.40705
367 19.709955
368 20.725163
369 20.755474
370 21.53547
371 21.090971
372 20.419827
373 20.8794
374 19.644894
375 18.54624
376 18.96618
377 18.734894
378 18.21235
379 17.851389
380 19.006887
381 19.18573
382 19.469837
383 20.028065
384 19.137989
385 19.70977
386 19.453009
387 19.237957
388 19.08603
389 19.244537
390 19.97176
391 20.386786
392 19.683956
393 19.53661
394 19.750355
395 18.594341
396 20.002666
397 17.568459
398 18.674429
399 18.212234
400 18.006641
401 18.59758
402 18.602697
403 17.971716
404 19.176285
405 18.322176
406 18.674698
407 17.849014
408 18.009922
409 17.756323
410 17.816294
411 18.625729
412 17.052485
413 18.161694
414 19.362888
415 19.420933
416 19.229359
417 20.431454
418 19.551565
419 20.471165
420 20.987122
421 18.862797
422 19.33193
423 20.021923
424 19.25624
425 18.56099
426 19.162556
427 18.95419
428 18.095188
429 18.485264
430 17.921055
431 17.880077
432 17.658033
433 17.016567
434 18.099133
435 19.199474
436 17.668163
437 18.161617
438 18.33317
439 18.591198
440 18.459888
441 20.036701
442 19.582836
443 20.345795
444 18.866623
445 19.440353
446 21.895794
447 21.384445
448 20.031721
449 17.982304
450 19.111704
451 20.064003
452 20.092157
453 20.368185
454 20.559492
455 20.65829
456 19.653204
457 20.313868
458 20.43108
459 20.673267
460 19.636976
461 18.306408
462 19.264767
463 19.185299
464 18.783667
465 17.728165
466 19.210419
467 18.48476
468 17.689152
469 17.900944
470 18.680029
471 17.090002
472 16.919907
473 18.774126
474 18.050518
475 18.41089
476 18.014095
477 17.787857
478 17.826818
479 18.440174
480 17.744864
481 17.610321
482 18.746479
483 18.673647
484 19.175495
485 18.55331
486 18.325222
487 18.167942
488 18.19001
489 18.687998
490 18.904257
491 18.590479
492 18.169836
493 18.039454
494 17.873978
495 17.144749
496 17.954592
497 17.898615
498 16.819534
499 16.913195
500 17.124166
501 15.951861
502 16.382448
503 16.834522
504 16.496925
505 16.599405
506 17.538666
507 16.493923
508 17.63165
509 17.437494
510 17.746054
511 18.386898
512 18.147022
513 18.789547
514 16.947742
515 18.13172
516 17.953802
517 16.956553
518 17.13999
519 18.516672
520 17.898684
521 16.6755
522 17.901009
523 18.017538
524 17.619545
525 17.25704
526 18.430653
527 18.626682
528 18.178595
529 18.215076
530 17.885374
531 18.474268
532 17.851582
533 17.831806
534 17.302094
535 18.22482
536 18.455715
537 18.353628
538 18.161621
539 17.58031
540 17.108677
541 17.149054
542 16.478962
543 16.75819
544 16.899502
545 17.670284
546 17.133892
547 17.483438
548 16.950562
549 17.905766
550 16.857243
551 18.711782
552 17.392675
553 17.717321
554 18.124617
555 19.692097
556 17.471226
557 18.45522
558 17.469711
559 17.971264
560 18.583252
561 16.74342
562 16.828735
563 16.612616
564 16.68497
565 17.15697
566 17.88828
567 17.510208
568 18.891232
569 18.874676
570 18.765957
571 18.345356
572 18.0474
573 17.688166
574 17.703665
575 17.90773
576 17.371485
577 17.92033
578 17.272745
579 17.298168
580 17.361574
581 16.452845
582 16.830948
583 16.721048
584 17.729654
585 18.240547
586 17.515514
587 17.902206
588 18.105366
589 18.250874
590 17.46294
591 18.403683
592 17.558126
593 17.532385
594 15.379835
595 16.322538
596 17.56683
597 17.843267
598 17.587437
599 17.445364
600 16.55833
601 16.716572
602 17.166004
603 17.108473
604 16.705647
605 16.99917
606 16.37668
607 16.30589
608 16.261774
609 16.246506
610 15.96953
611 16.187616
612 17.396214
613 17.496328
614 16.778805
615 17.74517
616 16.57132
617 17.62803
618 16.49139
619 16.407618
620 16.784225
621 17.71845
622 18.241287
623 18.427238
624 18.716187
625 17.24737
626 18.700298
627 19.119013
628 17.649586
629 17.307796
630 19.074764
631 19.45812
632 17.683704
633 18.204586
634 17.58009
635 16.7328
636 17.964386
637 18.088964
638 18.229624
639 17.855606
640 18.084034
641 17.853168
642 16.938969
643 18.432346
644 17.569496
645 16.604189
646 19.141634
647 19.330915
648 16.827488
649 17.236593
650 16.623714
651 18.071854
652 17.080723
653 17.954546
654 18.361557
655 17.322012
656 16.572723
657 17.611303
658 17.870914
659 16.91557
660 18.252417
661 17.809776
662 17.57735
663 18.841187
664 17.542826
665 17.41158
666 17.50308
667 17.309124
668 17.572653
669 16.920132
670 17.82362
671 16.682728
672 18.476053
673 17.277493
674 16.90148
675 17.436314
676 17.8429
677 17.288893
678 17.980753
679 17.93264
680 16.19248
681 18.210522
682 16.824383
683 17.582355
684 17.340918
685 16.011768
686 16.87846
687 16.256475
688 16.55224
689 16.82977
690 16.766418
691 16.752527
692 17.125504
693 17.015823
694 17.111355
695 16.488934
696 17.421677
697 17.71371
698 16.478193
699 17.801138
700 17.352484
701 17.411972
702 16.64115
703 15.9914
704 17.366947
705 17.001867
706 16.824802
707 17.739208
708 17.706417
709 18.054106
710 18.775219
711 17.424131
712 17.42403
713 16.821865
714 17.434387
715 17.957712
716 17.007067
717 17.361217
718 16.324837
719 16.61105
720 18.46078
721 18.653103
722 16.426823
723 15.366159
724 15.529239
725 16.222383
726 16.810074
727 16.751783
728 17.144466
729 17.488548
730 17.699062
731 17.505219
732 16.861263
733 17.241304
734 17.268917
735 17.0639
736 16.493414
737 16.712505
738 16.990442
739 16.95552
740 18.13228
741 16.747864
742 16.441519
743 17.347126
744 16.801899
745 16.721706
746 17.141582
747 16.274014
748 16.75758
749 16.637491
750 16.971004
751 17.197151
752 18.190397
753 17.937973
754 17.814291
755 18.05211
756 16.791182
757 17.112495
758 17.03851
759 16.362461
760 15.458529
761 16.437298
762 15.633321
763 15.6790495
764 16.781017
765 16.00696
766 17.012293
767 16.560545
768 15.463797
769 15.69755
770 15.69393
771 16.098385
772 16.585316
773 16.747492
774 15.9068575
775 16.334724
776 16.86714
777 15.846884
778 16.1032
779 16.342644
780 16.309706
781 17.045628
782 16.063791
783 17.218737
784 17.091763
785 17.386578
786 15.627775
787 15.795184
788 16.376719
789 15.393469
790 16.570671
791 15.9653225
792 15.703461
793 16.153994
794 16.437386
795 15.421033
796 15.490481
797 15.931287
798 16.144857
799 16.583023
800 17.963633
801 17.501842
802 16.211449
803 16.810596
804 18.971502
805 21.759851
806 22.136295
807 21.823257
808 20.147305
809 20.639988
810 21.405985
811 21.081839
812 21.85795
813 20.192377
814 19.526957
815 19.061716
816 20.430908
817 23.323132
818 18.530832
819 16.489872
820 16.18851
821 18.291214
822 16.779278
823 16.507046
824 16.188278
825 15.5569935
826 17.481258
827 16.909622
828 17.554214
829 17.647991
830 16.87885
831 16.446508
832 17.057148
833 16.266397
834 16.729965
835 16.48275
836 17.658152
837 16.093916
838 16.537525
839 18.828163
840 17.919493
841 19.521069
842 18.748545
843 18.956945
844 19.627161
845 18.81867
846 18.402975
847 17.866123
848 17.608265
849 18.207134
850 18.724226
851 18.352192
852 17.33611
853 17.351923
854 18.02505
855 16.869091
856 17.788723
857 18.828943
858 17.897503
859 16.053474
860 15.08013
861 16.05449
862 16.08699
863 15.660031
864 14.996735
865 14.952893
866 15.7235775
867 15.7423725
868 14.281871
869 15.302083
870 15.474411
871 16.33176
872 16.261946
873 15.937502
874 16.275692
875 17.658628
876 17.076767
877 16.503086
878 15.863345
879 17.145145
880 17.146399
881 17.832005
882 15.389071
883 16.734518
884 16.897285
885 15.945987
886 17.744741
887 15.587614
888 16.931162
889 17.066418
890 16.201529
891 15.772687
892 16.160145
893 16.735926
894 15.494354
895 16.626282
896 15.248205
897 16.588568
898 17.101269
899 17.809698
900 16.723598
901 17.178171
902 16.528065
903 17.618011
904 17.85609
905 17.99808
906 17.87257
907 17.204735
908 17.506298
909 17.648075
910 18.509699
911 16.921032
912 17.24549
913 17.527138
914 17.9194
915 18.532927
916 17.14542
917 17.097807
918 17.480112
919 16.740808
920 17.280832
921 17.394922
922 17.202143
923 16.810337
924 17.154655
925 16.283709
926 15.925458
927 15.483304
928 15.812349
929 16.873783
930 16.571081
931 15.749853
932 15.749697
933 16.037184
934 16.545076
935 16.323719
936 17.702068
937 17.274155
938 15.485051
939 16.067898
940 16.390392
941 16.666111
942 16.669363
943 15.220899
944 16.378798
945 15.067282
946 17.201488
947 16.438465
948 16.297638
949 15.592883
950 16.273092
951 15.491972
952 14.8352995
953 15.1616955
954 15.1214905
955 15.603851
956 15.465678
957 15.598239
958 15.829335
959 15.54637
960 16.300232
961 14.931386
962 13.778061
963 15.302261
964 14.825907
965 14.761871
966 14.209569
967 16.052275
968 16.617138
969 15.417982
970 14.751215
971 15.089941
972 16.0155
973 16.292595
974 15.609967
975 15.936422
976 15.993097
977 16.957176
978 16.514673
979 16.722195
980 16.888437
981 16.703602
982 16.165527
983 15.159665
984 17.105951
985 14.706426
986 15.996468
987 14.444574
988 14.366417
989 15.870791
990 15.198458
991 15.021736
992 14.763863
993 15.3538685
994 14.998912
995 15.164578
996 15.120218
997 15.63811
998 16.022463
999 15.561313
1000 16.485077
