op_memory sequence_length batch_size num_layers num_units num_steps
3144192 10 16 1 100 50
9483008 10 16 1 200 50
47272448 10 16 1 500 50
177298944 10 16 1 1000 50
681131008 10 16 1 2000 50
4936192 10 16 2 100 50
15727104 10 16 2 200 50
80826880 10 16 2 500 50
311933440 10 16 2 1000 50
1218008832 10 16 2 2000 50
6483712 10 16 3 100 50
19642112 10 16 3 200 50
106988800 10 16 3 500 50
411708672 10 16 3 1000 50
1611173120 10 16 3 2000 50
8260096 10 16 4 100 50
26385408 10 16 4 200 50
133867520 10 16 4 500 50
522551040 10 16 4 1000 50
2048628480 10 16 4 2000 50
4258816 10 32 1 100 50
12262912 10 32 1 200 50
53786112 10 32 1 500 50
189803264 10 32 1 1000 50
708677632 10 32 1 2000 50
6881280 10 32 2 100 50
18493440 10 32 2 200 50
85850624 10 32 2 500 50
323890432 10 32 2 1000 50
1244525824 10 32 2 2000 50
8237568 10 32 3 100 50
25054720 10 32 3 200 50
123265280 10 32 3 500 50
427969792 10 32 3 1000 50
1644967168 10 32 3 2000 50
11043840 10 32 4 100 50
33009920 10 32 4 200 50
147374336 10 32 4 500 50
539787008 10 32 4 1000 50
2088076800 10 32 4 2000 50
7709440 10 64 1 100 50
18283520 10 64 1 200 50
65918976 10 64 1 500 50
217215744 10 64 1 1000 50
762712064 10 64 1 2000 50
10341120 10 64 2 100 50
23694592 10 64 2 200 50
103303168 10 64 2 500 50
345925376 10 64 2 1000 50
1294586880 10 64 2 2000 50
11875328 10 64 3 100 50
32343808 10 64 3 200 50
132036352 10 64 3 500 50
497277440 10 64 3 1000 50
1712576000 10 64 3 2000 50
15728640 10 64 4 100 50
42345216 10 64 4 200 50
165996032 10 64 4 500 50
592541440 10 64 4 1000 50
2158561280 10 64 4 2000 50
13705984 10 128 1 100 50
32495616 10 128 1 200 50
87645952 10 128 1 500 50
263660544 10 128 1 1000 50
875898368 10 128 1 2000 50
17797888 10 128 2 100 50
41159936 10 128 2 200 50
132869120 10 128 2 500 50
414783488 10 128 2 1000 50
1388164608 10 128 2 2000 50
22293248 10 128 3 100 50
51051776 10 128 3 200 50
194214912 10 128 3 500 50
525998848 10 128 3 1000 50
1995961344 10 128 3 2000 50
27653888 10 128 4 100 50
66050048 10 128 4 200 50
233190912 10 128 4 500 50
669237248 10 128 4 1000 50
2376953344 10 128 4 2000 50
3996416 20 16 1 100 50
11540736 20 16 1 200 50
52488704 20 16 1 500 50
187179264 20 16 1 1000 50
703678464 20 16 1 2000 50
6112768 20 16 2 100 50
17926144 20 16 2 200 50
84555776 20 16 2 500 50
321396992 20 16 2 1000 50
1240418816 20 16 2 2000 50
8182272 20 16 3 100 50
23897344 20 16 3 200 50
124594432 20 16 3 500 50
425074688 20 16 3 1000 50
1639207168 20 16 3 2000 50
10102272 20 16 4 100 50
32476160 20 16 4 200 50
145217280 20 16 4 500 50
537916928 20 16 4 1000 50
2086800640 20 16 4 2000 50
6519040 20 32 1 100 50
15723520 20 32 1 200 50
65470976 20 32 1 500 50
210167040 20 32 1 1000 50
744277504 20 32 1 2000 50
8614912 20 32 2 100 50
22132992 20 32 2 200 50
96574976 20 32 2 500 50
337586432 20 32 2 1000 50
1280126976 20 32 2 2000 50
11667200 20 32 3 100 50
32500736 20 32 3 200 50
133091840 20 32 3 500 50
456238592 20 32 3 1000 50
1695930880 20 32 3 2000 50
14907648 20 32 4 100 50
40590336 20 32 4 200 50
165356288 20 32 4 500 50
583263488 20 32 4 1000 50
2145837568 20 32 4 2000 50
9889792 20 64 1 100 50
22455552 20 64 1 200 50
79438592 20 64 1 500 50
261868544 20 64 1 1000 50
834938368 20 64 1 2000 50
15216384 20 64 2 100 50
34913536 20 64 2 200 50
123717120 20 64 2 500 50
406659328 20 64 2 1000 50
1347964416 20 64 2 2000 50
19682048 20 64 3 100 50
44197120 20 64 3 200 50
163093248 20 64 3 500 50
532352000 20 64 3 1000 50
1861209088 20 64 3 2000 50
23398400 20 64 4 100 50
57743616 20 64 4 200 50
202005248 20 64 4 500 50
683680000 20 64 4 1000 50
2331622912 20 64 4 2000 50
20828160 20 128 1 100 50
42439680 20 128 1 200 50
135672064 20 128 1 500 50
317187328 20 128 1 1000 50
1047390208 20 128 1 2000 50
24045824 20 128 2 100 50
60912896 20 128 2 200 50
185144064 20 128 2 500 50
494852096 20 128 2 1000 50
1528670208 20 128 2 2000 50
34097408 20 128 3 100 50
76279808 20 128 3 200 50
229401088 20 128 3 500 50
652354816 20 128 3 1000 50
2129324032 20 128 3 2000 50
41320704 20 128 4 100 50
95230208 20 128 4 200 50
290594816 20 128 4 500 50
808070400 20 128 4 1000 50
2632172032 20 128 4 2000 50
6435328 50 16 1 100 50
19363584 50 16 1 200 50
70048512 50 16 1 500 50
210360576 50 16 1 1000 50
750163968 50 16 1 2000 50
10959360 50 16 2 100 50
24451584 50 16 2 200 50
102512640 50 16 2 500 50
336499968 50 16 2 1000 50
1286907904 50 16 2 2000 50
13074432 50 16 3 100 50
34590976 50 16 3 200 50
141509376 50 16 3 500 50
460130304 50 16 3 1000 50
1722911744 50 16 3 2000 50
16903168 50 16 4 100 50
43558400 50 16 4 200 50
167365376 50 16 4 500 50
600651776 50 16 4 1000 50
2148525568 50 16 4 2000 50
10540032 50 32 1 100 50
24246784 50 32 1 200 50
82067200 50 32 1 500 50
280282624 50 32 1 1000 50
824185088 50 32 1 2000 50
17229568 50 32 2 100 50
37292800 50 32 2 200 50
142970368 50 32 2 500 50
405904640 50 32 2 1000 50
1329792256 50 32 2 2000 50
22906368 50 32 3 100 50
53164800 50 32 3 200 50
175283200 50 32 3 500 50
563969280 50 32 3 1000 50
1829959168 50 32 3 2000 50
26829568 50 32 4 100 50
60531200 50 32 4 200 50
219718400 50 32 4 500 50
667393280 50 32 4 1000 50
2381050624 50 32 4 2000 50
19175168 50 64 1 100 50
39798784 50 64 1 200 50
142276096 50 64 1 500 50
332610816 50 64 1 1000 50
1095520768 50 64 1 2000 50
28298240 50 64 2 100 50
67164416 50 64 2 200 50
198138624 50 64 2 500 50
569795072 50 64 2 1000 50
1615776768 50 64 2 2000 50
40133632 50 64 3 100 50
89669632 50 64 3 200 50
262004224 50 64 3 500 50
699062272 50 64 3 1000 50
2252206592 50 64 3 2000 50
48752384 50 64 4 100 50
106540288 50 64 4 200 50
324356352 50 64 4 500 50
875006976 50 64 4 1000 50
2665902592 50 64 4 2000 50
37315584 50 128 1 100 50
78124032 50 128 1 200 50
204130560 50 128 1 500 50
507462656 50 128 1 1000 50
1329320704 50 128 1 2000 50
53850368 50 128 2 100 50
110585088 50 128 2 200 50
299045376 50 128 2 500 50
793007360 50 128 2 1000 50
2091702528 50 128 2 2000 50
72310016 50 128 3 100 50
150598144 50 128 3 200 50
404088576 50 128 3 500 50
1048527872 50 128 3 1000 50
2795190528 50 128 3 2000 50
89330176 50 128 4 100 50
198173952 50 128 4 200 50
572226304 50 128 4 500 50
1272402176 50 128 4 1000 50
3499071744 50 128 4 2000 50
10540032 100 16 1 100 50
23517184 100 16 1 200 50
81797632 100 16 1 500 50
246778112 100 16 1 1000 50
817266688 100 16 1 2000 50
16896768 100 16 2 100 50
37792000 100 16 2 200 50
141610496 100 16 2 500 50
386746112 100 16 2 1000 50
1321843456 100 16 2 2000 50
22240768 100 16 3 100 50
55302400 100 16 3 200 50
173146368 100 16 3 500 50
529518080 100 16 3 1000 50
1826105600 100 16 3 2000 50
25943040 100 16 4 100 50
65272832 100 16 4 200 50
213290496 100 16 4 500 50
662977280 100 16 4 1000 50
2401767424 100 16 4 2000 50
19789568 100 32 1 100 50
39756800 100 32 1 200 50
126308864 100 32 1 500 50
325161216 100 32 1 1000 50
957561856 100 32 1 2000 50
27248640 100 32 2 100 50
65602816 100 32 2 200 50
203828992 100 32 2 500 50
562102272 100 32 2 1000 50
1513209856 100 32 2 2000 50
35670784 100 32 3 100 50
86316032 100 32 3 200 50
261069824 100 32 3 500 50
690614272 100 32 3 1000 50
2082734592 100 32 3 2000 50
48086784 100 32 4 100 50
103474432 100 32 4 200 50
338564352 100 32 4 500 50
834530816 100 32 4 1000 50
2647982592 100 32 4 2000 50
38211584 100 64 1 100 50
79916032 100 64 1 200 50
190826496 100 64 1 500 50
443859200 100 64 1 1000 50
1296539136 100 64 1 2000 50
54790656 100 64 2 100 50
112127232 100 64 2 200 50
289857024 100 64 2 500 50
811366656 100 64 2 1000 50
2086568960 100 64 2 2000 50
72489216 100 64 3 100 50
148304896 100 64 3 200 50
457233152 100 64 3 500 50
970342656 100 64 3 1000 50
2758312960 100 64 3 2000 50
89189376 100 64 4 100 50
195025152 100 64 4 200 50
580107008 100 64 4 500 50
1324707072 100 64 4 1000 50
3345128960 100 64 4 2000 50
77675520 100 128 1 100 50
158792704 100 128 1 200 50
344234752 100 128 1 500 50
763488256 100 128 1 1000 50
1876663040 100 128 1 2000 50
109570304 100 128 2 100 50
218034944 100 128 2 200 50
554629632 100 128 2 500 50
1159401472 100 128 2 1000 50
2954500864 100 128 2 2000 50
145852928 100 128 3 100 50
298106880 100 128 3 200 50
742972160 100 128 3 500 50
1588655360 100 128 3 1000 50
3880196864 100 128 3 2000 50
178071040 100 128 4 100 50
354689280 100 128 4 200 50
897596160 100 128 4 500 50
1963627776 100 128 4 1000 50
5008169728 100 128 4 2000 50
