1 0.003125
2 0.03125
3 0.0375
4 0.059375
5 0.078125
6 0.10625
7 0.11875
8 0.134375
9 0.1125
10 0.115625
11 0.10625
12 0.13125
13 0.10625
14 0.115625
15 0.125
16 0.1375
17 0.13125
18 0.13125
19 0.115625
20 0.11875
21 0.115625
22 0.121875
23 0.109375
24 0.1
25 0.10625
26 0.134375
27 0.115625
28 0.125
29 0.140625
30 0.071875
31 0.134375
32 0.121875
33 0.13125
34 0.115625
35 0.128125
36 0.10625
37 0.1125
38 0.121875
39 0.1125
40 0.140625
41 0.1125
42 0.11875
43 0.134375
44 0.128125
45 0.125
46 0.10625
47 0.109375
48 0.13125
49 0.115625
50 0.103125
51 0.10625
52 0.125
53 0.1125
54 0.128125
55 0.125
56 0.125
57 0.09375
58 0.1125
59 0.090625
60 0.115625
61 0.121875
62 0.128125
63 0.103125
64 0.103125
65 0.115625
66 0.15
67 0.121875
68 0.125
69 0.109375
70 0.13125
71 0.16875
72 0.1
73 0.1375
74 0.128125
75 0.128125
76 0.11875
77 0.153125
78 0.140625
79 0.1375
80 0.1625
81 0.159375
82 0.153125
83 0.15625
84 0.15
85 0.15
86 0.171875
87 0.171875
88 0.15625
89 0.16875
90 0.14375
91 0.15625
92 0.15625
93 0.1375
94 0.153125
95 0.15
96 0.1625
97 0.178125
98 0.140625
99 0.178125
100 0.175
101 0.196875
102 0.190625
103 0.184375
104 0.171875
105 0.171875
106 0.19375
107 0.2
108 0.171875
109 0.228125
110 0.178125
111 0.1875
112 0.190625
113 0.209375
114 0.2
115 0.178125
116 0.2125
117 0.1875
118 0.190625
119 0.209375
120 0.178125
121 0.178125
122 0.196875
123 0.171875
124 0.215625
125 0.2375
126 0.21875
127 0.203125
128 0.246875
129 0.1625
130 0.2
131 0.20625
132 0.19375
133 0.240625
134 0.184375
135 0.18125
136 0.21875
137 0.184375
138 0.171875
139 0.196875
140 0.175
141 0.178125
142 0.234375
143 0.2125
144 0.19375
145 0.20625
146 0.228125
147 0.209375
148 0.175
149 0.19375
150 0.21875
151 0.190625
152 0.209375
153 0.225
154 0.184375
155 0.259375
156 0.203125
157 0.225
158 0.2
159 0.28125
160 0.2375
161 0.2
162 0.23125
163 0.23125
164 0.184375
165 0.221875
166 0.228125
167 0.2125
168 0.2
169 0.240625
170 0.178125
171 0.21875
172 0.253125
173 0.246875
174 0.234375
175 0.25
176 0.246875
177 0.240625
178 0.271875
179 0.209375
180 0.23125
181 0.25
182 0.203125
183 0.2
184 0.259375
185 0.2
186 0.240625
187 0.221875
188 0.25
189 0.246875
190 0.203125
191 0.2
192 0.2375
193 0.28125
194 0.259375
195 0.246875
196 0.271875
197 0.253125
198 0.240625
199 0.225
200 0.221875
201 0.253125
202 0.221875
203 0.25625
204 0.259375
205 0.221875
206 0.25
207 0.26875
208 0.2625
209 0.215625
210 0.21875
211 0.20625
212 0.2
213 0.225
214 0.246875
215 0.24375
216 0.171875
217 0.225
218 0.25
219 0.246875
220 0.234375
221 0.209375
222 0.24375
223 0.253125
224 0.23125
225 0.275
226 0.2125
227 0.221875
228 0.21875
229 0.2625
230 0.225
231 0.21875
232 0.20625
233 0.265625
234 0.23125
235 0.234375
236 0.215625
237 0.2375
238 0.23125
239 0.25
240 0.25625
241 0.2125
242 0.25
243 0.29375
244 0.225
245 0.253125
246 0.1875
247 0.2875
248 0.240625
249 0.271875
250 0.271875
251 0.253125
252 0.25625
253 0.246875
254 0.234375
255 0.221875
256 0.265625
257 0.3
258 0.25625
259 0.265625
260 0.29375
261 0.275
262 0.234375
263 0.3
264 0.284375
265 0.259375
266 0.2375
267 0.20625
268 0.228125
269 0.284375
270 0.2875
271 0.28125
272 0.271875
273 0.23125
274 0.3125
275 0.2625
276 0.284375
277 0.228125
278 0.25625
279 0.24375
280 0.29375
281 0.259375
282 0.25625
283 0.265625
284 0.303125
285 0.24375
286 0.303125
287 0.23125
288 0.278125
289 0.284375
290 0.25
291 0.30625
292 0.284375
293 0.228125
294 0.278125
295 0.26875
296 0.271875
297 0.25
298 0.25
299 0.30625
300 0.19375
301 0.315625
302 0.271875
303 0.2625
304 0.24375
305 0.284375
306 0.246875
307 0.234375
308 0.25
309 0.2625
310 0.26875
311 0.28125
312 0.315625
313 0.340625
314 0.25
315 0.225
316 0.2625
317 0.240625
318 0.296875
319 0.29375
320 0.2375
321 0.259375
322 0.278125
323 0.228125
324 0.315625
325 0.2375
326 0.325
327 0.3
328 0.25625
329 0.284375
330 0.2875
331 0.33125
332 0.35625
333 0.378125
334 0.2875
335 0.321875
336 0.290625
337 0.278125
338 0.2875
339 0.315625
340 0.309375
341 0.3
342 0.290625
343 0.2625
344 0.25
345 0.303125
346 0.35
347 0.265625
348 0.3375
349 0.3
350 0.3375
351 0.271875
352 0.315625
353 0.275
354 0.26875
355 0.334375
356 0.221875
357 0.25
358 0.246875
359 0.3125
360 0.29375
361 0.271875
362 0.246875
363 0.2375
364 0.30625
365 0.2375
366 0.3125
367 0.278125
368 0.240625
369 0.23125
370 0.303125
371 0.3375
372 0.265625
373 0.271875
374 0.240625
375 0.275
376 0.29375
377 0.275
378 0.278125
379 0.334375
380 0.296875
381 0.240625
382 0.25625
383 0.3
384 0.3125
385 0.29375
386 0.328125
387 0.33125
388 0.315625
389 0.271875
390 0.321875
391 0.271875
392 0.303125
393 0.25625
394 0.253125
395 0.325
396 0.328125
397 0.2625
398 0.2625
399 0.284375
400 0.303125
401 0.2875
402 0.271875
403 0.296875
404 0.3125
405 0.334375
406 0.365625
407 0.26875
408 0.315625
409 0.240625
410 0.30625
411 0.290625
412 0.2625
413 0.328125
414 0.284375
415 0.284375
416 0.3125
417 0.328125
418 0.2625
419 0.3
420 0.2625
421 0.246875
422 0.275
423 0.275
424 0.284375
425 0.284375
426 0.259375
427 0.3125
428 0.334375
429 0.25
430 0.259375
431 0.346875
432 0.2875
433 0.31875
434 0.215625
435 0.303125
436 0.29375
437 0.290625
438 0.29375
439 0.259375
440 0.303125
441 0.309375
442 0.34375
443 0.325
444 0.340625
445 0.325
446 0.39375
447 0.334375
448 0.315625
449 0.25625
450 0.2875
451 0.2625
452 0.271875
453 0.309375
454 0.36875
455 0.296875
456 0.31875
457 0.303125
458 0.25
459 0.321875
460 0.23125
461 0.290625
462 0.2625
463 0.259375
464 0.221875
465 0.296875
466 0.275
467 0.240625
468 0.35625
469 0.2875
470 0.321875
471 0.29375
472 0.221875
473 0.290625
474 0.30625
475 0.30625
476 0.28125
477 0.334375
478 0.278125
479 0.28125
480 0.315625
481 0.265625
482 0.26875
483 0.33125
484 0.3
485 0.328125
486 0.290625
487 0.26875
488 0.28125
489 0.325
490 0.39375
491 0.296875
492 0.284375
493 0.3125
494 0.334375
495 0.33125
496 0.31875
497 0.3
498 0.328125
499 0.334375
500 0.321875
501 0.29375
502 0.259375
503 0.290625
504 0.325
505 0.26875
506 0.31875
507 0.31875
508 0.35
509 0.34375
510 0.321875
511 0.28125
512 0.30625
513 0.240625
514 0.3125
515 0.2875
516 0.271875
517 0.303125
518 0.315625
519 0.253125
520 0.275
521 0.340625
522 0.325
523 0.2875
524 0.325
525 0.275
526 0.33125
527 0.25
528 0.315625
529 0.271875
530 0.26875
531 0.296875
532 0.296875
533 0.340625
534 0.35
535 0.328125
536 0.303125
537 0.259375
538 0.3125
539 0.25
540 0.33125
541 0.340625
542 0.35
543 0.259375
544 0.228125
545 0.284375
546 0.2875
547 0.29375
548 0.3
549 0.303125
550 0.34375
551 0.3375
552 0.34375
553 0.328125
554 0.325
555 0.271875
556 0.30625
557 0.375
558 0.26875
559 0.321875
560 0.296875
561 0.259375
562 0.2875
563 0.365625
564 0.2875
565 0.296875
566 0.29375
567 0.328125
568 0.265625
569 0.278125
570 0.315625
571 0.325
572 0.315625
573 0.33125
574 0.29375
575 0.321875
576 0.253125
577 0.340625
578 0.35
579 0.30625
580 0.2875
581 0.353125
582 0.309375
583 0.315625
584 0.3625
585 0.321875
586 0.328125
587 0.309375
588 0.3625
589 0.296875
590 0.303125
591 0.303125
592 0.265625
593 0.278125
594 0.396875
595 0.309375
596 0.271875
597 0.328125
598 0.31875
599 0.3
600 0.325
601 0.278125
602 0.321875
603 0.321875
604 0.325
605 0.371875
606 0.34375
607 0.2875
608 0.31875
609 0.35625
610 0.234375
611 0.315625
612 0.303125
613 0.28125
614 0.2875
615 0.321875
616 0.3375
617 0.26875
618 0.3125
619 0.3125
620 0.29375
621 0.234375
622 0.309375
623 0.296875
624 0.29375
625 0.28125
626 0.321875
627 0.33125
628 0.31875
629 0.334375
630 0.328125
631 0.321875
632 0.26875
633 0.2375
634 0.321875
635 0.328125
636 0.321875
637 0.303125
638 0.290625
639 0.25625
640 0.340625
641 0.29375
642 0.2625
643 0.253125
644 0.334375
645 0.259375
646 0.290625
647 0.284375
648 0.26875
649 0.33125
650 0.26875
651 0.3125
652 0.296875
653 0.33125
654 0.328125
655 0.328125
656 0.325
657 0.3125
658 0.325
659 0.303125
660 0.240625
661 0.31875
662 0.3125
663 0.290625
664 0.290625
665 0.278125
666 0.309375
667 0.31875
668 0.334375
669 0.275
670 0.340625
671 0.3875
672 0.2875
673 0.2625
674 0.30625
675 0.35
676 0.30625
677 0.275
678 0.315625
679 0.328125
680 0.353125
681 0.240625
682 0.2375
683 0.35
684 0.390625
685 0.25625
686 0.296875
687 0.315625
688 0.30625
689 0.309375
690 0.24375
691 0.303125
692 0.26875
693 0.26875
694 0.31875
695 0.296875
696 0.265625
697 0.23125
698 0.3375
699 0.359375
700 0.2875
701 0.3375
702 0.353125
703 0.3375
704 0.33125
705 0.334375
706 0.33125
707 0.346875
708 0.359375
709 0.296875
710 0.359375
711 0.26875
712 0.2625
713 0.309375
714 0.321875
715 0.265625
716 0.296875
717 0.296875
718 0.28125
719 0.328125
720 0.309375
721 0.309375
722 0.278125
723 0.25625
724 0.2875
725 0.315625
726 0.3125
727 0.334375
728 0.36875
729 0.3625
730 0.328125
731 0.29375
732 0.36875
733 0.3125
734 0.315625
735 0.35625
736 0.33125
737 0.321875
738 0.309375
739 0.246875
740 0.30625
741 0.271875
742 0.303125
743 0.328125
744 0.278125
745 0.275
746 0.309375
747 0.359375
748 0.296875
749 0.325
750 0.359375
751 0.3375
752 0.321875
753 0.396875
754 0.321875
755 0.325
756 0.334375
757 0.33125
758 0.3
759 0.3
760 0.365625
761 0.340625
762 0.321875
763 0.371875
764 0.35
765 0.346875
766 0.34375
767 0.353125
768 0.340625
769 0.2875
770 0.2875
771 0.26875
772 0.2875
773 0.284375
774 0.284375
775 0.309375
776 0.278125
777 0.3375
778 0.321875
779 0.296875
780 0.3125
781 0.309375
782 0.296875
783 0.265625
784 0.38125
785 0.2875
786 0.3
787 0.26875
788 0.3125
789 0.353125
790 0.371875
791 0.28125
792 0.30625
793 0.2625
794 0.33125
795 0.271875
796 0.30625
797 0.2625
798 0.334375
799 0.25
800 0.278125
801 0.346875
802 0.278125
803 0.259375
804 0.31875
805 0.296875
806 0.365625
807 0.378125
808 0.33125
809 0.3
810 0.35625
811 0.296875
812 0.3
813 0.365625
814 0.346875
815 0.328125
816 0.353125
817 0.353125
818 0.3
819 0.353125
820 0.28125
821 0.325
822 0.2875
823 0.3
824 0.321875
825 0.378125
826 0.315625
827 0.284375
828 0.315625
829 0.253125
830 0.29375
831 0.346875
832 0.309375
833 0.3375
834 0.303125
835 0.2875
836 0.3375
837 0.309375
838 0.328125
839 0.303125
840 0.303125
841 0.315625
842 0.30625
843 0.3375
844 0.284375
845 0.296875
846 0.325
847 0.359375
848 0.378125
849 0.28125
850 0.36875
851 0.309375
852 0.325
853 0.340625
854 0.375
855 0.38125
856 0.3
857 0.309375
858 0.271875
859 0.265625
860 0.353125
861 0.259375
862 0.325
863 0.346875
864 0.34375
865 0.328125
866 0.325
867 0.375
868 0.28125
869 0.334375
870 0.29375
871 0.340625
872 0.31875
873 0.35
874 0.2375
875 0.328125
876 0.384375
877 0.403125
878 0.3625
879 0.365625
880 0.359375
881 0.321875
882 0.359375
883 0.278125
884 0.29375
885 0.34375
886 0.309375
887 0.3625
888 0.365625
889 0.3375
890 0.40625
891 0.2875
892 0.346875
893 0.340625
894 0.309375
895 0.375
896 0.39375
897 0.328125
898 0.30625
899 0.309375
900 0.325
901 0.3125
902 0.29375
903 0.328125
904 0.290625
905 0.334375
906 0.29375
907 0.31875
908 0.31875
909 0.29375
910 0.325
911 0.384375
912 0.384375
913 0.275
914 0.33125
915 0.334375
916 0.30625
917 0.30625
918 0.378125
919 0.35625
920 0.35625
921 0.315625
922 0.359375
923 0.346875
924 0.403125
925 0.2875
926 0.34375
927 0.3625
928 0.315625
929 0.30625
930 0.3125
931 0.2875
932 0.365625
933 0.303125
934 0.309375
935 0.346875
936 0.29375
937 0.3375
938 0.35
939 0.375
940 0.25
941 0.33125
942 0.303125
943 0.33125
944 0.3875
945 0.3
946 0.328125
947 0.359375
948 0.36875
949 0.3875
950 0.36875
951 0.340625
952 0.328125
953 0.3625
954 0.4
955 0.303125
956 0.36875
957 0.275
958 0.25
959 0.340625
960 0.30625
961 0.334375
962 0.415625
963 0.296875
964 0.353125
965 0.315625
966 0.41875
967 0.309375
968 0.325
969 0.33125
970 0.325
971 0.278125
972 0.309375
973 0.3125
974 0.3
975 0.275
976 0.35
977 0.328125
978 0.33125
979 0.325
980 0.3125
981 0.284375
982 0.315625
983 0.35
984 0.340625
985 0.35
986 0.28125
987 0.346875
988 0.3625
989 0.35625
990 0.3125
991 0.346875
992 0.303125
993 0.34375
994 0.29375
995 0.33125
996 0.35625
997 0.340625
998 0.359375
999 0.346875
1000 0.309375
