1 7.683128
2 7.648434
3 7.5915027
4 7.482303
5 7.3940487
6 7.200641
7 7.060651
8 6.741812
9 6.6244297
10 6.5381603
11 6.4515
12 5.9947305
13 5.9685836
14 5.978579
15 5.758727
16 5.5769825
17 5.6570764
18 5.552674
19 5.5264964
20 5.2373147
21 5.3619723
22 5.4192147
23 5.3952603
24 5.4494157
25 5.4346075
26 5.290676
27 5.2847114
28 5.206347
29 5.2544446
30 5.253182
31 5.4326725
32 5.156667
33 5.114965
34 5.242009
35 5.197338
36 5.20986
37 5.264532
38 5.2467284
39 5.2507725
40 5.18135
41 5.2513313
42 5.46179
43 5.178234
44 5.2175503
45 5.191068
46 5.144575
47 5.1046224
48 5.189415
49 5.234786
50 5.2129064
51 5.132438
52 5.0594907
53 5.3065014
54 5.2175837
55 5.161455
56 5.474324
57 5.2071867
58 5.1243334
59 5.161182
60 5.436665
61 5.287317
62 4.9606986
63 5.013319
64 5.1696463
65 5.120007
66 5.001385
67 5.1413045
68 5.241875
69 5.0141044
70 5.206198
71 4.9080143
72 4.965584
73 4.987187
74 5.136779
75 5.129796
76 5.138801
77 5.12578
78 5.018017
79 4.822742
80 4.9334297
81 4.8519287
82 4.8296213
83 5.0025177
84 5.0468855
85 5.1247582
86 5.1517754
87 4.8800235
88 4.950036
89 4.8619184
90 5.0610476
91 4.931672
92 5.073506
93 4.9821014
94 4.7750688
95 4.960657
96 4.880409
97 4.7519464
98 4.890723
99 5.0099134
100 4.912615
101 4.73013
102 4.9052844
103 4.8108106
104 4.8655424
105 4.825621
106 4.7724447
107 4.7689266
108 4.8032875
109 4.656705
110 4.7609067
111 4.717309
112 4.6288896
113 4.6890945
114 4.538893
115 4.562448
116 4.6857734
117 4.8069253
118 4.7467937
119 4.513479
120 4.64681
121 4.530903
122 4.631169
123 4.5463195
124 4.462699
125 4.479301
126 4.4893665
127 4.4091654
128 4.513809
129 4.7235208
130 4.501662
131 4.6637397
132 4.4665117
133 4.358645
134 4.5395384
135 4.7403913
136 4.5676637
137 4.515192
138 4.672716
139 4.449011
140 4.675781
141 4.556139
142 4.4443846
143 4.4938607
144 4.582303
145 4.503068
146 4.615638
147 4.5593405
148 4.6679955
149 4.643277
150 4.630489
151 4.924653
152 4.487121
153 4.5543337
154 4.658119
155 4.331818
156 4.4932194
157 4.393899
158 4.6014295
159 4.350306
160 4.44279
161 4.6567307
162 4.429903
163 4.2258782
164 4.294327
165 4.318139
166 4.2513967
167 4.465018
168 4.414456
169 4.2993426
170 4.503085
171 4.3381658
172 4.3635736
173 4.419487
174 4.2937894
175 4.191632
176 4.3218846
177 4.2897363
178 4.2366157
179 4.165585
180 4.381839
181 4.1873393
182 4.29771
183 4.42561
184 4.415826
185 4.4749055
186 4.438684
187 4.33177
188 4.355606
189 4.2454624
190 4.272894
191 4.3450947
192 4.272666
193 4.315022
194 4.008062
195 4.2781153
196 4.157
197 4.3514752
198 4.287292
199 4.4522867
200 4.3980117
201 4.269864
202 4.2260423
203 4.155442
204 4.1679573
205 4.2045865
206 4.170329
207 4.336902
208 4.082815
209 4.2873173
210 4.430505
211 4.368391
212 4.5043225
213 4.4606843
214 4.269931
215 4.4107523
216 4.50073
217 4.3066893
218 4.169761
219 4.17298
220 4.235594
221 4.3166237
222 4.227006
223 4.1231546
224 4.3279276
225 4.09965
226 4.329138
227 4.1570096
228 4.265102
229 4.070639
230 4.2393785
231 4.225751
232 4.343633
233 4.0409474
234 4.1302032
235 4.370353
236 4.178715
237 4.472402
238 3.9887795
239 3.9951916
240 4.1940055
241 4.37012
242 4.0806317
243 3.9926908
244 4.2122436
245 4.2674675
246 4.4638367
247 4.1943407
248 4.0188885
249 4.169988
250 4.0841794
251 4.261134
252 4.233762
253 4.2047744
254 4.265558
255 4.4037166
256 4.10784
257 4.0039067
258 4.0446835
259 4.171627
260 3.9993553
261 3.9290454
262 4.1180425
263 3.827004
264 3.8245597
265 3.9598863
266 4.078393
267 4.088969
268 4.208129
269 3.9153838
270 3.9731343
271 3.9723907
272 3.9641302
273 4.146447
274 3.9602902
275 3.8708098
276 3.7973294
277 4.2257905
278 4.028309
279 4.22652
280 3.9087455
281 4.1000385
282 4.0688415
283 4.0627384
284 3.889433
285 3.92391
286 3.951763
287 4.17192
288 3.9594946
289 3.9114242
290 4.2755394
291 3.8211176
292 4.0672417
293 4.287325
294 4.1229944
295 3.987147
296 4.0144277
297 3.979721
298 4.187019
299 3.894424
300 4.264902
301 3.8127034
302 3.958315
303 3.842151
304 4.0948224
305 4.1231513
306 4.182023
307 4.168471
308 4.015645
309 4.109029
310 4.1594214
311 4.169462
312 3.9344542
313 3.8784873
314 4.2305756
315 4.341009
316 3.9397912
317 4.1840043
318 3.8715677
319 3.8094316
320 4.085673
321 4.0302367
322 3.9816725
323 4.1580496
324 3.8644807
325 3.9984407
326 3.6831732
327 3.7765865
328 4.121691
329 3.9993925
330 3.8510692
331 3.756253
332 3.7481627
333 3.6595924
334 3.8342478
335 3.7786503
336 3.891657
337 4.024676
338 3.7399511
339 3.765792
340 3.8934402
341 4.032583
342 3.7688515
343 3.9142442
344 3.8745654
345 3.7313035
346 3.6942685
347 3.9186473
348 3.6713538
349 3.812273
350 3.4963377
351 4.1691685
352 3.8562813
353 3.9210386
354 3.8133032
355 3.6318808
356 4.0875163
357 3.977376
358 4.1099944
359 3.72072
360 3.9217925
361 3.7725005
362 4.275939
363 4.1497097
364 3.757053
365 4.160422
366 3.8766391
367 3.9110928
368 3.9440908
369 4.2389646
370 3.7719555
371 3.6570961
372 4.0092893
373 3.6769824
374 3.8357093
375 3.8966424
376 3.714905
377 3.875576
378 3.753599
379 3.643032
380 3.8375762
381 3.9428294
382 3.8548973
383 3.9187505
384 3.8392808
385 3.962635
386 3.8061094
387 3.709833
388 3.830463
389 3.942358
390 3.8624413
391 3.9041953
392 3.8645082
393 4.1029387
394 4.270005
395 3.6160653
396 3.763255
397 3.9581
398 3.9523757
399 4.078262
400 3.844345
401 3.8717268
402 3.893826
403 3.851313
404 3.8506224
405 3.6343436
406 3.5183764
407 4.063023
408 3.7648742
409 3.9817014
410 3.9005492
411 3.9951875
412 4.010946
413 3.8907106
414 4.0617766
415 3.7847035
416 3.8034713
417 3.8658328
418 4.2677326
419 4.0384793
420 4.092397
421 4.183267
422 4.007316
423 3.9259448
424 3.8626263
425 4.00121
426 3.8450563
427 3.6812742
428 3.6887045
429 3.9581947
430 3.9774022
431 3.7318473
432 3.9185758
433 3.902891
434 4.0771437
435 3.7975647
436 3.7562878
437 3.6997204
438 3.9021811
439 4.044979
440 3.7050765
441 3.7003243
442 3.6596892
443 3.4729104
444 3.5507321
445 3.6485977
446 3.4032373
447 3.6969671
448 3.901367
449 3.934838
450 3.8707712
451 4.107098
452 4.0593414
453 3.879022
454 3.4919825
455 3.9474468
456 3.7573621
457 3.9328635
458 4.0966196
459 3.8561997
460 4.1358385
461 3.8925476
462 4.207724
463 4.1724963
464 4.1193
465 3.982581
466 4.312108
467 4.2169003
468 3.6845803
469 3.8039405
470 3.6569502
471 3.9779522
472 4.122121
473 4.131852
474 3.906346
475 3.936845
476 4.044932
477 3.8333821
478 4.106865
479 3.7626355
480 3.8737812
481 3.8986537
482 3.780072
483 3.6072102
484 3.794367
485 3.5004401
486 3.8281665
487 3.961207
488 3.7649512
489 3.7093537
490 3.4765499
491 3.736331
492 3.8780656
493 3.7515764
494 3.8985786
495 3.7954805
496 3.7044623
497 3.8657455
498 3.760857
499 3.6020205
500 3.691721
501 3.819739
502 4.0299892
503 3.7809062
504 3.693701
505 4.023129
506 4.009572
507 3.790688
508 3.7260585
509 3.8119497
510 3.7158039
511 3.8459
512 3.728758
513 4.216341
514 3.8105419
515 3.8422647
516 3.8535912
517 3.7538023
518 3.7655046
519 3.9768343
520 3.8826797
521 3.634804
522 3.715692
523 3.8799634
524 3.641216
525 3.7735913
526 3.6271412
527 3.977731
528 3.649921
529 3.5976124
530 3.9259632
531 3.7148695
532 3.7339814
533 3.713803
534 3.6328962
535 3.6341994
536 3.7920125
537 3.9057665
538 3.823798
539 4.0223045
540 3.6446085
541 3.6679492
542 3.5195534
543 3.7708836
544 3.9632254
545 3.959329
546 3.7789078
547 3.9304948
548 3.861822
549 3.7902486
550 3.3737059
551 3.7358053
552 3.5916579
553 3.738649
554 3.686911
555 3.8866937
556 3.608229
557 3.469555
558 3.9206555
559 3.755894
560 3.90271
561 3.845189
562 3.7107165
563 3.5477307
564 3.8391557
565 3.843839
566 3.5752723
567 3.5510175
568 3.839787
569 3.6870687
570 3.7027483
571 3.8323808
572 3.6755574
573 3.641087
574 3.6669054
575 3.5147495
576 4.0128202
577 3.5710635
578 3.5817757
579 3.9104059
580 3.8426251
581 3.588527
582 3.6329756
583 3.5361996
584 3.5170267
585 3.5581594
586 3.4990702
587 3.7217038
588 3.8376079
589 3.8658047
590 3.6923764
591 3.627802
592 3.9763854
593 3.7748625
594 3.4637284
595 3.5846243
596 3.7069907
597 3.6555607
598 3.61654
599 3.6152139
600 3.476483
601 3.8093965
602 3.465465
603 3.5884256
604 3.555251
605 3.2618043
606 3.4849102
607 3.6362197
608 3.5512419
609 3.5515902
610 4.26339
611 3.6935127
612 3.8113115
613 3.7138312
614 4.002199
615 3.5912597
616 3.9158697
617 3.7835565
618 3.8584163
619 3.65032
620 3.6362722
621 4.1194263
622 3.7088227
623 3.914443
624 3.7246568
625 3.9440398
626 3.5286183
627 3.5430963
628 3.6537728
629 3.5393481
630 3.6301637
631 3.680148
632 3.83229
633 4.029653
634 3.7353902
635 3.6822305
636 3.639049
637 3.7957087
638 3.8670886
639 4.0681844
640 3.5787036
641 3.8642797
642 3.969764
643 4.0280614
644 3.6735349
645 3.8889508
646 3.716868
647 3.9421499
648 3.9027138
649 3.483246
650 3.936422
651 3.8178773
652 3.715138
653 3.4842765
654 3.7922964
655 3.6867123
656 3.9696348
657 3.6956203
658 3.7515461
659 4.0309277
660 4.226839
661 3.6087017
662 3.777869
663 3.665786
664 3.6708953
665 3.91839
666 3.85994
667 3.755824
668 3.7646062
669 3.873388
670 3.7471747
671 3.563728
672 3.8941321
673 3.9423733
674 3.7063923
675 3.5035386
676 3.73381
677 3.8828857
678 3.685948
679 3.5965693
680 3.5984802
681 3.908771
682 3.9233508
683 3.400483
684 3.4892714
685 4.00676
686 3.8405247
687 3.6205006
688 3.8783164
689 3.7855875
690 4.054521
691 3.8556402
692 4.2131944
693 4.139616
694 3.832495
695 3.9046633
696 4.0241933
697 4.158711
698 3.58832
699 3.6031032
700 3.9554296
701 3.5487173
702 3.6218452
703 3.4668958
704 3.688456
705 3.6602113
706 3.5347204
707 3.5633836
708 3.3484685
709 3.8069499
710 3.5490923
711 3.923273
712 4.012296
713 3.90228
714 3.602621
715 3.9649243
716 3.8261516
717 3.7540064
718 3.9631593
719 3.7787595
720 3.8840008
721 3.6403973
722 3.8905723
723 3.8944335
724 3.950364
725 3.5133197
726 3.7470791
727 3.694199
728 3.4521227
729 3.4165726
730 3.6438067
731 3.642691
732 3.5463035
733 3.697112
734 3.5285807
735 3.4940414
736 3.602228
737 3.6429677
738 3.6209586
739 3.8525012
740 3.6737633
741 3.9619281
742 3.7125678
743 3.5293705
744 3.8100457
745 3.7931755
746 3.6084573
747 3.5194268
748 3.9077926
749 3.6522593
750 3.3905025
751 3.523412
752 3.4706378
753 3.447525
754 3.6578257
755 3.525283
756 3.573452
757 3.5955849
758 3.7056053
759 3.7117062
760 3.3222847
761 3.5457215
762 3.5523517
763 3.444969
764 3.5039968
765 3.405976
766 3.6311264
767 3.556227
768 3.4516113
769 3.7485428
770 3.8356624
771 3.8366976
772 3.9148996
773 3.8512852
774 3.884849
775 3.6708999
776 3.9348385
777 3.481754
778 3.6761456
779 3.6456313
780 3.5179842
781 3.6887465
782 3.6789045
783 3.6826286
784 3.5303075
785 3.7801216
786 3.762575
787 3.7533293
788 3.6177602
789 3.5172591
790 3.2719154
791 3.8068218
792 3.7490306
793 3.8166225
794 3.5978384
795 3.8702154
796 3.5699604
797 3.8765457
798 3.5788302
799 3.8597088
800 3.784241
801 3.7565727
802 3.9022064
803 4.0836406
804 3.6538801
805 3.7158399
806 3.5902889
807 3.372347
808 3.9431973
809 3.8098476
810 3.417846
811 3.8098211
812 3.6947656
813 3.476187
814 3.6907318
815 3.626922
816 3.499512
817 3.4095457
818 3.7006202
819 3.4508219
820 3.8135
821 3.5593174
822 3.7742004
823 3.8302224
824 3.5090883
825 3.2839568
826 3.6087608
827 3.730221
828 3.616823
829 3.7655852
830 3.7381277
831 3.3506775
832 3.6842597
833 3.592981
834 3.624305
835 3.8061438
836 3.5722382
837 3.7758553
838 3.5614524
839 3.7956183
840 3.7528262
841 3.4450264
842 3.7316418
843 3.6291351
844 3.7950523
845 3.8495967
846 3.5899684
847 3.5418987
848 3.2430513
849 3.737836
850 3.3686812
851 3.775212
852 3.6674616
853 3.464931
854 3.4221165
855 3.254339
856 3.6359766
857 3.6988738
858 3.921066
859 3.835387
860 3.4735408
861 3.7977648
862 3.4452379
863 3.5001516
864 3.4406397
865 3.628546
866 3.6163504
867 3.3135762
868 3.7113423
869 3.7596278
870 3.920359
871 3.6190069
872 3.5649414
873 3.510487
874 4.0002317
875 3.4862041
876 3.273222
877 3.2719905
878 3.3976524
879 3.3339934
880 3.6485136
881 3.6009898
882 3.5072231
883 3.9497526
884 3.7894778
885 3.5512593
886 3.6533384
887 3.4281938
888 3.3139188
889 3.5136507
890 3.1862237
891 3.719282
892 3.5686674
893 3.503871
894 3.4840174
895 3.4550915
896 3.4665768
897 3.57537
898 3.6923087
899 3.600469
900 3.4530766
901 3.5250368
902 3.7204115
903 3.5971155
904 3.6623306
905 3.6898358
906 3.7233522
907 3.5280318
908 3.5795047
909 3.6762333
910 3.5884242
911 3.0890224
912 3.25105
913 3.6328108
914 3.6180933
915 3.6140056
916 3.7320368
917 3.6513689
918 3.2633085
919 3.3977065
920 3.3002214
921 3.8477075
922 3.398307
923 3.4589512
924 3.377733
925 3.615498
926 3.4791489
927 3.3311863
928 3.6878006
929 3.5824437
930 3.722151
931 3.859757
932 3.4507565
933 3.6303408
934 3.5604804
935 3.6012602
936 3.6998594
937 3.5913534
938 3.4402852
939 3.6694138
940 4.0616198
941 3.7066932
942 3.7619133
943 3.7809708
944 3.597974
945 3.7806237
946 3.7676377
947 3.757451
948 3.4571934
949 3.4280028
950 3.2900333
951 3.486792
952 3.6961951
953 3.4603424
954 3.3272262
955 3.6403096
956 3.5260513
957 3.7833118
958 3.8895228
959 3.6223366
960 3.7217867
961 3.5386841
962 3.2725043
963 3.7628982
964 3.308907
965 3.8074667
966 3.141063
967 3.6248777
968 3.599686
969 3.6406257
970 3.6151402
971 4.0389004
972 3.7430396
973 3.670168
974 3.9175336
975 3.7974725
976 3.5673668
977 3.5795102
978 3.563907
979 3.5906048
980 3.5127933
981 3.5098963
982 3.5470712
983 3.483337
984 3.5414603
985 3.4609997
986 3.7142227
987 3.583423
988 3.2759051
989 3.5051553
990 3.7197206
991 3.439986
992 3.6482913
993 3.496916
994 3.7109392
995 3.5620565
996 3.4943163
997 3.55566
998 3.4220426
999 3.500582
1000 3.7704897
