1 5.3255386
2 5.301491
3 5.2620287
4 5.1863375
5 5.125164
6 4.991104
7 4.89407
8 4.673068
9 4.591705
10 4.5319076
11 4.471839
12 4.1552305
13 4.137107
14 4.1440353
15 3.9916453
16 3.8656697
17 3.9211864
18 3.8488202
19 3.8306756
20 3.63023
21 3.716636
22 3.7563133
23 3.7397094
24 3.7772472
25 3.766983
26 3.6672173
27 3.6630828
28 3.6087646
29 3.6421037
30 3.6412282
31 3.7656417
32 3.5743294
33 3.5454235
34 3.633484
35 3.6025205
36 3.6111999
37 3.6490955
38 3.636755
39 3.639558
40 3.5914383
41 3.6399455
42 3.7858243
43 3.5892785
44 3.6165302
45 3.5981743
46 3.5659478
47 3.5382545
48 3.5970283
49 3.628477
50 3.6133113
51 3.5575352
52 3.5069718
53 3.6781864
54 3.6165535
55 3.5776482
56 3.7945125
57 3.6093469
58 3.5519173
59 3.5774589
60 3.768409
61 3.6648889
62 3.4384944
63 3.474968
64 3.5833256
65 3.5489185
66 3.4666963
67 3.5636806
68 3.6333911
69 3.4755123
70 3.6086617
71 3.4019763
72 3.4418805
73 3.4568546
74 3.5605438
75 3.5557036
76 3.5619454
77 3.55292
78 3.4782243
79 3.34287
80 3.419593
81 3.3631008
82 3.3476384
83 3.4674811
84 3.4982345
85 3.5522118
86 3.5709386
87 3.3825746
88 3.4311035
89 3.3700252
90 3.508051
91 3.4183745
92 3.5166862
93 3.4533296
94 3.3098254
95 3.4384656
96 3.3828416
97 3.2937984
98 3.389991
99 3.4726074
100 3.4051652
101 3.2786765
102 3.4000843
103 3.3345997
104 3.3725371
105 3.3448658
106 3.3080068
107 3.3055682
108 3.3293853
109 3.227782
110 3.3000093
111 3.2697895
112 3.2085018
113 3.2502327
114 3.146121
115 3.1624482
116 3.2479305
117 3.3319068
118 3.2902267
119 3.1285055
120 3.2209232
121 3.1405826
122 3.2100818
123 3.1512685
124 3.0933073
125 3.104815
126 3.1117918
127 3.0562007
128 3.128734
129 3.274095
130 3.1203141
131 3.232658
132 3.09595
133 3.0211825
134 3.1465683
135 3.2857888
136 3.1660633
137 3.1296928
138 3.2388802
139 3.0838194
140 3.2410045
141 3.1580749
142 3.0806127
143 3.114907
144 3.1762106
145 3.121289
146 3.1993165
147 3.160294
148 3.2356079
149 3.2184746
150 3.2096105
151 3.4135094
152 3.1102355
153 3.1568236
154 3.2287624
155 3.0025876
156 3.1144624
157 3.0456188
158 3.189468
159 3.0154023
160 3.0795074
161 3.2277997
162 3.070575
163 2.9291556
164 2.9766006
165 2.9931061
166 2.9468436
167 3.0949147
168 3.0598676
169 2.9800773
170 3.1213007
171 3.0069873
172 3.0245988
173 3.063355
174 2.976228
175 2.905418
176 2.995702
177 2.9734187
178 2.9365983
179 2.8873634
180 3.037259
181 2.9024425
182 2.9789457
183 3.0675993
184 3.0608172
185 3.101768
186 3.0766613
187 3.0025542
188 3.019076
189 2.9427302
190 2.9617443
191 3.0117903
192 2.9615865
193 2.9909453
194 2.7781768
195 2.9653635
196 2.881413
197 3.016213
198 2.9717243
199 3.08609
200 3.0484695
201 2.9596443
202 2.9292693
203 2.880333
204 2.8890078
205 2.9143975
206 2.890652
207 3.0061116
208 2.8299918
209 2.971742
210 3.070992
211 3.027938
212 3.1221585
213 3.0919108
214 2.9596906
215 3.0573006
216 3.1196685
217 2.9851696
218 2.8902583
219 2.8924892
220 2.93589
221 2.9920554
222 2.9299374
223 2.857953
224 2.9998908
225 2.841661
226 3.0007296
227 2.8814194
228 2.9563434
229 2.821552
230 2.9385133
231 2.9290674
232 3.010777
233 2.8009715
234 2.8628387
235 3.029298
236 2.8964646
237 3.1000328
238 2.7648113
239 2.7692559
240 2.9070632
241 3.0291364
242 2.8284786
243 2.7675223
244 2.919705
245 2.957983
246 3.0940957
247 2.9072955
248 2.7856812
249 2.8904157
250 2.8309374
251 2.953593
252 2.9346201
253 2.9145277
254 2.9566593
255 3.0524237
256 2.8473377
257 2.7752967
258 2.803561
259 2.8915515
260 2.772142
261 2.7234068
262 2.8544095
263 2.652677
264 2.6509829
265 2.744784
266 2.8269267
267 2.8342576
268 2.9168527
269 2.7139373
270 2.7539668
271 2.7534513
272 2.7477257
273 2.8740983
274 2.745064
275 2.6830409
276 2.6321082
277 2.9290948
278 2.792211
279 2.9296005
280 2.709336
281 2.8419302
282 2.820306
283 2.8160758
284 2.6959496
285 2.7198472
286 2.7391534
287 2.8917546
288 2.7445126
289 2.7111926
290 2.9635782
291 2.648597
292 2.8191972
293 2.9717472
294 2.857842
295 2.7636797
296 2.7825892
297 2.7585325
298 2.9022205
299 2.699409
300 2.956205
301 2.6427646
302 2.7436948
303 2.663176
304 2.8383145
305 2.8579507
306 2.8987575
307 2.8893638
308 2.783433
309 2.8481617
310 2.8830914
311 2.890051
312 2.727156
313 2.6883626
314 2.9324117
315 3.0089583
316 2.7308552
317 2.900131
318 2.6835663
319 2.6404967
320 2.8319726
321 2.7935472
322 2.759885
323 2.8821404
324 2.678654
325 2.771508
326 2.5529811
327 2.6177304
328 2.8569388
329 2.7721677
330 2.6693578
331 2.6036363
332 2.5980284
333 2.536636
334 2.6576982
335 2.619161
336 2.6974912
337 2.7896929
338 2.5923367
339 2.610248
340 2.6987271
341 2.795174
342 2.6123688
343 2.7131474
344 2.6856441
345 2.5863426
346 2.5606718
347 2.7161994
348 2.5447886
349 2.6424663
350 2.4234767
351 2.8898473
352 2.6729705
353 2.717857
354 2.6431804
355 2.517428
356 2.8332503
357 2.756907
358 2.8488312
359 2.5790067
360 2.7183795
361 2.6148982
362 2.963855
363 2.8763597
364 2.6041906
365 2.8837848
366 2.6870816
367 2.710963
368 2.7338355
369 2.9382262
370 2.6145203
371 2.534906
372 2.7790275
373 2.54869
374 2.6587112
375 2.7009468
376 2.574976
377 2.6863446
378 2.6017966
379 2.5251575
380 2.660005
381 2.7329612
382 2.6720111
383 2.716271
384 2.6611867
385 2.7466893
386 2.638194
387 2.5714602
388 2.6550746
389 2.7326343
390 2.6772404
391 2.706182
392 2.678673
393 2.8439405
394 2.959742
395 2.5064654
396 2.6084895
397 2.743546
398 2.739578
399 2.8268356
400 2.664697
401 2.6836765
402 2.6989946
403 2.6695268
404 2.669048
405 2.519135
406 2.4387527
407 2.816273
408 2.609612
409 2.759905
410 2.7036548
411 2.769253
412 2.7801757
413 2.696835
414 2.815409
415 2.6233566
416 2.6363654
417 2.6795912
418 2.9581668
419 2.7992606
420 2.8366337
421 2.8996198
422 2.77766
423 2.7212577
424 2.6773686
425 2.7734275
426 2.66519
427 2.5516648
428 2.5568151
429 2.7436116
430 2.756925
431 2.5867195
432 2.7161498
433 2.705278
434 2.8260608
435 2.6322713
436 2.6036603
437 2.5644507
438 2.7047858
439 2.8037658
440 2.5681634
441 2.5648694
442 2.5367033
443 2.407238
444 2.46118
445 2.5290153
446 2.3589444
447 2.5625424
448 2.7042215
449 2.727422
450 2.6830142
451 2.8468235
452 2.8137212
453 2.688733
454 2.4204578
455 2.7361617
456 2.604405
457 2.7260532
458 2.8395603
459 2.672914
460 2.866745
461 2.6981084
462 2.916572
463 2.8921542
464 2.855281
465 2.7605147
466 2.9889255
467 2.9229326
468 2.5539565
469 2.6366906
470 2.5348048
471 2.7573063
472 2.8572364
473 2.8639817
474 2.7076728
475 2.7288132
476 2.803733
477 2.657098
478 2.8466618
479 2.6080601
480 2.6851006
481 2.7023408
482 2.6201463
483 2.5003276
484 2.630055
485 2.4263203
486 2.653483
487 2.7456994
488 2.6096654
489 2.5711281
490 2.4097607
491 2.5898273
492 2.6880703
493 2.6003947
494 2.7022889
495 2.6308267
496 2.5677376
497 2.6795306
498 2.6068275
499 2.4967303
500 2.558906
501 2.6476414
502 2.7933757
503 2.6207244
504 2.5602784
505 2.7886207
506 2.7792234
507 2.6275048
508 2.582707
509 2.6422422
510 2.575599
511 2.6657748
512 2.5845783
513 2.922545
514 2.6412663
515 2.663255
516 2.6711059
517 2.6019375
518 2.610049
519 2.7565315
520 2.6912684
521 2.5194542
522 2.5755215
523 2.6893857
524 2.5238986
525 2.6156542
526 2.5141428
527 2.757153
528 2.5299325
529 2.493675
530 2.7212703
531 2.5749514
532 2.5881987
533 2.574212
534 2.5181317
535 2.519035
536 2.6284227
537 2.707271
538 2.6504548
539 2.7880492
540 2.5262501
541 2.5424287
542 2.4395685
543 2.6137774
544 2.7470984
545 2.7443976
546 2.6193392
547 2.7244115
548 2.676811
549 2.6272001
550 2.3384748
551 2.589463
552 2.4895475
553 2.591434
554 2.555572
555 2.6940508
556 2.5010338
557 2.4049122
558 2.7175913
559 2.6033874
560 2.7051525
561 2.665282
562 2.5720727
563 2.4590995
564 2.6611
565 2.6643462
566 2.47819
567 2.4613779
568 2.6615376
569 2.5556812
570 2.5665495
571 2.656404
572 2.5477023
573 2.5238092
574 2.5417051
575 2.4362388
576 2.781475
577 2.4752727
578 2.4826977
579 2.710487
580 2.6635048
581 2.4873774
582 2.5181868
583 2.4511068
584 2.437817
585 2.4663281
586 2.4253707
587 2.5796885
588 2.660027
589 2.6795716
590 2.5593603
591 2.5146008
592 2.7562203
593 2.6165354
594 2.4008737
595 2.4846723
596 2.5694902
597 2.5338416
598 2.5067945
599 2.5058753
600 2.4097145
601 2.6404724
602 2.4020774
603 2.487307
604 2.464312
605 2.2609105
606 2.4155557
607 2.5204356
608 2.4615333
609 2.4617748
610 2.9551568
611 2.560148
612 2.6418
613 2.5742316
614 2.7741132
615 2.4892716
616 2.7142742
617 2.6225615
618 2.6744504
619 2.530209
620 2.5204718
621 2.8553689
622 2.57076
623 2.7132852
624 2.5817354
625 2.7338002
626 2.4458518
627 2.4558873
628 2.5326023
629 2.4532893
630 2.5162377
631 2.5508842
632 2.656341
633 2.7931428
634 2.5891752
635 2.5523276
636 2.5223966
637 2.6309848
638 2.6804616
639 2.8198504
640 2.4805684
641 2.6785147
642 2.7516308
643 2.7920394
644 2.5463004
645 2.6956153
646 2.5763366
647 2.73249
648 2.7051551
649 2.4144022
650 2.72852
651 2.6463509
652 2.5751374
653 2.4151165
654 2.6286197
655 2.5554342
656 2.7515411
657 2.5616088
658 2.6003737
659 2.7940261
660 2.9298215
661 2.5013614
662 2.6186192
663 2.5409293
664 2.5444708
665 2.716021
666 2.6755066
667 2.603339
668 2.6094263
669 2.684828
670 2.5973437
671 2.4701881
672 2.6992068
673 2.732645
674 2.5690753
675 2.428468
676 2.58808
677 2.6914113
678 2.5549045
679 2.4929519
680 2.4942765
681 2.7093537
682 2.7194595
683 2.3570352
684 2.4185786
685 2.7772744
686 2.6620488
687 2.5095398
688 2.688244
689 2.6239693
690 2.81038
691 2.6725261
692 2.920364
693 2.8693633
694 2.6564832
695 2.7065065
696 2.7893584
697 2.8825989
698 2.4872339
699 2.4974809
700 2.741695
701 2.4597833
702 2.5104718
703 2.403069
704 2.556643
705 2.5370653
706 2.4500816
707 2.4699492
708 2.3209815
709 2.6387765
710 2.4600434
711 2.7194057
712 2.781112
713 2.7048545
714 2.4971466
715 2.7482762
716 2.6520863
717 2.602079
718 2.7470527
719 2.6192365
720 2.6921842
721 2.5233312
722 2.6967392
723 2.6994157
724 2.7381837
725 2.4352477
726 2.5972774
727 2.5606236
728 2.3928292
729 2.3681877
730 2.5256944
731 2.524921
732 2.4581103
733 2.5626428
734 2.4458258
735 2.421885
736 2.496874
737 2.5251129
738 2.5098572
739 2.6703503
740 2.5464587
741 2.7461994
742 2.573356
743 2.4463732
744 2.6409225
745 2.6292288
746 2.501192
747 2.4394808
748 2.7086754
749 2.5315533
750 2.3501172
751 2.442243
752 2.4056628
753 2.3896422
754 2.5354116
755 2.44354
756 2.4769282
757 2.4922695
758 2.5685298
759 2.5727587
760 2.3028324
761 2.457707
762 2.4623027
763 2.3878706
764 2.4287856
765 2.3608427
766 2.516905
767 2.4649887
768 2.3924747
769 2.5982919
770 2.6586785
771 2.6593962
772 2.7136016
773 2.6695075
774 2.6927722
775 2.544474
776 2.7274222
777 2.413368
778 2.54811
779 2.5269592
780 2.4384809
781 2.5568442
782 2.5500224
783 2.5526037
784 2.4470227
785 2.6201806
786 2.6080182
787 2.6016097
788 2.5076404
789 2.4379783
790 2.267919
791 2.6386878
792 2.59863
793 2.645481
794 2.4938316
795 2.6826289
796 2.474508
797 2.6870167
798 2.4806561
799 2.6753464
800 2.623036
801 2.6038578
802 2.7048035
803 2.830564
804 2.5326767
805 2.575624
806 2.4885986
807 2.337533
808 2.733216
809 2.6407852
810 2.3690703
811 2.6407669
812 2.5610163
813 2.4095092
814 2.5582204
815 2.5139906
816 2.4256768
817 2.363317
818 2.5650744
819 2.3919275
820 2.6433167
821 2.467131
822 2.6160765
823 2.654908
824 2.4323146
825 2.2762654
826 2.5014024
827 2.5855923
828 2.5069907
829 2.6101048
830 2.5910728
831 2.3225126
832 2.5537343
833 2.4904647
834 2.5121768
835 2.638218
836 2.4760869
837 2.6172235
838 2.4686108
839 2.630922
840 2.601261
841 2.3879104
842 2.586577
843 2.5155249
844 2.6305299
845 2.668337
846 2.4883766
847 2.4550571
848 2.247912
849 2.5908704
850 2.334992
851 2.6167777
852 2.5420907
853 2.4017072
854 2.3720305
855 2.2557359
856 2.520267
857 2.563864
858 2.717876
859 2.6584878
860 2.407675
861 2.63241
862 2.388057
863 2.4261203
864 2.3848698
865 2.5151165
866 2.506663
867 2.296796
868 2.5725064
869 2.6059754
870 2.7173858
871 2.5085044
872 2.471029
873 2.4332843
874 2.7727494
875 2.4164526
876 2.2688246
877 2.267971
878 2.3550732
879 2.3109481
880 2.528957
881 2.496016
882 2.431022
883 2.7377598
884 2.6266658
885 2.4615455
886 2.5323012
887 2.3762429
888 2.2970335
889 2.435477
890 2.208522
891 2.5780098
892 2.4736118
893 2.4286983
894 2.4149368
895 2.394887
896 2.402848
897 2.4782577
898 2.5593133
899 2.495655
900 2.3934903
901 2.4433694
902 2.5787928
903 2.4933305
904 2.5385342
905 2.5575993
906 2.580831
907 2.4454453
908 2.4811237
909 2.5481708
910 2.487306
911 2.1411471
912 2.253456
913 2.5180726
914 2.5078712
915 2.5050378
916 2.586851
917 2.530936
918 2.261953
919 2.3551106
920 2.2875392
921 2.6670277
922 2.355527
923 2.3975623
924 2.3412662
925 2.5060723
926 2.4115622
927 2.3090024
928 2.5561886
929 2.4831607
930 2.5799985
931 2.6753798
932 2.3918822
933 2.5163605
934 2.467937
935 2.4962034
936 2.564547
937 2.4893365
938 2.384624
939 2.543444
940 2.8153005
941 2.569284
942 2.6075597
943 2.6207693
944 2.4939256
945 2.6205287
946 2.6115274
947 2.6044667
948 2.396344
949 2.3761106
950 2.2804773
951 2.41686
952 2.5620072
953 2.3985267
954 2.3062575
955 2.5232704
956 2.4440725
957 2.622392
958 2.6960118
959 2.5108125
960 2.579746
961 2.452829
962 2.2683272
963 2.6082423
964 2.2935596
965 2.639135
966 2.177219
967 2.5125737
968 2.4951122
969 2.5234895
970 2.5058243
971 2.7995524
972 2.5944774
973 2.5439665
974 2.7154274
975 2.6322074
976 2.4727104
977 2.4811275
978 2.470312
979 2.4888177
980 2.4348829
981 2.4328747
982 2.4586425
983 2.4144652
984 2.4547532
985 2.3989823
986 2.574503
987 2.4838395
988 2.2706845
989 2.4295886
990 2.5783138
991 2.3844166
992 2.5288029
993 2.4238775
994 2.572227
995 2.4690294
996 2.4220755
997 2.4645958
998 2.3719792
999 2.4264185
1000 2.6135044
