1 204.46028
2 203.44713
3 202.68336
4 201.79118
5 199.3309
6 195.3472
7 187.12863
8 175.30713
9 160.54367
10 140.10986
11 120.98468
12 101.46417
13 83.94338
14 71.27333
15 63.132713
16 56.746666
17 51.255928
18 47.436344
19 44.08303
20 41.337856
21 39.17878
22 37.828007
23 35.931366
24 34.874958
25 34.310696
26 33.385384
27 33.473236
28 33.541393
29 33.165184
30 33.336414
31 34.50199
32 35.144165
33 36.1903
34 36.708576
35 37.11226
36 37.85191
37 38.337013
38 38.640663
39 38.78469
40 39.256165
41 38.99098
42 39.068974
43 38.800804
44 38.81606
45 37.84118
46 37.51732
47 36.998817
48 36.996906
49 36.931286
50 37.102043
51 36.912254
52 37.439137
53 37.67294
54 37.691364
55 37.90417
56 38.148197
57 38.691113
58 39.129234
59 38.989536
60 39.62345
61 39.816895
62 39.066032
63 37.701397
64 37.0178
65 36.969822
66 36.929405
67 37.206856
68 37.11606
69 36.714844
70 38.21235
71 38.926636
72 38.802376
73 38.827145
74 39.224884
75 37.80838
76 38.315437
77 38.25122
78 36.842857
79 36.74026
80 36.276264
81 36.32035
82 35.57005
83 35.524086
84 36.250954
85 37.786243
86 38.93406
87 37.38742
88 36.21772
89 35.19007
90 36.215706
91 33.315136
92 38.281914
93 40.906258
94 39.020428
95 35.209206
96 35.63526
97 35.308926
98 33.410328
99 34.745064
100 35.69897
101 34.597015
102 34.882286
103 35.084198
104 32.529564
105 34.766758
106 34.22805
107 34.596855
108 35.616047
109 35.972786
110 36.265026
111 36.94118
112 33.930653
113 35.018623
114 32.427074
115 32.545654
116 30.76453
117 31.309011
118 30.338383
119 29.842175
120 31.135895
121 29.911331
122 30.460043
123 28.603588
124 29.68436
125 31.011892
126 29.815735
127 29.801825
128 30.147854
129 30.5807
130 29.296133
131 34.327076
132 31.976374
133 29.668858
134 28.380976
135 29.491043
136 30.01806
137 30.529016
138 29.485968
139 29.927862
140 30.891708
141 30.00967
142 29.093506
143 30.852001
144 27.686245
145 29.932178
146 32.730747
147 31.58414
148 30.70194
149 28.474487
150 31.806416
151 33.075447
152 28.858875
153 32.653015
154 30.040491
155 30.775537
156 29.707754
157 28.886118
158 31.842388
159 31.27583
160 30.4
161 28.415827
162 25.80722
163 26.31744
164 25.680584
165 26.432209
166 26.130407
167 28.139505
168 27.908484
169 25.875269
170 29.932516
171 29.511038
172 29.905176
173 29.36204
174 27.348215
175 25.993097
176 26.791973
177 27.888845
178 26.803253
179 24.353958
180 26.401745
181 24.813976
182 23.332874
183 25.407173
184 26.95718
185 26.268972
186 28.404669
187 28.275629
188 29.34335
189 29.151966
190 28.763544
191 27.96963
192 26.394337
193 28.881496
194 24.799114
195 25.120098
196 24.846682
197 25.6489
198 26.600033
199 25.199375
200 26.884216
201 23.654552
202 23.47465
203 24.445065
204 27.006144
205 25.815197
206 23.923
207 24.324081
208 24.467888
209 26.992413
210 25.721996
211 24.65456
212 23.87212
213 25.741608
214 25.893585
215 26.24693
216 25.687412
217 26.65709
218 25.334723
219 27.338135
220 26.054829
221 26.766855
222 27.327356
223 26.611237
224 26.859966
225 25.897064
226 26.15337
227 23.974508
228 25.932795
229 24.716803
230 24.833488
231 24.648375
232 23.913044
233 23.958942
234 24.3065
235 25.255331
236 25.776495
237 28.422333
238 25.18416
239 23.068424
240 25.560091
241 24.086838
242 23.36786
243 23.492071
244 23.302288
245 25.135626
246 22.69007
247 23.689768
248 22.74995
249 24.611258
250 22.747044
251 24.47821
252 25.252594
253 23.162128
254 24.087986
255 25.480856
256 22.713106
257 24.805046
258 23.509089
259 23.22103
260 23.14564
261 22.496222
262 23.339584
263 22.52869
264 23.305197
265 23.004934
266 21.807598
267 22.062695
268 21.58581
269 22.350586
270 21.204077
271 21.634907
272 22.260101
273 21.09792
274 21.712328
275 21.596354
276 20.951756
277 21.388779
278 21.451107
279 21.729853
280 21.751408
281 23.143063
282 22.684084
283 23.039547
284 22.317112
285 22.1355
286 21.470016
287 23.930927
288 23.002764
289 21.393238
290 21.41746
291 21.181973
292 22.345299
293 23.110332
294 22.18272
295 21.194523
296 21.075073
297 21.778942
298 22.12531
299 22.200665
300 23.032034
301 20.881979
302 21.15851
303 21.179745
304 21.87069
305 22.299433
306 20.975168
307 21.169117
308 20.125225
309 18.240704
310 19.866848
311 22.55574
312 21.413836
313 22.491022
314 23.803238
315 23.61862
316 23.202112
317 23.291725
318 23.070423
319 22.282663
320 22.566786
321 22.903326
322 23.231312
323 22.692287
324 22.13631
325 20.977903
326 21.390202
327 20.663141
328 21.766346
329 21.401676
330 20.139837
331 20.118856
332 20.773344
333 20.150463
334 19.834534
335 20.345646
336 19.86846
337 20.228806
338 18.90625
339 19.091341
340 19.393097
341 20.220991
342 20.071548
343 22.129263
344 20.630545
345 20.235157
346 20.25938
347 22.139887
348 20.56311
349 19.551495
350 18.657568
351 20.549599
352 20.093649
353 21.309948
354 19.349
355 20.021898
356 19.063755
357 19.369127
358 19.77631
359 18.856281
360 18.401226
361 19.397022
362 20.06713
363 21.277338
364 19.808647
365 20.816738
366 21.057629
367 21.600258
368 20.216663
369 20.384499
370 20.793266
371 20.77493
372 21.230694
373 19.336374
374 18.824259
375 20.27319
376 18.927721
377 20.413158
378 19.676804
379 20.754486
380 20.902914
381 19.908773
382 19.006205
383 20.590729
384 20.139832
385 21.645473
386 20.012966
387 20.988379
388 20.231302
389 21.907135
390 21.319874
391 20.308743
392 20.198755
393 19.83475
394 20.39653
395 19.46412
396 19.813183
397 19.444628
398 18.555664
399 18.639217
400 19.973606
401 19.073141
402 19.715313
403 20.08118
404 20.07286
405 19.035645
406 19.508886
407 18.881676
408 19.481949
409 21.400927
410 20.290033
411 20.788517
412 20.345592
413 20.611256
414 20.937431
415 20.781565
416 20.486633
417 21.966112
418 22.325092
419 22.543741
420 21.862024
421 20.548208
422 21.17814
423 21.3098
424 20.880444
425 18.789082
426 19.219028
427 19.633825
428 20.35756
429 21.130468
430 21.483122
431 20.285892
432 21.520926
433 21.290783
434 20.5048
435 20.022959
436 19.494295
437 19.231865
438 20.168865
439 20.334702
440 19.750366
441 19.003166
442 17.913294
443 19.139492
444 18.157398
445 18.778988
446 18.3619
447 19.475828
448 20.116043
449 19.060022
450 19.123856
451 19.947918
452 18.873875
453 19.462585
454 18.257101
455 17.836765
456 19.026321
457 19.607859
458 20.64148
459 19.389606
460 19.225857
461 20.154146
462 22.086697
463 21.65722
464 22.343472
465 22.810032
466 24.007456
467 23.289495
468 20.946003
469 20.71127
470 20.4782
471 21.331545
472 21.359385
473 21.098124
474 21.5641
475 19.155832
476 22.224096
477 21.626215
478 22.374271
479 21.789772
480 22.705694
481 20.390863
482 19.12327
483 19.703327
484 19.318459
485 19.38291
486 18.551968
487 18.74789
488 18.406963
489 18.160473
490 18.694237
491 18.405537
492 18.781887
493 20.56593
494 19.930622
495 20.07828
496 19.08689
497 19.793728
498 18.96491
499 18.544607
500 19.738262
501 18.782251
502 17.39543
503 19.348934
504 17.25354
505 19.012066
506 19.588812
507 19.553585
508 19.259197
509 21.077272
510 19.2
511 20.932877
512 18.609432
513 20.581108
514 19.471169
515 19.170544
516 18.642345
517 18.472265
518 19.755278
519 19.15836
520 19.727215
521 19.369253
522 18.29723
523 20.664677
524 20.332615
525 19.180254
526 18.427801
527 18.777967
528 19.275665
529 20.183445
530 20.551426
531 19.720144
532 21.56548
533 19.244705
534 19.64956
535 19.843723
536 19.576584
537 20.631855
538 19.14416
539 20.35626
540 16.62283
541 17.795399
542 18.795889
543 18.943504
544 19.174028
545 20.659492
546 19.656532
547 20.503632
548 19.974634
549 19.232988
550 16.634535
551 18.99201
552 17.946299
553 18.115917
554 18.541052
555 19.17177
556 17.194118
557 18.222885
558 19.938318
559 17.910868
560 18.446045
561 18.634151
562 19.103352
563 19.186855
564 19.50257
565 19.286226
566 17.14787
567 18.256443
568 18.237026
569 17.449293
570 17.31189
571 17.335278
572 17.096367
573 17.180206
574 17.534494
575 16.974651
576 18.298592
577 17.713238
578 18.08555
579 18.652365
580 17.925573
581 18.099987
582 17.291672
583 18.30256
584 18.17854
585 17.475393
586 17.28952
587 17.887695
588 17.097763
589 17.272118
590 17.523594
591 16.702007
592 18.356365
593 16.783215
594 17.786503
595 17.12166
596 17.07424
597 17.080194
598 16.662064
599 17.707853
600 15.91641
601 16.947857
602 17.413792
603 16.798845
604 16.641272
605 16.073498
606 16.502415
607 17.799805
608 15.280742
609 16.920547
610 19.153696
611 17.207302
612 18.634933
613 18.153545
614 17.515509
615 16.291584
616 16.93818
617 17.723263
618 18.866156
619 17.752956
620 17.981197
621 19.595196
622 18.31999
623 18.804815
624 19.00171
625 18.584438
626 17.946283
627 19.555576
628 18.85587
629 18.346317
630 18.779327
631 19.32158
632 20.101542
633 19.069279
634 19.290966
635 18.785019
636 19.151001
637 21.660473
638 20.174292
639 19.923824
640 16.980844
641 18.18697
642 20.833773
643 19.913464
644 19.17298
645 18.067059
646 18.182016
647 18.056335
648 18.65083
649 17.607153
650 18.12048
651 17.332088
652 17.465103
653 17.05495
654 18.194235
655 17.219461
656 19.38496
657 17.039291
658 17.328672
659 17.882555
660 20.784225
661 18.19079
662 17.701002
663 19.651537
664 18.72784
665 19.490997
666 18.707348
667 18.16807
668 20.239426
669 19.88274
670 18.811047
671 19.494268
672 19.685165
673 18.855099
674 19.169914
675 19.203833
676 18.210867
677 17.469372
678 18.035002
679 18.112967
680 17.994955
681 18.951687
682 19.420694
683 17.434063
684 18.220413
685 17.816236
686 17.93743
687 16.61266
688 18.467594
689 17.582174
690 19.63599
691 18.446255
692 20.55506
693 19.45073
694 18.207441
695 18.861212
696 19.668278
697 19.310461
698 18.71045
699 18.258902
700 20.204418
701 18.702105
702 18.71905
703 17.275383
704 19.324667
705 18.247381
706 17.870514
707 17.7025
708 16.946619
709 17.98139
710 16.766516
711 18.090485
712 17.597095
713 17.576218
714 17.690678
715 18.011108
716 17.964865
717 16.726185
718 17.300858
719 17.262766
720 18.922125
721 19.663902
722 19.598719
723 19.229567
724 18.501469
725 17.90125
726 18.390903
727 19.386374
728 17.729382
729 18.58665
730 18.624247
731 17.193432
732 17.672388
733 16.24138
734 17.89199
735 17.333231
736 17.346333
737 16.584469
738 16.607647
739 17.562958
740 17.594217
741 18.256512
742 17.271397
743 16.80145
744 16.761211
745 17.802738
746 16.907175
747 16.213104
748 17.424881
749 17.759033
750 17.635046
751 17.415386
752 15.039563
753 16.809902
754 16.761469
755 16.067205
756 18.445206
757 16.549995
758 17.671951
759 17.216068
760 16.332172
761 16.917992
762 15.962216
763 16.439367
764 16.901676
765 16.708084
766 15.390498
767 16.444729
768 15.55865
769 17.03414
770 16.585346
771 16.746487
772 16.990177
773 16.321354
774 17.889212
775 18.814734
776 18.9403
777 19.63737
778 17.178465
779 17.469833
780 17.803776
781 18.489136
782 19.354406
783 17.184887
784 17.320383
785 18.813007
786 17.515547
787 16.503593
788 17.509266
789 15.470182
790 16.230442
791 16.68253
792 17.0465
793 17.160755
794 16.869865
795 16.96904
796 16.535831
797 17.15157
798 16.350552
799 17.077862
800 17.77297
801 17.170443
802 18.654415
803 17.69375
804 17.176167
805 17.308868
806 17.51571
807 17.156559
808 18.675383
809 17.290169
810 17.309244
811 17.402338
812 17.901974
813 16.736975
814 18.071218
815 18.089413
816 17.473003
817 16.423605
818 18.7235
819 17.009968
820 17.351788
821 16.170376
822 16.356457
823 16.658205
824 15.676039
825 15.739565
826 16.73563
827 16.537304
828 16.32117
829 16.19877
830 17.690731
831 15.895732
832 17.095135
833 16.357023
834 17.240828
835 17.094088
836 16.831387
837 16.978102
838 17.22723
839 16.908285
840 17.798996
841 16.913622
842 17.443638
843 17.841679
844 16.95711
845 17.347858
846 16.993612
847 17.297966
848 16.509302
849 16.435238
850 15.537267
851 16.636425
852 15.927498
853 15.863116
854 15.986155
855 16.728348
856 17.6167
857 17.384518
858 17.28494
859 17.854753
860 17.109272
861 19.01344
862 16.947926
863 17.319456
864 16.1708
865 16.671143
866 16.795496
867 17.546986
868 16.933249
869 18.677193
870 17.712292
871 17.023876
872 16.517889
873 17.212254
874 17.495153
875 16.349268
876 15.341037
877 15.249715
878 17.077602
879 14.580073
880 16.935053
881 15.899549
882 16.166748
883 16.913395
884 16.815811
885 17.105639
886 16.227896
887 16.191025
888 16.655905
889 16.855503
890 15.532747
891 15.138059
892 16.54768
893 15.284647
894 15.723126
895 16.015347
896 16.79398
897 16.1413
898 16.322384
899 16.121042
900 15.505633
901 16.01403
902 17.39945
903 17.645895
904 17.511847
905 18.83883
906 16.462357
907 17.365578
908 17.081053
909 18.127422
910 17.543568
911 15.878706
912 16.73869
913 17.022486
914 16.379696
915 15.585718
916 15.714285
917 15.836992
918 14.873335
919 15.817538
920 15.861339
921 15.661047
922 16.565796
923 15.260725
924 15.050557
925 15.889934
926 16.117996
927 14.718727
928 15.96018
929 17.031498
930 18.313171
931 17.817614
932 18.367876
933 18.9607
934 17.297194
935 17.036552
936 17.05917
937 17.754803
938 16.967304
939 16.55711
940 17.488321
941 16.526302
942 16.537401
943 16.178055
944 17.8198
945 17.712751
946 17.470413
947 17.396759
948 16.983158
949 16.503536
950 16.023006
951 15.8622465
952 17.660162
953 16.458557
954 17.225594
955 16.529064
956 16.974548
957 17.307577
958 18.43787
959 16.90433
960 16.865818
961 15.249865
962 16.018366
963 16.326542
964 16.300442
965 17.291805
966 15.453066
967 15.765468
968 14.933583
969 14.926926
970 15.7692995
971 16.485846
972 16.149408
973 17.462383
974 18.128689
975 18.62819
976 18.576931
977 17.8567
978 17.397785
979 16.858736
980 16.90014
981 16.732128
982 16.396223
983 16.790457
984 16.78335
985 16.404858
986 17.064312
987 17.226236
988 16.355015
989 15.642202
990 16.439533
991 16.440853
992 16.460728
993 16.18537
994 15.375804
995 16.374426
996 15.556844
997 16.77474
998 14.55553
999 14.603572
1000 15.857892
