1 0.003125
2 0.003125
3 0.025
4 0.06875
5 0.096875
6 0.090625
7 0.115625
8 0.13125
9 0.109375
10 0.115625
11 0.121875
12 0.109375
13 0.121875
14 0.11875
15 0.10625
16 0.128125
17 0.10625
18 0.10625
19 0.109375
20 0.0875
21 0.09375
22 0.103125
23 0.1125
24 0.115625
25 0.109375
26 0.096875
27 0.125
28 0.0875
29 0.10625
30 0.103125
31 0.128125
32 0.121875
33 0.125
34 0.115625
35 0.1
36 0.109375
37 0.09375
38 0.1125
39 0.084375
40 0.090625
41 0.109375
42 0.109375
43 0.109375
44 0.125
45 0.121875
46 0.15625
47 0.15625
48 0.1125
49 0.146875
50 0.109375
51 0.13125
52 0.13125
53 0.115625
54 0.115625
55 0.11875
56 0.1125
57 0.11875
58 0.1125
59 0.1125
60 0.109375
61 0.146875
62 0.11875
63 0.15
64 0.140625
65 0.15
66 0.121875
67 0.1125
68 0.1
69 0.13125
70 0.134375
71 0.103125
72 0.121875
73 0.134375
74 0.121875
75 0.14375
76 0.140625
77 0.15
78 0.115625
79 0.115625
80 0.159375
81 0.128125
82 0.16875
83 0.134375
84 0.140625
85 0.14375
86 0.134375
87 0.1625
88 0.15625
89 0.121875
90 0.14375
91 0.165625
92 0.14375
93 0.146875
94 0.134375
95 0.13125
96 0.14375
97 0.159375
98 0.178125
99 0.165625
100 0.171875
101 0.171875
102 0.171875
103 0.221875
104 0.153125
105 0.19375
106 0.19375
107 0.175
108 0.19375
109 0.178125
110 0.15625
111 0.178125
112 0.165625
113 0.134375
114 0.209375
115 0.1875
116 0.178125
117 0.2125
118 0.178125
119 0.18125
120 0.228125
121 0.190625
122 0.2125
123 0.2
124 0.19375
125 0.1875
126 0.19375
127 0.2125
128 0.2
129 0.2
130 0.209375
131 0.228125
132 0.184375
133 0.209375
134 0.215625
135 0.215625
136 0.196875
137 0.165625
138 0.2
139 0.159375
140 0.1875
141 0.2375
142 0.246875
143 0.165625
144 0.25
145 0.21875
146 0.18125
147 0.190625
148 0.234375
149 0.203125
150 0.215625
151 0.234375
152 0.24375
153 0.203125
154 0.196875
155 0.240625
156 0.19375
157 0.234375
158 0.24375
159 0.21875
160 0.25
161 0.225
162 0.246875
163 0.190625
164 0.225
165 0.196875
166 0.25625
167 0.203125
168 0.24375
169 0.240625
170 0.246875
171 0.221875
172 0.20625
173 0.23125
174 0.240625
175 0.234375
176 0.20625
177 0.240625
178 0.190625
179 0.309375
180 0.2125
181 0.246875
182 0.278125
183 0.259375
184 0.225
185 0.271875
186 0.234375
187 0.2
188 0.2375
189 0.184375
190 0.24375
191 0.259375
192 0.240625
193 0.28125
194 0.234375
195 0.24375
196 0.26875
197 0.275
198 0.275
199 0.259375
200 0.265625
201 0.20625
202 0.23125
203 0.2125
204 0.259375
205 0.21875
206 0.259375
207 0.290625
208 0.2625
209 0.24375
210 0.303125
211 0.2375
212 0.275
213 0.265625
214 0.290625
215 0.271875
216 0.25625
217 0.321875
218 0.25
219 0.25625
220 0.225
221 0.2625
222 0.2875
223 0.253125
224 0.3
225 0.2375
226 0.26875
227 0.3
228 0.265625
229 0.296875
230 0.3
231 0.240625
232 0.221875
233 0.225
234 0.271875
235 0.259375
236 0.225
237 0.278125
238 0.309375
239 0.246875
240 0.259375
241 0.2625
242 0.2375
243 0.253125
244 0.240625
245 0.215625
246 0.203125
247 0.21875
248 0.21875
249 0.25
250 0.278125
251 0.178125
252 0.25625
253 0.25625
254 0.228125
255 0.240625
256 0.253125
257 0.2375
258 0.228125
259 0.2625
260 0.290625
261 0.271875
262 0.271875
263 0.28125
264 0.234375
265 0.234375
266 0.26875
267 0.271875
268 0.271875
269 0.221875
270 0.3625
271 0.259375
272 0.2625
273 0.25
274 0.2375
275 0.25
276 0.246875
277 0.275
278 0.246875
279 0.265625
280 0.24375
281 0.275
282 0.234375
283 0.246875
284 0.25
285 0.246875
286 0.309375
287 0.21875
288 0.28125
289 0.240625
290 0.246875
291 0.20625
292 0.278125
293 0.246875
294 0.25
295 0.284375
296 0.234375
297 0.3125
298 0.234375
299 0.2875
300 0.25625
301 0.30625
302 0.25
303 0.26875
304 0.325
305 0.271875
306 0.259375
307 0.29375
308 0.259375
309 0.275
310 0.2
311 0.265625
312 0.29375
313 0.240625
314 0.278125
315 0.225
316 0.2625
317 0.315625
318 0.309375
319 0.2375
320 0.28125
321 0.303125
322 0.25
323 0.2875
324 0.278125
325 0.284375
326 0.321875
327 0.30625
328 0.25625
329 0.29375
330 0.265625
331 0.275
332 0.284375
333 0.3125
334 0.259375
335 0.2875
336 0.253125
337 0.3125
338 0.2625
339 0.25625
340 0.296875
341 0.278125
342 0.28125
343 0.24375
344 0.265625
345 0.25625
346 0.240625
347 0.225
348 0.3125
349 0.29375
350 0.24375
351 0.259375
352 0.225
353 0.228125
354 0.28125
355 0.29375
356 0.303125
357 0.328125
358 0.259375
359 0.278125
360 0.275
361 0.2375
362 0.26875
363 0.25625
364 0.253125
365 0.21875
366 0.284375
367 0.21875
368 0.284375
369 0.225
370 0.23125
371 0.271875
372 0.275
373 0.271875
374 0.246875
375 0.3
376 0.265625
377 0.290625
378 0.28125
379 0.26875
380 0.24375
381 0.203125
382 0.2625
383 0.253125
384 0.25625
385 0.303125
386 0.25
387 0.303125
388 0.246875
389 0.29375
390 0.25
391 0.225
392 0.29375
393 0.365625
394 0.246875
395 0.290625
396 0.2875
397 0.2875
398 0.271875
399 0.309375
400 0.253125
401 0.25625
402 0.25
403 0.3
404 0.315625
405 0.21875
406 0.228125
407 0.259375
408 0.30625
409 0.265625
410 0.240625
411 0.221875
412 0.25625
413 0.23125
414 0.25
415 0.315625
416 0.271875
417 0.290625
418 0.253125
419 0.309375
420 0.30625
421 0.33125
422 0.26875
423 0.30625
424 0.240625
425 0.275
426 0.290625
427 0.3125
428 0.34375
429 0.284375
430 0.3125
431 0.24375
432 0.25625
433 0.2875
434 0.2625
435 0.321875
436 0.33125
437 0.315625
438 0.29375
439 0.3125
440 0.30625
441 0.284375
442 0.303125
443 0.290625
444 0.278125
445 0.303125
446 0.275
447 0.29375
448 0.28125
449 0.278125
450 0.26875
451 0.265625
452 0.321875
453 0.303125
454 0.275
455 0.359375
456 0.284375
457 0.271875
458 0.31875
459 0.30625
460 0.29375
461 0.2875
462 0.278125
463 0.271875
464 0.284375
465 0.36875
466 0.340625
467 0.271875
468 0.26875
469 0.265625
470 0.303125
471 0.334375
472 0.2625
473 0.29375
474 0.275
475 0.259375
476 0.290625
477 0.340625
478 0.275
479 0.346875
480 0.34375
481 0.34375
482 0.253125
483 0.28125
484 0.265625
485 0.25
486 0.25625
487 0.265625
488 0.346875
489 0.278125
490 0.31875
491 0.29375
492 0.296875
493 0.290625
494 0.3
495 0.278125
496 0.271875
497 0.334375
498 0.30625
499 0.31875
500 0.240625
501 0.31875
502 0.275
503 0.265625
504 0.278125
505 0.29375
506 0.303125
507 0.25625
508 0.334375
509 0.275
510 0.290625
511 0.284375
512 0.2875
513 0.2875
514 0.30625
515 0.3
516 0.23125
517 0.3
518 0.29375
519 0.34375
520 0.303125
521 0.359375
522 0.278125
523 0.296875
524 0.290625
525 0.2625
526 0.275
527 0.346875
528 0.24375
529 0.25
530 0.2625
531 0.2875
532 0.28125
533 0.315625
534 0.3375
535 0.325
536 0.2625
537 0.31875
538 0.3
539 0.26875
540 0.30625
541 0.3375
542 0.334375
543 0.3375
544 0.29375
545 0.265625
546 0.296875
547 0.34375
548 0.28125
549 0.315625
550 0.309375
551 0.2875
552 0.303125
553 0.30625
554 0.328125
555 0.315625
556 0.296875
557 0.309375
558 0.2625
559 0.33125
560 0.296875
561 0.321875
562 0.265625
563 0.309375
564 0.38125
565 0.325
566 0.2875
567 0.2625
568 0.290625
569 0.23125
570 0.3375
571 0.4
572 0.30625
573 0.31875
574 0.3125
575 0.35
576 0.2875
577 0.33125
578 0.28125
579 0.29375
580 0.290625
581 0.315625
582 0.259375
583 0.28125
584 0.3
585 0.284375
586 0.246875
587 0.29375
588 0.25625
589 0.303125
590 0.290625
591 0.334375
592 0.3125
593 0.36875
594 0.35
595 0.321875
596 0.315625
597 0.328125
598 0.375
599 0.309375
600 0.28125
601 0.26875
602 0.340625
603 0.328125
604 0.390625
605 0.2625
606 0.29375
607 0.278125
608 0.315625
609 0.321875
610 0.303125
611 0.303125
612 0.25
613 0.30625
614 0.284375
615 0.36875
616 0.271875
617 0.340625
618 0.359375
619 0.2875
620 0.296875
621 0.340625
622 0.3125
623 0.34375
624 0.325
625 0.33125
626 0.26875
627 0.275
628 0.315625
629 0.3125
630 0.259375
631 0.30625
632 0.259375
633 0.334375
634 0.315625
635 0.3
636 0.296875
637 0.28125
638 0.396875
639 0.3125
640 0.275
641 0.321875
642 0.334375
643 0.284375
644 0.353125
645 0.296875
646 0.296875
647 0.3875
648 0.36875
649 0.35
650 0.3
651 0.31875
652 0.34375
653 0.25625
654 0.29375
655 0.28125
656 0.31875
657 0.290625
658 0.296875
659 0.303125
660 0.340625
661 0.30625
662 0.30625
663 0.296875
664 0.290625
665 0.328125
666 0.35625
667 0.278125
668 0.365625
669 0.3125
670 0.24375
671 0.36875
672 0.296875
673 0.253125
674 0.3125
675 0.30625
676 0.275
677 0.325
678 0.29375
679 0.296875
680 0.328125
681 0.340625
682 0.33125
683 0.296875
684 0.36875
685 0.321875
686 0.29375
687 0.28125
688 0.271875
689 0.296875
690 0.2875
691 0.290625
692 0.30625
693 0.340625
694 0.31875
695 0.340625
696 0.3375
697 0.290625
698 0.290625
699 0.359375
700 0.2875
701 0.3
702 0.3375
703 0.328125
704 0.34375
705 0.334375
706 0.3
707 0.328125
708 0.334375
709 0.26875
710 0.325
711 0.303125
712 0.31875
713 0.325
714 0.24375
715 0.359375
716 0.359375
717 0.290625
718 0.359375
719 0.303125
720 0.36875
721 0.309375
722 0.30625
723 0.39375
724 0.290625
725 0.34375
726 0.375
727 0.334375
728 0.359375
729 0.309375
730 0.35
731 0.29375
732 0.28125
733 0.328125
734 0.3375
735 0.309375
736 0.30625
737 0.315625
738 0.309375
739 0.271875
740 0.36875
741 0.340625
742 0.325
743 0.30625
744 0.3375
745 0.35625
746 0.3375
747 0.3875
748 0.35625
749 0.29375
750 0.334375
751 0.371875
752 0.296875
753 0.3125
754 0.3125
755 0.365625
756 0.35
757 0.3125
758 0.3375
759 0.328125
760 0.365625
761 0.34375
762 0.325
763 0.303125
764 0.30625
765 0.375
766 0.321875
767 0.325
768 0.3625
769 0.353125
770 0.303125
771 0.4
772 0.35
773 0.321875
774 0.4
775 0.36875
776 0.296875
777 0.375
778 0.3625
779 0.35625
780 0.334375
781 0.359375
782 0.346875
783 0.303125
784 0.365625
785 0.346875
786 0.353125
787 0.278125
788 0.3
789 0.321875
790 0.31875
791 0.334375
792 0.30625
793 0.303125
794 0.265625
795 0.325
796 0.334375
797 0.290625
798 0.328125
799 0.365625
800 0.371875
801 0.3625
802 0.34375
803 0.353125
804 0.26875
805 0.309375
806 0.353125
807 0.403125
808 0.275
809 0.325
810 0.328125
811 0.371875
812 0.34375
813 0.371875
814 0.30625
815 0.303125
816 0.3125
817 0.278125
818 0.30625
819 0.265625
820 0.34375
821 0.340625
822 0.290625
823 0.334375
824 0.2875
825 0.3375
826 0.34375
827 0.353125
828 0.265625
829 0.325
830 0.328125
831 0.346875
832 0.309375
833 0.34375
834 0.303125
835 0.278125
836 0.35625
837 0.290625
838 0.359375
839 0.303125
840 0.375
841 0.346875
842 0.296875
843 0.315625
844 0.309375
845 0.290625
846 0.33125
847 0.340625
848 0.29375
849 0.353125
850 0.309375
851 0.334375
852 0.253125
853 0.35
854 0.371875
855 0.365625
856 0.384375
857 0.3
858 0.36875
859 0.353125
860 0.315625
861 0.35
862 0.309375
863 0.35625
864 0.2875
865 0.3125
866 0.353125
867 0.296875
868 0.340625
869 0.34375
870 0.359375
871 0.309375
872 0.340625
873 0.359375
874 0.34375
875 0.321875
876 0.35
877 0.4
878 0.34375
879 0.275
880 0.35625
881 0.38125
882 0.3
883 0.346875
884 0.35
885 0.3625
886 0.403125
887 0.340625
888 0.325
889 0.275
890 0.321875
891 0.321875
892 0.328125
893 0.29375
894 0.325
895 0.33125
896 0.3625
897 0.390625
898 0.321875
899 0.309375
900 0.375
901 0.346875
902 0.321875
903 0.334375
904 0.346875
905 0.359375
906 0.346875
907 0.35
908 0.303125
909 0.290625
910 0.359375
911 0.265625
912 0.35625
913 0.34375
914 0.325
915 0.43125
916 0.35
917 0.35625
918 0.359375
919 0.3375
920 0.35625
921 0.353125
922 0.30625
923 0.3125
924 0.353125
925 0.328125
926 0.403125
927 0.353125
928 0.3625
929 0.35
930 0.371875
931 0.3
932 0.353125
933 0.39375
934 0.35625
935 0.440625
936 0.35625
937 0.309375
938 0.296875
939 0.34375
940 0.334375
941 0.38125
942 0.334375
943 0.3125
944 0.3375
945 0.3375
946 0.39375
947 0.328125
948 0.375
949 0.359375
950 0.31875
951 0.35
952 0.3375
953 0.35
954 0.34375
955 0.325
956 0.35625
957 0.315625
958 0.29375
959 0.321875
960 0.33125
961 0.384375
962 0.309375
963 0.359375
964 0.303125
965 0.390625
966 0.34375
967 0.321875
968 0.334375
969 0.3125
970 0.375
971 0.334375
972 0.315625
973 0.371875
974 0.3125
975 0.38125
976 0.325
977 0.31875
978 0.3125
979 0.371875
980 0.31875
981 0.334375
982 0.33125
983 0.359375
984 0.2625
985 0.28125
986 0.359375
987 0.4125
988 0.365625
989 0.3875
990 0.30625
991 0.303125
992 0.325
993 0.33125
994 0.309375
995 0.315625
996 0.3625
997 0.346875
998 0.353125
999 0.3875
1000 0.340625
