1 7.7062984
2 7.673982
3 7.576183
4 7.4637303
5 7.376999
6 7.269252
7 7.110524
8 6.8431296
9 6.6911206
10 6.4535875
11 6.1654243
12 6.172117
13 5.8927617
14 6.0562673
15 5.879233
16 5.4550657
17 5.5416403
18 5.5345373
19 5.4787765
20 5.557841
21 5.448949
22 5.5187025
23 5.2486444
24 5.4962745
25 5.4001374
26 5.3410134
27 5.358577
28 5.366925
29 5.4129972
30 5.1887445
31 5.138062
32 5.3069615
33 5.1203094
34 5.3380766
35 5.3397017
36 5.418878
37 5.356935
38 5.2299447
39 5.276983
40 5.3799167
41 5.1732526
42 5.0520916
43 5.041064
44 5.401662
45 5.102917
46 5.097606
47 4.8301315
48 5.1636333
49 5.2402315
50 5.2044
51 5.396521
52 5.388149
53 5.236524
54 5.078048
55 5.09475
56 5.187588
57 5.1883774
58 5.177819
59 5.3128953
60 5.171119
61 5.1627088
62 4.9994006
63 4.751698
64 5.0766516
65 5.1445074
66 4.9300923
67 5.022745
68 5.271632
69 5.2321453
70 5.089556
71 5.3086963
72 5.3169236
73 5.0872912
74 5.134402
75 5.0363517
76 5.0969596
77 4.676243
78 4.938715
79 5.12699
80 5.069161
81 5.1744285
82 5.148959
83 5.1290636
84 5.082568
85 5.1185327
86 5.099672
87 4.8786783
88 5.0189166
89 5.0628786
90 4.860835
91 5.038297
92 5.1671367
93 5.0423517
94 5.1817856
95 5.1324997
96 5.261254
97 5.069983
98 5.031609
99 4.8951344
100 4.921331
101 4.8782377
102 5.0720963
103 4.7479534
104 4.8373885
105 4.6495504
106 4.795571
107 4.844217
108 4.719702
109 4.669249
110 4.852174
111 4.981012
112 4.906542
113 5.0085263
114 4.672856
115 4.7274103
116 4.5541863
117 4.5685225
118 4.8296194
119 4.732978
120 4.543977
121 4.635299
122 4.5998087
123 4.497421
124 4.4023
125 4.6446266
126 4.494047
127 4.425019
128 4.562264
129 4.509967
130 4.53413
131 4.5353613
132 4.5408306
133 4.64455
134 4.560616
135 4.4118257
136 4.645933
137 4.588967
138 4.3550024
139 4.596875
140 4.4308486
141 4.232753
142 4.420855
143 4.492372
144 4.2062397
145 4.4277673
146 4.6208673
147 4.657007
148 4.5358825
149 4.6145506
150 4.467326
151 4.3052087
152 4.1793385
153 4.653855
154 4.4759383
155 4.4019847
156 4.308864
157 4.2951674
158 4.309181
159 4.337356
160 4.262658
161 4.2608194
162 4.228234
163 4.541809
164 4.3674245
165 4.294218
166 4.176455
167 4.4122057
168 4.4225154
169 4.3635955
170 4.2339606
171 4.233528
172 4.3381844
173 4.3072286
174 4.1579494
175 4.063983
176 4.3283777
177 4.3790865
178 4.5432334
179 4.0590024
180 4.34898
181 4.1103616
182 4.2290654
183 4.4569464
184 4.1154227
185 4.1220236
186 4.3253956
187 4.6280184
188 4.216571
189 4.347995
190 4.2826853
191 4.212436
192 4.150411
193 4.227125
194 4.114135
195 4.1304507
196 4.1051173
197 3.9394484
198 4.026926
199 4.0288286
200 4.3544674
201 4.287539
202 4.3134313
203 4.255791
204 4.11047
205 4.288909
206 4.2068753
207 4.023897
208 4.1035256
209 4.0685105
210 3.8965638
211 4.1827097
212 4.1657033
213 4.109767
214 4.0280075
215 4.0909038
216 4.0524535
217 3.8341537
218 4.0263414
219 4.1699657
220 4.159613
221 4.301976
222 4.033415
223 4.074897
224 3.9099925
225 4.12409
226 3.9083383
227 3.8242574
228 4.0762
229 4.0830507
230 3.901447
231 4.1687584
232 4.2300453
233 4.2665663
234 4.1138544
235 4.3097963
236 4.0315766
237 4.1679945
238 4.004403
239 4.1114216
240 4.0777373
241 4.2247233
242 4.1800017
243 4.226726
244 4.1097846
245 4.349373
246 4.3921037
247 4.151471
248 4.3760085
249 4.2968955
250 4.2160783
251 4.4664063
252 4.008116
253 4.0946846
254 4.2431765
255 4.0592136
256 4.2741385
257 4.177893
258 4.1427355
259 4.093403
260 3.9185646
261 3.960347
262 4.0616894
263 4.04537
264 4.069091
265 4.20403
266 4.1232333
267 4.1003413
268 3.9376383
269 4.0626945
270 3.8549292
271 4.132449
272 4.0373654
273 4.070505
274 4.0967884
275 4.201844
276 4.175767
277 3.9996984
278 4.137422
279 4.09521
280 4.13427
281 4.11794
282 4.037878
283 4.248196
284 4.0218444
285 4.1888113
286 3.7980287
287 4.2005615
288 3.947017
289 4.2761197
290 4.0959916
291 4.2980695
292 4.0734344
293 4.1388516
294 4.134456
295 4.3005795
296 4.112226
297 3.971202
298 4.429862
299 4.1689315
300 4.3036256
301 3.9378703
302 3.9597597
303 4.046361
304 3.8301606
305 4.3142943
306 4.0910625
307 3.8539839
308 4.10684
309 3.9172986
310 4.1001635
311 3.9942954
312 3.8719053
313 3.975359
314 4.0335994
315 4.123789
316 3.9788506
317 3.8947625
318 3.6647089
319 4.0643477
320 4.011429
321 3.805078
322 4.0275087
323 3.9666831
324 3.8968165
325 3.9150085
326 3.8628516
327 3.7576985
328 3.9185205
329 3.711762
330 3.7239947
331 4.0536766
332 4.0482397
333 3.7766175
334 3.9375665
335 3.8003106
336 4.0776434
337 3.9458148
338 3.9310975
339 3.96435
340 3.921686
341 3.966712
342 4.007395
343 3.9568942
344 3.9389393
345 4.1681685
346 4.158401
347 4.1763277
348 3.878436
349 3.8349555
350 4.131221
351 3.9691799
352 4.015221
353 4.3734236
354 3.945551
355 3.8361123
356 3.8485558
357 3.849392
358 3.8464084
359 3.9149256
360 4.021568
361 3.952312
362 3.9997532
363 4.3746676
364 4.1039743
365 4.1475425
366 4.0434585
367 4.1967554
368 3.9610972
369 4.0436997
370 4.2332287
371 4.005559
372 4.012922
373 3.9862695
374 4.1089525
375 3.8810616
376 4.15607
377 3.9321032
378 3.9088264
379 4.0192423
380 4.126296
381 4.0847225
382 3.9581637
383 3.9839554
384 3.9990733
385 3.8890705
386 3.9581425
387 3.928115
388 4.1519747
389 3.9539223
390 4.0347633
391 4.002429
392 3.8295135
393 3.703881
394 4.0184917
395 3.861847
396 3.8553162
397 3.8195496
398 4.030784
399 3.9575908
400 4.1164513
401 4.069857
402 3.9476373
403 3.8458023
404 3.8352509
405 4.275471
406 4.2721553
407 4.033301
408 3.8073866
409 4.0105953
410 4.0438013
411 4.1474967
412 4.0767007
413 3.942297
414 3.8192024
415 3.7117655
416 3.8492877
417 4.0004807
418 3.9676738
419 3.7449546
420 3.7454178
421 3.6618888
422 3.8155262
423 3.8613286
424 3.9781244
425 4.0403514
426 4.0005894
427 3.9500754
428 3.7029269
429 3.9510145
430 3.941172
431 4.0545344
432 4.1273694
433 3.8211694
434 3.9215326
435 3.581555
436 3.585095
437 3.621386
438 3.7554357
439 3.831063
440 3.79768
441 3.7995641
442 3.7594337
443 3.9088922
444 3.8887894
445 3.8419623
446 3.780447
447 3.775747
448 3.8557885
449 4.0384145
450 3.9600914
451 4.00815
452 3.5434332
453 3.7835379
454 3.9794436
455 3.561743
456 3.9529414
457 3.7089307
458 3.7671626
459 3.7677264
460 3.818336
461 4.141119
462 4.2254863
463 4.0476346
464 3.9533143
465 3.7589598
466 3.911564
467 4.0703077
468 3.879991
469 3.9418068
470 3.8121004
471 3.664611
472 3.9738176
473 4.1601634
474 3.8477166
475 4.05844
476 3.8887954
477 3.6262355
478 3.8420532
479 3.6334765
480 3.7293646
481 3.7413285
482 3.956309
483 3.906458
484 3.8618739
485 4.0140758
486 3.9575057
487 3.8581772
488 3.5279825
489 3.9703336
490 3.704113
491 3.7474296
492 3.8020744
493 3.9921634
494 3.7698305
495 3.9518912
496 3.8999722
497 3.6786277
498 3.842858
499 3.91332
500 4.059366
501 3.7568047
502 4.1357446
503 4.269364
504 3.9744492
505 3.8190482
506 3.8566995
507 4.07203
508 3.7223704
509 3.8573754
510 3.8310683
511 3.860045
512 3.8552299
513 4.045738
514 3.987457
515 3.7527487
516 4.153374
517 3.9209323
518 3.7800524
519 3.8356032
520 3.910855
521 3.8226328
522 3.8229148
523 3.7583187
524 3.7990596
525 4.0387874
526 3.890337
527 3.706641
528 3.9629343
529 3.8252504
530 3.8702574
531 3.7316442
532 3.855539
533 3.6157365
534 3.5404909
535 3.612813
536 4.077279
537 3.7760766
538 3.743975
539 3.7811549
540 3.9171824
541 3.524301
542 3.6090322
543 3.5311956
544 3.7814946
545 3.824374
546 3.8379476
547 3.5182803
548 3.8205209
549 3.708534
550 3.6913192
551 3.7151423
552 3.7758398
553 3.875291
554 3.5819776
555 3.573423
556 3.8088064
557 3.8131504
558 4.1175327
559 3.5608487
560 3.6702619
561 3.5953443
562 3.8447993
563 3.604245
564 3.3779786
565 3.70311
566 3.9588425
567 4.0490637
568 3.848887
569 3.9461136
570 3.7448342
571 3.4006236
572 3.759998
573 3.6790192
574 3.6432755
575 3.5917015
576 3.8616023
577 3.4188929
578 3.7617297
579 3.8836055
580 3.6620865
581 3.603829
582 3.913653
583 3.966462
584 3.816256
585 3.6712022
586 3.9439645
587 3.7667553
588 3.9611921
589 3.621167
590 3.8042593
591 3.663988
592 3.6165268
593 3.539818
594 3.4375548
595 3.3675048
596 3.6163054
597 3.5222163
598 3.4552178
599 3.8178427
600 4.0135493
601 3.7501993
602 3.6134195
603 3.4172919
604 3.401013
605 3.823118
606 3.8870225
607 3.9323082
608 3.7205544
609 3.738032
610 3.665131
611 3.733594
612 3.7678666
613 3.855773
614 3.7559128
615 3.450105
616 3.6943977
617 3.613441
618 3.492155
619 3.76771
620 3.7918484
621 3.6636236
622 3.8632712
623 3.660873
624 3.6859717
625 3.622624
626 3.7798278
627 3.9130096
628 3.8211453
629 3.7354047
630 4.025751
631 3.7526882
632 3.8349297
633 3.5919302
634 3.553354
635 3.8415427
636 3.6513333
637 3.6764781
638 3.2801692
639 3.5052547
640 3.806416
641 3.6818743
642 3.5900764
643 3.608436
644 3.6520083
645 3.7243059
646 3.7483997
647 3.3076515
648 3.2539904
649 3.5168176
650 3.6736171
651 3.7487245
652 3.647554
653 4.0749507
654 3.8995674
655 3.788336
656 3.9477668
657 3.6725993
658 3.5839863
659 3.8067586
660 3.5943573
661 3.7035575
662 3.884558
663 3.6555176
664 3.7407527
665 3.835324
666 3.657902
667 3.797097
668 3.6159
669 3.7039204
670 3.9511218
671 3.44012
672 3.886982
673 3.7518585
674 3.534818
675 3.624512
676 4.0610213
677 3.64753
678 3.6102662
679 3.8060098
680 3.432107
681 3.6156697
682 3.7045045
683 3.8478022
684 3.501297
685 3.5984364
686 3.76362
687 3.8579826
688 3.846809
689 3.759697
690 3.8236623
691 3.816575
692 3.669396
693 3.560468
694 3.8464527
695 3.5273993
696 3.6262836
697 3.5438256
698 3.8685255
699 3.472265
700 3.6335196
701 3.7659261
702 3.5946913
703 3.6843586
704 3.823197
705 3.7296674
706 3.7806995
707 3.618989
708 3.6720016
709 3.9520447
710 3.5348253
711 3.727565
712 3.828138
713 3.5293794
714 3.9765687
715 3.6492252
716 3.4775312
717 3.6697662
718 3.370093
719 3.7512932
720 3.4354253
721 3.773828
722 3.6795928
723 3.467779
724 3.8450277
725 3.4563522
726 3.5306234
727 3.7915883
728 3.5266979
729 3.690392
730 3.4956365
731 4.0155215
732 3.8116233
733 3.5543103
734 3.4311435
735 3.571756
736 3.5644655
737 3.7244277
738 3.6255438
739 3.8413322
740 3.504066
741 3.6241522
742 3.565558
743 3.9424443
744 3.6383202
745 3.5001347
746 3.5295718
747 3.3134792
748 3.663893
749 3.7537951
750 3.484731
751 3.5702074
752 3.671841
753 3.7716923
754 3.9426522
755 3.4151726
756 3.5470865
757 3.6212325
758 3.4611416
759 3.4684033
760 3.4342406
761 3.656673
762 3.522427
763 3.9208965
764 3.647099
765 3.2627506
766 3.4785795
767 3.6710153
768 3.5170803
769 3.3977077
770 3.6545017
771 3.4356027
772 3.4995823
773 3.6260786
774 3.3640494
775 3.4336061
776 3.5953846
777 3.3384075
778 3.488534
779 3.5424676
780 3.6040206
781 3.4343758
782 3.6334612
783 3.7922723
784 3.4055433
785 3.4524705
786 3.4301457
787 3.7740853
788 3.819468
789 3.713435
790 3.660283
791 3.6110668
792 3.6397903
793 3.7177339
794 3.9601195
795 3.4093847
796 3.5420077
797 3.737833
798 3.8024554
799 3.5376348
800 3.4501088
801 3.298093
802 3.454985
803 3.440325
804 3.9195502
805 3.7241151
806 3.654848
807 3.2271175
808 3.74677
809 3.739784
810 3.3494189
811 3.3773685
812 3.5631523
813 3.4613097
814 3.6421857
815 3.850094
816 3.644692
817 3.921472
818 3.8831432
819 3.8701043
820 3.6784513
821 3.5678234
822 3.6648023
823 3.744142
824 3.8683245
825 3.736599
826 3.6759832
827 3.5910387
828 3.9429564
829 3.644258
830 3.5883815
831 3.55407
832 3.7062707
833 3.4674866
834 3.8349192
835 3.853412
836 3.3920047
837 3.6696303
838 3.374033
839 3.5881214
840 3.3421705
841 3.6027975
842 3.681825
843 3.5874276
844 3.6694813
845 3.842865
846 3.364357
847 3.4122574
848 3.845027
849 3.4993207
850 3.7126038
851 3.489555
852 3.9182143
853 3.4478662
854 3.3863354
855 3.6022804
856 3.373904
857 3.607217
858 3.3965855
859 3.319047
860 3.6851606
861 3.6464498
862 3.6761305
863 3.4141228
864 3.7170775
865 3.7031841
866 3.3171363
867 3.5746067
868 3.455332
869 3.4210408
870 3.3345532
871 3.5541089
872 3.4815898
873 3.3671522
874 3.5425801
875 3.5519402
876 3.5160384
877 3.2297728
878 3.385979
879 3.7220368
880 3.583793
881 3.333399
882 3.57968
883 3.4697406
884 3.5005963
885 3.4072292
886 3.158045
887 3.484727
888 3.5911381
889 3.7443075
890 3.6557634
891 3.672294
892 3.6723325
893 3.5719385
894 3.6117122
895 3.5737069
896 3.433187
897 3.4727955
898 3.5503478
899 3.5768642
900 3.2557757
901 3.6439157
902 3.682853
903 3.5602245
904 3.5793352
905 3.394092
906 3.4439614
907 3.7297444
908 3.638622
909 3.7386262
910 3.365697
911 3.8505797
912 3.3411875
913 3.4756691
914 3.6871436
915 3.1461332
916 3.4499211
917 3.4750488
918 3.3246326
919 3.439251
920 3.456323
921 3.3820226
922 3.615634
923 3.5849433
924 3.4727108
925 3.695539
926 3.315859
927 3.3794172
928 3.4449427
929 3.3379214
930 3.4641626
931 3.7213516
932 3.6297014
933 3.2769315
934 3.5537262
935 3.1622334
936 3.6060953
937 3.7061417
938 3.4434996
939 3.354888
940 3.537348
941 3.3965755
942 3.61195
943 3.6891372
944 3.3521094
945 3.5224664
946 3.4045634
947 3.5195856
948 3.3630216
949 3.4624033
950 3.587157
951 3.6599429
952 3.5023794
953 3.50178
954 3.5724013
955 3.6608343
956 3.5037034
957 4.015215
958 3.6599703
959 3.5581954
960 3.4142644
961 3.5389853
962 3.7442985
963 3.349911
964 3.7207432
965 3.3423948
966 3.682703
967 3.631005
968 3.4979253
969 3.6721983
970 3.517736
971 3.621115
972 3.7225363
973 3.3736374
974 3.7247198
975 3.2743912
976 3.4153106
977 3.781207
978 3.8584893
979 3.4880168
980 3.6406512
981 3.4609723
982 3.6246712
983 3.422072
984 3.7364671
985 3.914478
986 3.4959185
987 3.3530982
988 3.4650276
989 3.271104
990 3.8224366
991 3.709118
992 3.8364768
993 3.5066974
994 3.6315057
995 3.764245
996 3.4723606
997 3.5103083
998 3.4313393
999 3.4383345
1000 3.5453367
