1 5.341599
2 5.319199
3 5.25141
4 5.173464
5 5.113346
6 5.0386615
7 4.92864
8 4.743296
9 4.6379313
10 4.473286
11 4.2735467
12 4.278186
13 4.0845513
14 4.1978846
15 4.075174
16 3.7811635
17 3.8411725
18 3.836249
19 3.7975986
20 3.8524017
21 3.7769237
22 3.825273
23 3.6380832
24 3.8097272
25 3.7430902
26 3.7021084
27 3.7142825
28 3.7200687
29 3.752004
30 3.5965638
31 3.5614333
32 3.6785054
33 3.549128
34 3.7000728
35 3.7011993
36 3.7560802
37 3.7131443
38 3.6251216
39 3.6577258
40 3.729074
41 3.5858254
42 3.501843
43 3.494199
44 3.7441468
45 3.5370727
46 3.5333915
47 3.347992
48 3.579158
49 3.6322517
50 3.6074154
51 3.7405834
52 3.73478
53 3.629682
54 3.519835
55 3.5314116
56 3.5957623
57 3.5963092
58 3.5889907
59 3.6826184
60 3.5843468
61 3.5785172
62 3.4653206
63 3.293626
64 3.5188668
65 3.5659008
66 3.4172797
67 3.4815018
68 3.654017
69 3.6266468
70 3.5278115
71 3.6797078
72 3.6854107
73 3.5262418
74 3.5588963
75 3.490933
76 3.5329432
77 3.2413247
78 3.4232564
79 3.5537586
80 3.5136745
81 3.5866406
82 3.5689864
83 3.555196
84 3.5229678
85 3.5478966
86 3.5348232
87 3.381642
88 3.478848
89 3.50932
90 3.3692741
91 3.4922814
92 3.5815861
93 3.495092
94 3.5917401
95 3.5575776
96 3.6468232
97 3.5142446
98 3.4876456
99 3.3930488
100 3.4112067
101 3.3813367
102 3.5157094
103 3.2910304
104 3.353022
105 3.2228227
106 3.3240364
107 3.3577552
108 3.2714481
109 3.236477
110 3.3632705
111 3.4525743
112 3.4009557
113 3.471646
114 3.238977
115 3.276791
116 3.1567216
117 3.1666586
118 3.3476372
119 3.2806504
120 3.1496449
121 3.2129447
122 3.1883445
123 3.1173744
124 3.051442
125 3.21941
126 3.115036
127 3.0671892
128 3.1623204
129 3.126071
130 3.1428194
131 3.143673
132 3.147464
133 3.2193565
134 3.161178
135 3.0580447
136 3.2203155
137 3.1808295
138 3.0186577
139 3.1863112
140 3.0712302
141 2.9339206
142 3.0643034
143 3.113875
144 2.915543
145 3.0690944
146 3.2029412
147 3.2279916
148 3.1440341
149 3.1985626
150 3.0965145
151 2.9841433
152 2.8968968
153 3.2258065
154 3.1024842
155 3.0512233
156 2.986677
157 2.9771833
158 2.986897
159 3.0064263
160 2.9546494
161 2.953375
162 2.9307885
163 3.1481423
164 3.0272682
165 2.976525
166 2.894898
167 3.058308
168 3.065454
169 3.0246139
170 2.934758
171 2.9344583
172 3.0070004
173 2.9855435
174 2.882071
175 2.8169384
176 3.000203
177 3.0353515
178 3.1491294
179 2.813486
180 3.0144832
181 2.8490856
182 2.9313648
183 3.0893197
184 2.8525937
185 2.8571692
186 2.9981358
187 3.207898
188 2.9227042
189 3.0138004
190 2.9685311
191 2.9198384
192 2.8768458
193 2.9300199
194 2.851701
195 2.8630102
196 2.8454506
197 2.7306175
198 2.7912526
199 2.7925713
200 3.018287
201 2.9718957
202 2.9898427
203 2.9498897
204 2.8491607
205 2.9728453
206 2.915984
207 2.7891529
208 2.8443472
209 2.8200767
210 2.7008922
211 2.8992333
212 2.8874457
213 2.8486733
214 2.792002
215 2.8355985
216 2.8089468
217 2.6576328
218 2.7908473
219 2.8904
220 2.883224
221 2.9819028
222 2.7957501
223 2.8245034
224 2.7102003
225 2.8586016
226 2.7090538
227 2.6507733
228 2.8254066
229 2.8301551
230 2.704277
231 2.889563
232 2.932044
233 2.9573584
234 2.8515067
235 2.9873233
236 2.794476
237 2.8890338
238 2.7756407
239 2.8498204
240 2.826472
241 2.9283552
242 2.8973565
243 2.9297433
244 2.8486855
245 3.0147557
246 3.0443742
247 2.8775806
248 3.033218
249 2.978381
250 2.9223628
251 3.095877
252 2.7782142
253 2.8382192
254 2.941146
255 2.8136325
256 2.962607
257 2.8958948
258 2.8715255
259 2.8373308
260 2.716142
261 2.7451034
262 2.8153486
263 2.8040369
264 2.820479
265 2.9140117
266 2.8580074
267 2.8421402
268 2.729363
269 2.8160453
270 2.6720333
271 2.8643956
272 2.7984884
273 2.8214593
274 2.8396773
275 2.9124966
276 2.894421
277 2.7723796
278 2.8678424
279 2.8385835
280 2.8656578
281 2.8543384
282 2.7988439
283 2.9446251
284 2.78773
285 2.9034626
286 2.632593
287 2.9116075
288 2.7358637
289 2.9639802
290 2.8391252
291 2.9791946
292 2.8234897
293 2.8688335
294 2.8657866
295 2.9809346
296 2.850378
297 2.7526274
298 3.0705464
299 2.8896832
300 2.983046
301 2.7295237
302 2.7446964
303 2.8047237
304 2.654865
305 2.9904408
306 2.8357086
307 2.6713781
308 2.8466446
309 2.7152646
310 2.8420167
311 2.7686346
312 2.6838002
313 2.755509
314 2.795878
315 2.8583927
316 2.757929
317 2.6996436
318 2.5401826
319 2.8171911
320 2.7805107
321 2.637479
322 2.7916565
323 2.7494953
324 2.7010674
325 2.7136772
326 2.6775248
327 2.604638
328 2.7161114
329 2.5727973
330 2.5812764
331 2.8097947
332 2.806026
333 2.6177518
334 2.7293131
335 2.6341746
336 2.8264072
337 2.7350304
338 2.7248292
339 2.747878
340 2.7183056
341 2.7495153
342 2.7777145
343 2.74271
344 2.7302647
345 2.8891544
346 2.8823838
347 2.89481
348 2.688327
349 2.6581886
350 2.863544
351 2.751226
352 2.7831392
353 3.0314262
354 2.7348475
355 2.6589904
356 2.6676157
357 2.6681952
358 2.6661272
359 2.7136197
360 2.7875385
361 2.739534
362 2.7724178
363 3.0322886
364 2.8446581
365 2.8748574
366 2.8027117
367 2.9089692
368 2.7456234
369 2.802879
370 2.9342506
371 2.776442
372 2.7815456
373 2.7630715
374 2.8481088
375 2.690147
376 2.8807683
377 2.7255263
378 2.709392
379 2.7859263
380 2.8601305
381 2.8313138
382 2.74359
383 2.7614675
384 2.7719464
385 2.6956983
386 2.7435753
387 2.7227619
388 2.8779294
389 2.7406502
390 2.7966847
391 2.7742724
392 2.6544166
393 2.5673347
394 2.785406
395 2.6768284
396 2.6723015
397 2.64751
398 2.7939267
399 2.743193
400 2.8533068
401 2.8210099
402 2.7362938
403 2.665707
404 2.6583934
405 2.963531
406 2.9612324
407 2.7956712
408 2.6390793
409 2.7799327
410 2.8029494
411 2.8748257
412 2.8257537
413 2.732592
414 2.6472695
415 2.5728
416 2.668123
417 2.7729218
418 2.750182
419 2.5958047
420 2.5961258
421 2.538228
422 2.6447213
423 2.676469
424 2.7574258
425 2.800558
426 2.7729974
427 2.7379837
428 2.5666733
429 2.7386346
430 2.7318122
431 2.8103893
432 2.8608747
433 2.6486328
434 2.7181993
435 2.4825447
436 2.4849985
437 2.5101535
438 2.6030698
439 2.6554906
440 2.6323512
441 2.6336572
442 2.605841
443 2.7094376
444 2.6955035
445 2.6630454
446 2.6204062
447 2.6171484
448 2.6726289
449 2.7992158
450 2.7449262
451 2.7782378
452 2.4561207
453 2.6225486
454 2.7583401
455 2.4688122
456 2.7399702
457 2.5708349
458 2.6111982
459 2.611589
460 2.646669
461 2.870405
462 2.9288838
463 2.8056066
464 2.7402287
465 2.6055124
466 2.7112896
467 2.8213222
468 2.689405
469 2.7322524
470 2.6423466
471 2.5401149
472 2.7544405
473 2.8836055
474 2.667034
475 2.8130965
476 2.6955075
477 2.513515
478 2.6631083
479 2.518534
480 2.5849986
481 2.5932913
482 2.7423046
483 2.7077503
484 2.676847
485 2.7823453
486 2.743134
487 2.6742847
488 2.4454112
489 2.7520256
490 2.5674956
491 2.5975204
492 2.6353972
493 2.7671568
494 2.6130474
495 2.7392423
496 2.7032547
497 2.5498304
498 2.6636662
499 2.7125068
500 2.8137383
501 2.6040187
502 2.8666797
503 2.9592977
504 2.7548783
505 2.6471624
506 2.6732605
507 2.8225162
508 2.5801506
509 2.673729
510 2.6554942
511 2.6755793
512 2.6722417
513 2.8042922
514 2.7638946
515 2.6012073
516 2.8788998
517 2.7177832
518 2.6201327
519 2.6586375
520 2.7107983
521 2.6496472
522 2.6498427
523 2.605068
524 2.6333075
525 2.7994742
526 2.696576
527 2.5692477
528 2.7468967
529 2.6514616
530 2.682658
531 2.5865786
532 2.672456
533 2.5062375
534 2.4540813
535 2.5042112
536 2.8261547
537 2.6173768
538 2.5951257
539 2.6208968
540 2.715184
541 2.4428594
542 2.5015905
543 2.4476383
544 2.6211324
545 2.650854
546 2.6602626
547 2.4386861
548 2.6481833
549 2.57056
550 2.5586276
551 2.5751405
552 2.6172128
553 2.6861472
554 2.4828377
555 2.476908
556 2.6400635
557 2.6430745
558 2.8540564
559 2.4681923
560 2.5440316
561 2.4921029
562 2.665012
563 2.4982722
564 2.3414364
565 2.5668004
566 2.7440605
567 2.8065972
568 2.6678452
569 2.7352376
570 2.5957212
571 2.3571327
572 2.6062322
573 2.5501018
574 2.5253263
575 2.4895778
576 2.6766589
577 2.369796
578 2.6074324
579 2.6919103
580 2.538365
581 2.497984
582 2.7127376
583 2.749342
584 2.6452272
585 2.5446835
586 2.733748
587 2.610916
588 2.7456892
589 2.5100017
590 2.6369116
591 2.539683
592 2.5067854
593 2.453615
594 2.3827314
595 2.3341765
596 2.5066319
597 2.4414144
598 2.3949745
599 2.646327
600 2.7819805
601 2.59944
602 2.5046315
603 2.3686862
604 2.3574026
605 2.6499834
606 2.6942787
607 2.7256684
608 2.5788918
609 2.5910065
610 2.5404754
611 2.5879302
612 2.6116862
613 2.6726182
614 2.6034005
615 2.3914306
616 2.5607615
617 2.5046465
618 2.4205775
619 2.6115775
620 2.628309
621 2.5394304
622 2.6778157
623 2.5375237
624 2.554921
625 2.5110116
626 2.619977
627 2.7122917
628 2.648616
629 2.5891852
630 2.790438
631 2.6011653
632 2.6581707
633 2.4897363
634 2.4629974
635 2.6627545
636 2.5309114
637 2.5483406
638 2.2736402
639 2.4296575
640 2.6384065
641 2.5520809
642 2.4884515
643 2.5011773
644 2.5313792
645 2.5814922
646 2.5981927
647 2.2926893
648 2.2554944
649 2.4376721
650 2.5463574
651 2.5984178
652 2.5282917
653 2.8245406
654 2.702974
655 2.6258745
656 2.7363834
657 2.545652
658 2.48423
659 2.638644
660 2.4914186
661 2.5671105
662 2.6925704
663 2.5338118
664 2.5928922
665 2.6584442
666 2.5354645
667 2.631947
668 2.506351
669 2.567362
670 2.738709
671 2.3845096
672 2.6942506
673 2.6005902
674 2.450149
675 2.5123203
676 2.8148856
677 2.5282753
678 2.502446
679 2.638125
680 2.3789554
681 2.5061913
682 2.567767
683 2.6670933
684 2.4269142
685 2.494246
686 2.6087425
687 2.6741498
688 2.6664047
689 2.6060233
690 2.6503608
691 2.6454482
692 2.5434315
693 2.4679284
694 2.666158
695 2.4450068
696 2.5135484
697 2.4563928
698 2.6814575
699 2.4067907
700 2.518564
701 2.610341
702 2.49165
703 2.5538027
704 2.6500382
705 2.5852084
706 2.6205812
707 2.508492
708 2.5452375
709 2.7393486
710 2.4501543
711 2.5837512
712 2.6534631
713 2.4463794
714 2.7563474
715 2.5294502
716 2.410441
717 2.543688
718 2.3359706
719 2.6001983
720 2.3812554
721 2.6158183
722 2.5504994
723 2.4036813
724 2.6651702
725 2.3957608
726 2.4472418
727 2.6281288
728 2.4445207
729 2.5579848
730 2.4229906
731 2.7833474
732 2.642016
733 2.4636602
734 2.3782876
735 2.4757526
736 2.4706993
737 2.5815766
738 2.5130355
739 2.6626086
740 2.4288335
741 2.512071
742 2.4714565
743 2.7326941
744 2.5218914
745 2.4261086
746 2.4465127
747 2.2967288
748 2.539617
749 2.6019325
750 2.4154315
751 2.4746792
752 2.5451262
753 2.614338
754 2.7328384
755 2.3672173
756 2.458653
757 2.5100472
758 2.3990805
759 2.404114
760 2.3804343
761 2.5346127
762 2.4415605
763 2.7177584
764 2.5279765
765 2.2615664
766 2.4111676
767 2.544554
768 2.4378543
769 2.3551116
770 2.5331075
771 2.3813784
772 2.4257257
773 2.5134063
774 2.3317814
775 2.3799944
776 2.4921308
777 2.3140078
778 2.4180675
779 2.4554515
780 2.4981167
781 2.380528
782 2.5185235
783 2.628603
784 2.3605428
785 2.3930702
786 2.377596
787 2.6159966
788 2.6474535
789 2.573957
790 2.5371149
791 2.5030007
792 2.5229104
793 2.5769367
794 2.7449458
795 2.3632054
796 2.4551327
797 2.5908685
798 2.6356614
799 2.4521017
800 2.3914332
801 2.286064
802 2.394813
803 2.3846517
804 2.7168252
805 2.5813599
806 2.5333476
807 2.2368674
808 2.597063
809 2.5922208
810 2.3216403
811 2.3410134
812 2.469789
813 2.399197
814 2.5245707
815 2.6686819
816 2.526308
817 2.7181573
818 2.6915898
819 2.6825519
820 2.5497081
821 2.4730268
822 2.5402474
823 2.5952415
824 2.6813183
825 2.590013
826 2.5479975
827 2.4891183
828 2.7330492
829 2.5260072
830 2.4872766
831 2.4634936
832 2.5689912
833 2.4034786
834 2.6581635
835 2.6709816
836 2.3511586
837 2.543594
838 2.3387015
839 2.4870963
840 2.316616
841 2.497269
842 2.5520465
843 2.4866154
844 2.5434906
845 2.663671
846 2.3319945
847 2.3651967
848 2.6651697
849 2.4255443
850 2.573381
851 2.418775
852 2.7158992
853 2.3898787
854 2.3472288
855 2.4969106
856 2.338612
857 2.5003324
858 2.3543336
859 2.3005881
860 2.5543587
861 2.5275264
862 2.5480995
863 2.3664896
864 2.5764818
865 2.5668516
866 2.2992637
867 2.4777286
868 2.3950536
869 2.3712847
870 2.3113363
871 2.4635205
872 2.4132543
873 2.3339322
874 2.4555295
875 2.4620173
876 2.4371321
877 2.238708
878 2.3469818
879 2.5799193
880 2.484096
881 2.3105361
882 2.481245
883 2.405041
884 2.4264286
885 2.3617113
886 2.18899
887 2.4154286
888 2.4891872
889 2.5953562
890 2.533982
891 2.5454402
892 2.545467
893 2.4758792
894 2.5034482
895 2.477105
896 2.379704
897 2.4071584
898 2.4609137
899 2.4792933
900 2.2567317
901 2.52577
902 2.5527592
903 2.4677596
904 2.4810061
905 2.3526053
906 2.3871722
907 2.5852618
908 2.5221007
909 2.5914183
910 2.3329234
911 2.6690185
912 2.3159347
913 2.4091504
914 2.5557332
915 2.1807334
916 2.391303
917 2.4087203
918 2.3044598
919 2.383907
920 2.3957405
921 2.3442395
922 2.5061665
923 2.4848933
924 2.4070997
925 2.5615525
926 2.2983785
927 2.3424335
928 2.3878524
929 2.3136709
930 2.4011745
931 2.5794444
932 2.5159173
933 2.271396
934 2.4632554
935 2.191893
936 2.4995549
937 2.5689018
938 2.386852
939 2.325431
940 2.4519029
941 2.3543267
942 2.503613
943 2.557115
944 2.3235052
945 2.4415877
946 2.3598635
947 2.439591
948 2.331069
949 2.399955
950 2.4864278
951 2.536879
952 2.4276645
953 2.427249
954 2.4761999
955 2.537497
956 2.4285822
957 2.783135
958 2.5368981
959 2.4663532
960 2.3665879
961 2.4530377
962 2.59535
963 2.3219814
964 2.5790226
965 2.3167715
966 2.5526552
967 2.516821
968 2.424577
969 2.545374
970 2.4383087
971 2.5099657
972 2.5802655
973 2.3384273
974 2.581779
975 2.269635
976 2.367313
977 2.620933
978 2.674501
979 2.417709
980 2.523507
981 2.3989632
982 2.5124307
983 2.3719995
984 2.5899217
985 2.7133095
986 2.423186
987 2.3241906
988 2.4017742
989 2.2673566
990 2.649511
991 2.5709646
992 2.659243
993 2.4306574
994 2.517168
995 2.609176
996 2.406857
997 2.4331603
998 2.3784232
999 2.383272
1000 2.4574401
