1 204.13713
2 203.30557
3 203.08817
4 202.07706
5 200.31477
6 197.13431
7 191.84892
8 180.66885
9 163.79889
10 140.12526
11 109.828125
12 86.14781
13 73.29817
14 66.69939
15 63.495564
16 60.890434
17 57.244812
18 53.232033
19 49.276505
20 44.99774
21 42.330997
22 39.853638
23 38.340942
24 36.976715
25 35.914
26 35.598953
27 35.424427
28 35.418285
29 35.84391
30 36.39314
31 36.80028
32 37.19341
33 37.693737
34 37.635895
35 37.799255
36 37.770107
37 37.993053
38 38.218597
39 38.310425
40 38.303764
41 38.718136
42 38.87559
43 38.39727
44 38.24708
45 37.606483
46 37.044746
47 35.754047
48 34.690086
49 33.41021
50 32.673073
51 32.407734
52 32.58499
53 33.145557
54 33.977886
55 35.181057
56 36.39372
57 37.577553
58 38.405586
59 39.57287
60 40.207058
61 41.40277
62 41.345364
63 39.55127
64 37.82801
65 36.516808
66 35.097054
67 33.589962
68 33.574604
69 33.285458
70 33.48411
71 34.33953
72 36.487564
73 37.32292
74 38.00666
75 39.350952
76 39.538258
77 39.684105
78 40.11242
79 41.24551
80 40.155277
81 39.267338
82 41.354683
83 39.206287
84 37.23008
85 37.769585
86 39.686203
87 40.74726
88 40.78246
89 38.99237
90 39.360264
91 39.997368
92 37.588295
93 37.219303
94 37.74311
95 35.154106
96 36.022278
97 40.482628
98 40.749046
99 35.55051
100 36.893967
101 38.90854
102 37.835064
103 39.076252
104 38.241646
105 35.978905
106 37.361855
107 37.447777
108 34.20867
109 31.534527
110 31.647831
111 30.895441
112 34.136482
113 35.240368
114 36.704124
115 35.54883
116 35.281277
117 32.066753
118 34.28576
119 33.251335
120 32.354843
121 34.739082
122 32.06133
123 30.89151
124 29.441677
125 30.650623
126 30.510584
127 30.040958
128 29.237183
129 29.805256
130 30.873407
131 30.886623
132 29.690542
133 29.004742
134 29.681843
135 27.67474
136 28.26738
137 32.827576
138 31.069433
139 30.35134
140 29.687256
141 28.666687
142 27.728329
143 28.09491
144 26.369623
145 26.715023
146 27.060284
147 29.264889
148 27.912495
149 28.946072
150 29.287313
151 28.72492
152 28.903778
153 29.982635
154 29.89298
155 27.104502
156 28.502024
157 27.05669
158 27.253357
159 24.29718
160 24.831253
161 24.277647
162 25.125473
163 24.185131
164 25.347925
165 24.723434
166 24.919521
167 24.891174
168 27.657888
169 26.916489
170 26.069172
171 26.434795
172 27.107061
173 26.411686
174 26.6883
175 25.435177
176 25.534603
177 25.62623
178 25.350134
179 24.728975
180 25.05563
181 23.648941
182 24.795984
183 25.711035
184 23.872427
185 22.746738
186 24.423748
187 25.905497
188 25.063545
189 24.828785
190 24.839828
191 24.115236
192 23.133717
193 24.301952
194 23.868732
195 23.65377
196 23.831684
197 22.881058
198 23.222584
199 24.261806
200 25.144617
201 23.470531
202 23.453684
203 25.190834
204 24.267109
205 23.846676
206 25.440578
207 25.311947
208 25.947369
209 24.110968
210 23.129456
211 23.668674
212 23.800562
213 24.337513
214 23.482655
215 22.45974
216 23.163214
217 22.247066
218 22.540695
219 22.378149
220 23.76963
221 23.7991
222 23.265
223 22.25846
224 22.517706
225 22.033884
226 22.15752
227 21.957659
228 22.068493
229 22.60695
230 21.947002
231 22.262089
232 22.23956
233 21.92641
234 22.136501
235 23.723095
236 21.744913
237 22.482925
238 22.889956
239 23.427195
240 22.45821
241 23.608349
242 23.019081
243 24.301905
244 22.568752
245 24.09272
246 22.795876
247 23.162128
248 22.950756
249 24.261051
250 23.726917
251 24.882147
252 23.891945
253 23.941738
254 24.953426
255 24.008535
256 23.406012
257 23.287739
258 24.282076
259 23.089468
260 22.748495
261 22.516851
262 23.233498
263 22.244122
264 23.278244
265 21.695988
266 23.268719
267 22.612679
268 21.731287
269 23.963764
270 22.548418
271 23.26059
272 21.654118
273 22.531012
274 21.933924
275 21.383072
276 21.375498
277 21.122831
278 21.88845
279 20.739237
280 22.457684
281 22.10493
282 22.185139
283 23.4203
284 22.248316
285 23.317291
286 22.018429
287 23.360989
288 23.36343
289 24.95263
290 23.621754
291 24.25719
292 23.527004
293 23.554438
294 22.1112
295 23.516184
296 21.845331
297 22.670523
298 22.62789
299 22.544613
300 22.57395
301 22.080105
302 21.283222
303 23.566805
304 22.326553
305 23.35875
306 22.533474
307 22.416409
308 22.227283
309 23.31852
310 22.994068
311 21.135462
312 21.893854
313 21.57406
314 20.774155
315 21.85138
316 21.190128
317 21.563053
318 19.09914
319 20.594782
320 20.851917
321 19.916481
322 19.897923
323 19.726376
324 20.601133
325 20.553146
326 20.260626
327 19.911114
328 20.454538
329 19.436926
330 19.78603
331 19.99294
332 20.125986
333 19.461187
334 19.160305
335 18.833258
336 20.682625
337 18.726025
338 19.61723
339 21.61379
340 21.846725
341 21.125742
342 21.765232
343 22.133886
344 21.347666
345 20.511728
346 20.588892
347 19.898243
348 19.758793
349 18.31734
350 18.98972
351 18.64349
352 17.900892
353 20.5844
354 20.007921
355 19.670183
356 20.201946
357 21.495441
358 20.399015
359 21.710287
360 21.023878
361 22.386547
362 21.164238
363 23.550953
364 22.34194
365 21.886272
366 21.953302
367 22.314766
368 21.394037
369 21.011223
370 21.937948
371 20.562634
372 20.137228
373 20.169353
374 20.089886
375 19.020733
376 20.434645
377 20.170008
378 20.68672
379 20.839642
380 21.26411
381 21.816723
382 20.948153
383 21.248592
384 21.744894
385 20.188444
386 20.383175
387 19.78456
388 20.78429
389 19.53173
390 19.9474
391 19.203608
392 18.886826
393 18.636532
394 19.47993
395 19.676235
396 20.469028
397 19.467005
398 20.724632
399 21.004436
400 20.285452
401 19.471134
402 19.431095
403 19.73312
404 20.042126
405 20.90784
406 21.046053
407 20.069998
408 20.39541
409 20.677341
410 18.850296
411 18.958666
412 19.544342
413 19.714148
414 19.781384
415 19.6517
416 19.934977
417 20.635262
418 20.643993
419 21.981218
420 20.054367
421 20.310589
422 21.096518
423 20.87072
424 20.754648
425 21.396313
426 20.475473
427 20.881838
428 19.432175
429 19.897966
430 20.819965
431 19.856373
432 20.881638
433 19.010242
434 18.526825
435 18.452557
436 19.231258
437 18.743063
438 19.596527
439 18.823181
440 19.763512
441 19.492931
442 19.50139
443 19.00563
444 18.907047
445 19.707853
446 19.473598
447 20.341726
448 18.418556
449 19.083235
450 18.982931
451 18.062641
452 18.133463
453 17.729364
454 19.49432
455 17.316523
456 18.658974
457 18.548162
458 19.592321
459 19.12417
460 19.787865
461 19.824566
462 20.711512
463 18.946686
464 20.156855
465 18.906826
466 20.35354
467 20.49087
468 20.240482
469 19.85284
470 19.25022
471 19.230373
472 19.271294
473 20.80151
474 20.207941
475 19.792793
476 19.053522
477 18.171684
478 19.56884
479 18.640789
480 18.377987
481 20.011974
482 20.259222
483 20.253063
484 19.126669
485 19.734974
486 20.675354
487 20.341288
488 20.147442
489 20.686062
490 19.398174
491 19.953161
492 20.30037
493 19.561148
494 19.803051
495 19.630693
496 19.45802
497 19.487957
498 19.484547
499 18.822315
500 20.290487
501 19.492065
502 19.832085
503 20.322046
504 18.291552
505 18.77011
506 18.964722
507 21.25047
508 19.946049
509 19.998936
510 19.352467
511 19.290348
512 19.49025
513 20.092007
514 20.335419
515 18.903143
516 19.264666
517 18.884228
518 18.332066
519 18.78119
520 18.265491
521 19.205967
522 20.29742
523 19.545183
524 19.266705
525 20.58254
526 19.61885
527 18.499144
528 19.757854
529 19.079824
530 18.683136
531 18.31993
532 18.024939
533 16.882961
534 17.836529
535 17.326756
536 17.241665
537 16.245441
538 17.44953
539 17.163223
540 18.04703
541 16.965965
542 18.37067
543 18.450302
544 18.035645
545 18.93111
546 18.282955
547 17.997906
548 19.371902
549 18.858213
550 18.253956
551 18.435926
552 18.060741
553 19.152561
554 18.324162
555 18.518635
556 17.569958
557 18.813816
558 20.923698
559 19.22115
560 18.178122
561 17.610443
562 17.807562
563 17.841742
564 17.729376
565 18.938108
566 19.428816
567 19.860159
568 18.91441
569 19.417978
570 19.637653
571 18.161846
572 18.703876
573 18.585388
574 17.441753
575 17.350122
576 17.712164
577 16.787937
578 17.908253
579 18.270351
580 16.977234
581 17.27362
582 17.854773
583 19.433369
584 18.794846
585 17.602499
586 17.964993
587 18.349491
588 18.564537
589 16.842855
590 17.437925
591 17.121344
592 17.327656
593 15.949987
594 16.269238
595 16.303452
596 17.841534
597 17.460155
598 16.699383
599 16.989202
600 17.2328
601 17.740028
602 15.234996
603 16.479517
604 15.945694
605 17.306343
606 16.356205
607 16.935503
608 16.719442
609 17.946304
610 18.60337
611 18.439802
612 17.43654
613 18.900677
614 18.679466
615 17.927212
616 18.223623
617 18.342669
618 17.56985
619 19.014515
620 19.329802
621 18.016941
622 18.077656
623 17.90092
624 18.660093
625 16.990948
626 17.735401
627 17.484493
628 17.025158
629 18.310663
630 17.897781
631 16.82079
632 17.606169
633 17.478374
634 17.35661
635 18.9766
636 17.766575
637 18.312387
638 15.060249
639 17.570272
640 18.199036
641 16.42821
642 16.49966
643 16.737267
644 16.286345
645 16.683207
646 16.65783
647 16.722176
648 16.063778
649 16.455637
650 17.185593
651 16.811642
652 17.75772
653 17.916752
654 18.461464
655 17.611633
656 18.31271
657 17.645683
658 17.141567
659 18.16734
660 17.634731
661 17.933325
662 17.98413
663 17.089655
664 17.160341
665 17.787035
666 17.12495
667 16.892431
668 17.999039
669 17.54653
670 17.573807
671 17.033953
672 16.884855
673 17.271242
674 16.726225
675 17.24835
676 18.759653
677 16.675629
678 16.405725
679 17.25314
680 16.230083
681 16.018953
682 17.263865
683 16.000988
684 16.246893
685 17.202305
686 17.657913
687 17.388744
688 17.499521
689 17.803234
690 17.839237
691 17.411396
692 17.042103
693 16.683071
694 17.636251
695 17.267712
696 17.028957
697 16.990303
698 18.596085
699 17.084522
700 17.395025
701 18.793657
702 17.077946
703 18.093296
704 17.116629
705 16.691975
706 16.967634
707 17.906193
708 17.489584
709 16.995728
710 16.517445
711 17.086155
712 17.69173
713 17.936087
714 17.875858
715 17.749298
716 17.077724
717 18.671349
718 16.388737
719 17.38671
720 17.295034
721 18.511929
722 17.398308
723 17.202091
724 17.122488
725 15.725378
726 15.690145
727 17.492887
728 15.744082
729 16.533836
730 16.552336
731 17.42663
732 18.187616
733 17.413656
734 17.171642
735 16.751144
736 17.356335
737 17.819847
738 16.1764
739 16.515005
740 16.277103
741 16.20676
742 16.409687
743 17.039776
744 16.07699
745 15.895846
746 16.727068
747 16.099575
748 18.010092
749 16.288609
750 17.450153
751 17.949078
752 17.835476
753 19.497267
754 18.450914
755 17.220865
756 16.918316
757 16.997183
758 16.756369
759 15.959305
760 15.999845
761 15.872574
762 16.31124
763 16.928116
764 15.604126
765 14.850436
766 15.397197
767 17.17393
768 17.231602
769 16.875738
770 17.904697
771 16.257244
772 17.874136
773 18.497887
774 17.058348
775 17.731564
776 17.23108
777 16.176304
778 17.297264
779 18.067589
780 18.07793
781 15.752335
782 15.935826
783 16.339336
784 16.039673
785 16.504574
786 15.484201
787 16.316526
788 15.649384
789 16.305548
790 16.74581
791 16.706059
792 16.299175
793 17.353035
794 16.858765
795 15.794739
796 16.483166
797 16.679546
798 16.771025
799 17.337473
800 16.748602
801 16.568426
802 16.799007
803 16.672886
804 18.370335
805 18.720276
806 17.052557
807 16.19681
808 17.808535
809 17.473846
810 16.05257
811 15.737889
812 16.640888
813 16.43274
814 16.17082
815 16.541327
816 16.262363
817 16.563017
818 17.842869
819 16.95676
820 16.997232
821 16.773556
822 17.932682
823 17.798092
824 18.72436
825 19.291351
826 17.675604
827 17.228617
828 18.398737
829 18.272041
830 17.626444
831 17.165125
832 17.447435
833 16.758335
834 18.133762
835 17.934032
836 16.570633
837 16.163502
838 16.187038
839 17.619864
840 16.898792
841 17.254562
842 16.71882
843 18.06461
844 17.742512
845 18.072145
846 16.969091
847 16.509106
848 16.937126
849 17.424576
850 17.208216
851 15.865308
852 17.719604
853 16.525013
854 16.197224
855 15.690878
856 15.886312
857 16.318052
858 15.050845
859 15.807116
860 18.144588
861 16.650406
862 16.121853
863 15.703791
864 16.474356
865 16.014874
866 16.250593
867 16.413286
868 15.861929
869 14.789968
870 15.971262
871 16.10225
872 15.038302
873 16.315216
874 16.863121
875 16.64163
876 16.218065
877 15.248304
878 16.39159
879 16.473293
880 15.099197
881 15.5383835
882 15.619726
883 15.828917
884 16.429855
885 16.219265
886 16.109612
887 15.540108
888 16.630896
889 16.454891
890 15.833058
891 16.670008
892 15.961168
893 15.860611
894 16.5466
895 16.954655
896 15.8169
897 15.872513
898 15.351291
899 16.17014
900 15.741812
901 15.375386
902 16.979624
903 14.733162
904 15.68754
905 15.804843
906 16.02826
907 15.944591
908 15.819342
909 16.695091
910 15.474955
911 17.515575
912 15.982411
913 16.1677
914 15.389972
915 14.54526
916 16.374277
917 15.972532
918 15.153795
919 15.993726
920 16.089354
921 16.329815
922 15.561511
923 14.837149
924 15.938245
925 16.330769
926 16.280321
927 15.426786
928 16.094658
929 14.929782
930 15.634282
931 15.46696
932 16.254116
933 16.070772
934 15.229681
935 15.700716
936 16.481922
937 17.16877
938 16.926737
939 14.747751
940 16.395535
941 15.717618
942 15.941165
943 14.770575
944 15.617808
945 15.724765
946 15.592649
947 15.865972
948 14.962507
949 15.625239
950 15.348712
951 17.471638
952 16.104298
953 16.301586
954 16.170008
955 16.704254
956 15.594107
957 16.635593
958 16.17111
959 15.35029
960 16.25496
961 16.544767
962 16.120298
963 15.477362
964 15.892416
965 15.320445
966 16.36762
967 16.899944
968 16.909557
969 17.103048
970 15.688802
971 15.43174
972 16.338844
973 16.27635
974 16.293987
975 14.710625
976 15.511584
977 17.091934
978 16.469143
979 16.455744
980 16.174885
981 16.991245
982 17.004976
983 15.550977
984 17.429255
985 18.107738
986 16.414276
987 16.608135
988 17.128307
989 16.650793
990 16.937988
991 17.17767
992 16.02487
993 15.981295
994 16.288546
995 16.60117
996 16.33609
997 15.180585
998 15.721576
999 15.983374
1000 16.303879
