1 0.0
2 0.0125
3 0.028125
4 0.06875
5 0.1
6 0.09375
7 0.11875
8 0.121875
9 0.084375
10 0.13125
11 0.121875
12 0.109375
13 0.115625
14 0.109375
15 0.103125
16 0.121875
17 0.1375
18 0.109375
19 0.09375
20 0.09375
21 0.075
22 0.06875
23 0.06875
24 0.09375
25 0.115625
26 0.140625
27 0.115625
28 0.18125
29 0.0875
30 0.1125
31 0.096875
32 0.128125
33 0.13125
34 0.1375
35 0.159375
36 0.121875
37 0.10625
38 0.115625
39 0.109375
40 0.11875
41 0.15625
42 0.11875
43 0.125
44 0.109375
45 0.1125
46 0.13125
47 0.11875
48 0.165625
49 0.125
50 0.165625
51 0.15
52 0.15
53 0.134375
54 0.096875
55 0.13125
56 0.10625
57 0.121875
58 0.1
59 0.121875
60 0.15625
61 0.15
62 0.1125
63 0.178125
64 0.13125
65 0.146875
66 0.128125
67 0.128125
68 0.125
69 0.128125
70 0.16875
71 0.209375
72 0.115625
73 0.165625
74 0.178125
75 0.171875
76 0.15
77 0.19375
78 0.171875
79 0.18125
80 0.178125
81 0.125
82 0.165625
83 0.15
84 0.1625
85 0.175
86 0.15
87 0.16875
88 0.203125
89 0.165625
90 0.2
91 0.1625
92 0.165625
93 0.1625
94 0.203125
95 0.178125
96 0.1875
97 0.190625
98 0.2
99 0.203125
100 0.175
101 0.1875
102 0.228125
103 0.16875
104 0.190625
105 0.18125
106 0.221875
107 0.19375
108 0.146875
109 0.2
110 0.19375
111 0.203125
112 0.215625
113 0.19375
114 0.20625
115 0.165625
116 0.21875
117 0.234375
118 0.196875
119 0.171875
120 0.246875
121 0.196875
122 0.209375
123 0.225
124 0.1625
125 0.234375
126 0.19375
127 0.196875
128 0.2
129 0.215625
130 0.221875
131 0.240625
132 0.2375
133 0.275
134 0.221875
135 0.215625
136 0.2125
137 0.253125
138 0.240625
139 0.253125
140 0.203125
141 0.253125
142 0.2375
143 0.221875
144 0.259375
145 0.196875
146 0.23125
147 0.29375
148 0.246875
149 0.225
150 0.221875
151 0.221875
152 0.246875
153 0.296875
154 0.253125
155 0.29375
156 0.259375
157 0.25625
158 0.271875
159 0.271875
160 0.296875
161 0.271875
162 0.290625
163 0.259375
164 0.271875
165 0.3
166 0.24375
167 0.278125
168 0.265625
169 0.278125
170 0.23125
171 0.25625
172 0.246875
173 0.2625
174 0.26875
175 0.240625
176 0.265625
177 0.265625
178 0.2625
179 0.21875
180 0.225
181 0.19375
182 0.24375
183 0.196875
184 0.271875
185 0.21875
186 0.225
187 0.2375
188 0.246875
189 0.2625
190 0.25
191 0.28125
192 0.2
193 0.23125
194 0.340625
195 0.271875
196 0.290625
197 0.28125
198 0.24375
199 0.240625
200 0.25
201 0.265625
202 0.19375
203 0.303125
204 0.2875
205 0.24375
206 0.278125
207 0.23125
208 0.240625
209 0.2125
210 0.2625
211 0.275
212 0.23125
213 0.325
214 0.31875
215 0.221875
216 0.26875
217 0.309375
218 0.28125
219 0.271875
220 0.25625
221 0.26875
222 0.259375
223 0.278125
224 0.253125
225 0.246875
226 0.20625
227 0.26875
228 0.3
229 0.26875
230 0.290625
231 0.2625
232 0.29375
233 0.30625
234 0.2875
235 0.3
236 0.253125
237 0.321875
238 0.290625
239 0.3
240 0.26875
241 0.309375
242 0.26875
243 0.303125
244 0.253125
245 0.240625
246 0.309375
247 0.28125
248 0.2875
249 0.2625
250 0.290625
251 0.246875
252 0.271875
253 0.309375
254 0.278125
255 0.315625
256 0.221875
257 0.271875
258 0.3
259 0.296875
260 0.2875
261 0.24375
262 0.26875
263 0.221875
264 0.234375
265 0.275
266 0.303125
267 0.35625
268 0.265625
269 0.321875
270 0.2625
271 0.24375
272 0.3375
273 0.30625
274 0.290625
275 0.275
276 0.253125
277 0.26875
278 0.278125
279 0.271875
280 0.309375
281 0.315625
282 0.290625
283 0.265625
284 0.3125
285 0.290625
286 0.34375
287 0.29375
288 0.30625
289 0.31875
290 0.284375
291 0.325
292 0.3125
293 0.296875
294 0.2625
295 0.3375
296 0.359375
297 0.3125
298 0.259375
299 0.334375
300 0.275
301 0.26875
302 0.3
303 0.284375
304 0.290625
305 0.259375
306 0.28125
307 0.259375
308 0.3
309 0.26875
310 0.2875
311 0.290625
312 0.278125
313 0.271875
314 0.315625
315 0.26875
316 0.3
317 0.275
318 0.275
319 0.25625
320 0.28125
321 0.28125
322 0.3
323 0.259375
324 0.328125
325 0.259375
326 0.290625
327 0.315625
328 0.228125
329 0.3
330 0.29375
331 0.271875
332 0.290625
333 0.3375
334 0.303125
335 0.2375
336 0.265625
337 0.334375
338 0.234375
339 0.2875
340 0.29375
341 0.315625
342 0.271875
343 0.296875
344 0.309375
345 0.3125
346 0.26875
347 0.259375
348 0.3
349 0.296875
350 0.365625
351 0.271875
352 0.334375
353 0.3
354 0.26875
355 0.29375
356 0.253125
357 0.309375
358 0.3
359 0.36875
360 0.2875
361 0.284375
362 0.340625
363 0.275
364 0.26875
365 0.309375
366 0.275
367 0.30625
368 0.390625
369 0.321875
370 0.290625
371 0.35
372 0.31875
373 0.303125
374 0.303125
375 0.309375
376 0.3125
377 0.325
378 0.259375
379 0.315625
380 0.26875
381 0.371875
382 0.31875
383 0.315625
384 0.2875
385 0.31875
386 0.359375
387 0.36875
388 0.309375
389 0.284375
390 0.328125
391 0.303125
392 0.23125
393 0.3125
394 0.34375
395 0.2375
396 0.259375
397 0.3375
398 0.3
399 0.30625
400 0.2625
401 0.29375
402 0.278125
403 0.271875
404 0.315625
405 0.24375
406 0.33125
407 0.384375
408 0.30625
409 0.315625
410 0.275
411 0.315625
412 0.284375
413 0.303125
414 0.321875
415 0.33125
416 0.296875
417 0.346875
418 0.325
419 0.35
420 0.328125
421 0.271875
422 0.334375
423 0.31875
424 0.359375
425 0.346875
426 0.378125
427 0.321875
428 0.34375
429 0.3125
430 0.31875
431 0.403125
432 0.365625
433 0.378125
434 0.30625
435 0.315625
436 0.340625
437 0.284375
438 0.35
439 0.328125
440 0.290625
441 0.296875
442 0.271875
443 0.3
444 0.303125
445 0.259375
446 0.29375
447 0.34375
448 0.29375
449 0.3125
450 0.36875
451 0.28125
452 0.284375
453 0.309375
454 0.30625
455 0.278125
456 0.35
457 0.334375
458 0.30625
459 0.284375
460 0.30625
461 0.246875
462 0.3125
463 0.303125
464 0.290625
465 0.290625
466 0.303125
467 0.31875
468 0.33125
469 0.309375
470 0.340625
471 0.29375
472 0.309375
473 0.33125
474 0.25625
475 0.328125
476 0.35
477 0.375
478 0.309375
479 0.30625
480 0.29375
481 0.271875
482 0.2625
483 0.2875
484 0.2875
485 0.30625
486 0.296875
487 0.309375
488 0.3125
489 0.296875
490 0.334375
491 0.28125
492 0.303125
493 0.328125
494 0.321875
495 0.3
496 0.31875
497 0.271875
498 0.38125
499 0.371875
500 0.340625
501 0.35625
502 0.375
503 0.35
504 0.38125
505 0.29375
506 0.2875
507 0.315625
508 0.346875
509 0.35625
510 0.271875
511 0.31875
512 0.315625
513 0.296875
514 0.253125
515 0.25625
516 0.3
517 0.290625
518 0.3
519 0.240625
520 0.26875
521 0.275
522 0.29375
523 0.2875
524 0.284375
525 0.275
526 0.340625
527 0.34375
528 0.375
529 0.278125
530 0.3375
531 0.284375
532 0.28125
533 0.31875
534 0.31875
535 0.321875
536 0.271875
537 0.26875
538 0.296875
539 0.2875
540 0.3125
541 0.340625
542 0.4
543 0.321875
544 0.290625
545 0.321875
546 0.35
547 0.328125
548 0.315625
549 0.346875
550 0.384375
551 0.28125
552 0.321875
553 0.36875
554 0.446875
555 0.334375
556 0.328125
557 0.309375
558 0.34375
559 0.365625
560 0.334375
561 0.378125
562 0.375
563 0.3625
564 0.33125
565 0.45
566 0.353125
567 0.33125
568 0.321875
569 0.309375
570 0.26875
571 0.325
572 0.290625
573 0.33125
574 0.28125
575 0.31875
576 0.3125
577 0.328125
578 0.33125
579 0.315625
580 0.334375
581 0.25625
582 0.30625
583 0.3125
584 0.340625
585 0.31875
586 0.275
587 0.315625
588 0.315625
589 0.325
590 0.35625
591 0.39375
592 0.309375
593 0.284375
594 0.31875
595 0.3625
596 0.284375
597 0.2875
598 0.309375
599 0.290625
600 0.3
601 0.33125
602 0.340625
603 0.3
604 0.36875
605 0.43125
606 0.334375
607 0.346875
608 0.290625
609 0.275
610 0.38125
611 0.3375
612 0.340625
613 0.321875
614 0.3625
615 0.29375
616 0.275
617 0.328125
618 0.396875
619 0.271875
620 0.325
621 0.353125
622 0.30625
623 0.34375
624 0.28125
625 0.3375
626 0.36875
627 0.346875
628 0.371875
629 0.33125
630 0.359375
631 0.340625
632 0.365625
633 0.359375
634 0.34375
635 0.334375
636 0.365625
637 0.275
638 0.25625
639 0.34375
640 0.303125
641 0.346875
642 0.328125
643 0.390625
644 0.321875
645 0.31875
646 0.3625
647 0.321875
648 0.296875
649 0.278125
650 0.334375
651 0.309375
652 0.284375
653 0.35625
654 0.375
655 0.334375
656 0.33125
657 0.3625
658 0.353125
659 0.353125
660 0.346875
661 0.35625
662 0.31875
663 0.33125
664 0.33125
665 0.3125
666 0.3125
667 0.34375
668 0.315625
669 0.31875
670 0.29375
671 0.334375
672 0.34375
673 0.321875
674 0.328125
675 0.325
676 0.290625
677 0.31875
678 0.35625
679 0.34375
680 0.315625
681 0.34375
682 0.309375
683 0.33125
684 0.359375
685 0.33125
686 0.325
687 0.359375
688 0.375
689 0.43125
690 0.31875
691 0.365625
692 0.31875
693 0.384375
694 0.315625
695 0.3
696 0.309375
697 0.296875
698 0.34375
699 0.375
700 0.35
701 0.325
702 0.3625
703 0.34375
704 0.346875
705 0.29375
706 0.36875
707 0.35625
708 0.390625
709 0.31875
710 0.35
711 0.30625
712 0.3125
713 0.290625
714 0.3625
715 0.328125
716 0.353125
717 0.378125
718 0.415625
719 0.2875
720 0.409375
721 0.296875
722 0.2625
723 0.28125
724 0.315625
725 0.296875
726 0.3
727 0.275
728 0.3125
729 0.328125
730 0.359375
731 0.309375
732 0.296875
733 0.31875
734 0.31875
735 0.284375
736 0.28125
737 0.26875
738 0.31875
739 0.353125
740 0.271875
741 0.309375
742 0.290625
743 0.34375
744 0.328125
745 0.334375
746 0.3375
747 0.28125
748 0.321875
749 0.30625
750 0.359375
751 0.29375
752 0.3
753 0.328125
754 0.34375
755 0.328125
756 0.38125
757 0.334375
758 0.371875
759 0.33125
760 0.325
761 0.334375
762 0.321875
763 0.38125
764 0.346875
765 0.390625
766 0.3125
767 0.371875
768 0.265625
769 0.30625
770 0.334375
771 0.34375
772 0.33125
773 0.353125
774 0.265625
775 0.35625
776 0.31875
777 0.30625
778 0.3125
779 0.378125
780 0.296875
781 0.38125
782 0.3375
783 0.371875
784 0.328125
785 0.353125
786 0.325
787 0.315625
788 0.38125
789 0.303125
790 0.3625
791 0.375
792 0.328125
793 0.3625
794 0.3875
795 0.31875
796 0.2625
797 0.271875
798 0.328125
799 0.2625
800 0.290625
801 0.3875
802 0.371875
803 0.328125
804 0.353125
805 0.346875
806 0.346875
807 0.378125
808 0.265625
809 0.340625
810 0.35625
811 0.328125
812 0.340625
813 0.378125
814 0.296875
815 0.33125
816 0.365625
817 0.309375
818 0.321875
819 0.29375
820 0.30625
821 0.3875
822 0.33125
823 0.3125
824 0.340625
825 0.353125
826 0.31875
827 0.334375
828 0.346875
829 0.3
830 0.321875
831 0.328125
832 0.290625
833 0.390625
834 0.296875
835 0.303125
836 0.31875
837 0.30625
838 0.325
839 0.321875
840 0.3125
841 0.3
842 0.328125
843 0.240625
844 0.34375
845 0.353125
846 0.321875
847 0.340625
848 0.334375
849 0.29375
850 0.29375
851 0.303125
852 0.3375
853 0.31875
854 0.296875
855 0.30625
856 0.2875
857 0.340625
858 0.36875
859 0.334375
860 0.334375
861 0.340625
862 0.34375
863 0.303125
864 0.325
865 0.39375
866 0.259375
867 0.26875
868 0.359375
869 0.3125
870 0.340625
871 0.3125
872 0.29375
873 0.365625
874 0.378125
875 0.284375
876 0.290625
877 0.35
878 0.340625
879 0.328125
880 0.328125
881 0.2875
882 0.334375
883 0.346875
884 0.353125
885 0.315625
886 0.315625
887 0.325
888 0.334375
889 0.346875
890 0.346875
891 0.34375
892 0.334375
893 0.31875
894 0.375
895 0.340625
896 0.31875
897 0.3375
898 0.384375
899 0.31875
900 0.315625
901 0.33125
902 0.3
903 0.353125
904 0.4
905 0.334375
906 0.359375
907 0.4
908 0.340625
909 0.3625
910 0.36875
911 0.371875
912 0.375
913 0.353125
914 0.353125
915 0.38125
916 0.35
917 0.371875
918 0.371875
919 0.340625
920 0.35
921 0.396875
922 0.3625
923 0.35
924 0.30625
925 0.31875
926 0.35625
927 0.296875
928 0.35625
929 0.328125
930 0.35
931 0.33125
932 0.34375
933 0.325
934 0.375
935 0.328125
936 0.35
937 0.278125
938 0.34375
939 0.38125
940 0.346875
941 0.365625
942 0.33125
943 0.328125
944 0.340625
945 0.390625
946 0.39375
947 0.4125
948 0.35
949 0.3875
950 0.35
951 0.353125
952 0.3125
953 0.4125
954 0.390625
955 0.34375
956 0.325
957 0.35625
958 0.38125
959 0.346875
960 0.384375
961 0.375
962 0.384375
963 0.390625
964 0.34375
965 0.346875
966 0.3875
967 0.3375
968 0.421875
969 0.371875
970 0.31875
971 0.375
972 0.346875
973 0.325
974 0.296875
975 0.321875
976 0.328125
977 0.33125
978 0.321875
979 0.334375
980 0.303125
981 0.340625
982 0.3375
983 0.30625
984 0.353125
985 0.34375
986 0.309375
987 0.303125
988 0.30625
989 0.325
990 0.3375
991 0.365625
992 0.33125
993 0.35
994 0.359375
995 0.315625
996 0.36875
997 0.3625
998 0.35
999 0.409375
1000 0.390625
