1 7.6806765
2 7.6438556
3 7.6506867
4 7.555625
5 7.4347486
6 7.332722
7 7.156442
8 6.9551096
9 6.8239675
10 6.526293
11 6.333208
12 6.201409
13 6.0515933
14 5.8248963
15 5.7123227
16 5.5106783
17 5.619737
18 5.492135
19 5.5142827
20 5.6733975
21 5.40841
22 5.3743596
23 5.245024
24 5.4311504
25 5.309422
26 5.1779914
27 5.361518
28 5.2221766
29 5.5952926
30 5.4196787
31 5.518231
32 5.263159
33 5.193086
34 5.3068666
35 5.136397
36 5.2728558
37 5.2317986
38 5.3368363
39 5.5399017
40 5.3932734
41 5.225043
42 5.176029
43 5.368279
44 5.41582
45 5.29228
46 5.354894
47 5.2067413
48 4.942129
49 5.099828
50 4.984444
51 4.873303
52 4.9883676
53 5.1516857
54 5.1211863
55 5.118287
56 5.1778765
57 5.2645493
58 5.099591
59 5.117686
60 5.1871405
61 4.972884
62 5.3410673
63 4.844745
64 5.210482
65 5.174744
66 5.241305
67 5.2018304
68 5.0939546
69 4.8403916
70 5.0181866
71 4.841751
72 5.0802307
73 4.912242
74 4.9258904
75 4.856403
76 5.041749
77 4.9280653
78 4.716922
79 4.613727
80 4.78271
81 5.050458
82 4.8608456
83 4.9270625
84 4.7591476
85 4.756595
86 4.652504
87 4.819948
88 4.895538
89 4.9966826
90 4.665248
91 4.6815295
92 4.918837
93 4.7168307
94 4.7254677
95 4.484618
96 4.7157974
97 4.7479935
98 4.7381797
99 4.544293
100 4.636646
101 4.6563854
102 4.474505
103 4.6277742
104 4.733373
105 4.6781287
106 4.727562
107 4.7378283
108 4.9270124
109 4.9642596
110 4.5407624
111 4.5257497
112 4.68483
113 4.6841326
114 4.619408
115 4.697842
116 4.6316752
117 4.5869946
118 4.601088
119 4.7030535
120 4.48763
121 4.586925
122 4.7055464
123 4.695462
124 4.679306
125 4.449744
126 4.6957335
127 4.72022
128 4.5976114
129 4.302154
130 4.5182543
131 4.4967933
132 4.429665
133 4.1363845
134 4.476457
135 4.541762
136 4.545226
137 4.147717
138 4.2277412
139 4.126142
140 4.4481487
141 4.290989
142 4.2690187
143 4.316802
144 4.4179187
145 4.4398155
146 4.256295
147 4.223632
148 4.2000785
149 4.3079376
150 4.470703
151 4.4506893
152 4.119105
153 3.9122868
154 4.3152814
155 4.0775337
156 4.159815
157 4.3344626
158 4.053484
159 4.113922
160 4.004491
161 4.102826
162 4.0483556
163 4.0699763
164 4.1630664
165 3.9300663
166 4.2044163
167 4.0629244
168 4.2310815
169 4.17623
170 4.1517572
171 4.210629
172 3.9561522
173 3.9517848
174 4.0259175
175 4.123638
176 4.02117
177 4.1251626
178 4.274325
179 4.492829
180 4.5594234
181 4.3326063
182 4.211304
183 4.242206
184 4.313834
185 4.419743
186 4.4430943
187 4.3281794
188 4.344389
189 4.0915327
190 4.078344
191 3.9441898
192 4.3431816
193 4.2641206
194 3.9033926
195 4.068561
196 3.9873853
197 4.000295
198 4.1558433
199 4.1744676
200 4.1691513
201 4.060094
202 4.343231
203 3.9575298
204 3.8315494
205 4.1355104
206 4.0572524
207 4.2711444
208 4.162159
209 4.096125
210 4.083934
211 4.0959573
212 4.1722746
213 3.7834547
214 3.991368
215 4.2964587
216 3.9345372
217 3.9098425
218 4.040689
219 4.001796
220 4.1182785
221 3.9652286
222 3.9394586
223 3.8330152
224 4.1959853
225 4.2571
226 4.145753
227 3.9986527
228 3.8713243
229 3.9318192
230 3.9882345
231 4.322137
232 3.8745995
233 3.9317734
234 3.9754794
235 4.0379863
236 4.2160673
237 4.1228905
238 4.382256
239 3.8611562
240 4.1598973
241 3.9030821
242 4.0191026
243 3.830107
244 4.179134
245 4.267206
246 3.8263257
247 4.0076847
248 3.954978
249 4.048957
250 3.934683
251 4.3030343
252 4.0480814
253 3.9487567
254 3.936387
255 3.8424535
256 4.1181507
257 3.96668
258 3.8631458
259 4.1867332
260 3.715617
261 4.229002
262 3.9654553
263 4.284972
264 4.239253
265 4.1455984
266 3.7805717
267 3.5064468
268 4.0982056
269 3.7789595
270 3.794193
271 4.0581355
272 3.759503
273 3.8679662
274 4.004659
275 4.0668235
276 4.1975346
277 4.046434
278 4.087515
279 3.930715
280 3.8077004
281 4.064267
282 3.9388535
283 4.0504656
284 3.7996876
285 4.1008615
286 3.8218431
287 3.8032017
288 3.868863
289 3.766517
290 3.9230044
291 3.8277194
292 3.8600867
293 4.0410323
294 3.8647892
295 3.6838863
296 3.5494134
297 3.7863095
298 3.8187027
299 3.5547988
300 3.9978092
301 4.0099473
302 3.9122558
303 3.7548153
304 3.9641683
305 3.898263
306 3.943752
307 3.913419
308 3.925358
309 3.8996875
310 3.856269
311 3.9942553
312 3.8075886
313 3.8256447
314 3.7833521
315 4.0288134
316 3.7747908
317 3.9437025
318 3.8480003
319 3.9099224
320 3.9000235
321 3.96217
322 3.9131625
323 3.8727841
324 3.5718575
325 3.8382034
326 3.7884386
327 3.7097383
328 4.0203686
329 3.703354
330 3.6643121
331 3.9113457
332 3.9476883
333 3.8572633
334 3.8063657
335 3.9121463
336 3.8906765
337 3.8817384
338 4.213713
339 4.1652617
340 4.0610094
341 3.7952836
342 3.9125152
343 3.8330302
344 3.824094
345 3.6157544
346 3.8219087
347 3.9100778
348 4.006653
349 3.9087214
350 3.4679382
351 4.058045
352 3.844205
353 3.9888036
354 3.9370482
355 3.8013566
356 4.014729
357 3.6876705
358 3.643921
359 3.3722668
360 3.8316636
361 3.9487677
362 3.7092679
363 3.9085636
364 3.8997753
365 3.737129
366 3.8175817
367 3.8777149
368 3.528892
369 3.884519
370 3.6895576
371 3.5736506
372 3.587721
373 3.8484468
374 3.8232331
375 3.7509322
376 4.004297
377 3.7901206
378 3.9935436
379 3.7364824
380 3.906202
381 3.6915314
382 3.6602538
383 3.709195
384 3.7836459
385 3.6833146
386 3.5341735
387 3.7706268
388 3.8066587
389 3.9667656
390 3.7844636
391 3.7596223
392 4.2129397
393 3.8919282
394 3.8274443
395 4.004179
396 4.037754
397 3.6948504
398 4.005183
399 3.904235
400 3.8238926
401 3.8877296
402 4.0270543
403 3.9553843
404 3.7105517
405 4.0545254
406 3.725355
407 3.6774046
408 3.8296478
409 3.7204978
410 4.087051
411 3.931019
412 3.8912966
413 3.8435085
414 3.9350476
415 3.5661297
416 3.8981984
417 3.7974792
418 3.9053197
419 3.7650676
420 3.867842
421 4.089602
422 3.7262304
423 3.7915378
424 3.6986427
425 3.7736378
426 3.467834
427 3.8100462
428 3.5887141
429 4.025986
430 3.7091184
431 3.5550492
432 3.4698105
433 3.6112363
434 3.7992966
435 3.956134
436 3.5599263
437 3.6836512
438 3.609185
439 3.7520294
440 3.94315
441 3.9564497
442 3.8561888
443 3.8179007
444 3.9925807
445 3.9472184
446 3.7933705
447 3.657159
448 3.85792
449 3.857558
450 3.5387952
451 3.8977132
452 4.190076
453 3.7397249
454 3.7845433
455 3.9421003
456 3.620471
457 3.5932853
458 3.7739973
459 3.699866
460 3.5731218
461 3.9640524
462 3.8485506
463 3.9200711
464 3.9160056
465 3.806637
466 3.8891623
467 3.8063376
468 3.791732
469 3.6275918
470 3.5847526
471 3.777482
472 3.7773652
473 3.747798
474 4.117739
475 3.6271286
476 3.5427985
477 3.436171
478 3.7088323
479 3.895764
480 3.926804
481 3.9466276
482 3.8800104
483 3.9075139
484 3.9816904
485 3.7881198
486 3.7852418
487 3.8224413
488 3.7686882
489 3.9465265
490 3.6381567
491 3.831429
492 3.7128623
493 3.6576495
494 3.5072105
495 3.7663987
496 3.6334999
497 3.6854753
498 3.6276815
499 3.3074121
500 3.6814373
501 3.5951352
502 3.416547
503 3.5454533
504 3.40686
505 3.7862124
506 3.8644016
507 3.7577817
508 3.5638003
509 3.5076578
510 4.135347
511 3.7697985
512 3.8279424
513 3.689375
514 4.074552
515 4.212688
516 3.8464277
517 3.8893335
518 3.9602213
519 4.060046
520 3.9660494
521 3.9102886
522 3.9876778
523 3.982132
524 3.8766644
525 3.8256419
526 3.7533996
527 3.725787
528 3.4969487
529 4.028312
530 3.4432411
531 3.8655663
532 3.9387748
533 3.6658013
534 3.8144789
535 3.745139
536 3.8023582
537 3.8994863
538 3.784171
539 3.7925036
540 3.575802
541 3.5355875
542 3.2751312
543 3.6941428
544 3.70624
545 3.6585035
546 3.6114771
547 3.7151473
548 3.6328166
549 3.6185548
550 3.4588308
551 3.858258
552 3.6097515
553 3.458291
554 3.1440823
555 3.5107665
556 3.6712358
557 3.5038888
558 3.408445
559 3.4951332
560 3.603912
561 3.4333606
562 3.5116432
563 3.5814044
564 3.6555405
565 3.213272
566 3.455611
567 3.7272265
568 3.7947552
569 3.794433
570 3.8332627
571 3.9477751
572 3.7713187
573 3.6116872
574 3.8858166
575 3.7753885
576 3.6480865
577 3.6820126
578 3.7439806
579 3.6969023
580 3.5522397
581 4.006814
582 3.9465406
583 3.7685525
584 3.563273
585 3.904761
586 3.840376
587 3.5995498
588 3.8028097
589 3.7575653
590 3.6240704
591 3.561822
592 3.762926
593 3.6479812
594 3.4988818
595 3.4220953
596 3.8975224
597 3.8965514
598 3.648241
599 3.8565369
600 3.9578984
601 3.5883157
602 3.7508543
603 3.63706
604 3.5823545
605 3.3256767
606 3.6006308
607 3.5403185
608 3.8510156
609 3.8177397
610 3.2471888
611 3.485886
612 3.487518
613 3.6514256
614 3.5736568
615 3.740275
616 3.9417562
617 3.6422489
618 3.441227
619 3.8570678
620 3.7064183
621 3.5190616
622 3.7268736
623 3.681749
624 3.7885504
625 3.597588
626 3.438144
627 3.4964476
628 3.4615738
629 3.6526427
630 3.478302
631 3.7094803
632 3.5140324
633 3.4655223
634 3.446185
635 3.544538
636 3.683024
637 3.7664468
638 3.9101477
639 3.700664
640 3.7330217
641 3.4551895
642 3.7304025
643 3.4745517
644 3.5570505
645 3.5607777
646 3.5258663
647 3.6109538
648 3.863292
649 3.8515534
650 3.419866
651 3.6480925
652 3.777506
653 3.5687978
654 3.6082063
655 3.5588946
656 3.6575475
657 3.46838
658 3.4360523
659 3.7508254
660 3.402037
661 3.395498
662 3.6403213
663 3.6287494
664 3.6312287
665 3.5349736
666 3.4742339
667 3.606776
668 3.5641842
669 3.795029
670 3.794109
671 3.5839238
672 3.6032817
673 3.6524491
674 3.6265252
675 3.7278037
676 3.9101408
677 3.6893628
678 3.5087068
679 3.579304
680 3.793161
681 3.5847673
682 3.6526573
683 3.7716641
684 3.534324
685 3.659604
686 3.6197803
687 3.3413484
688 3.3764384
689 3.232244
690 3.586361
691 3.6272748
692 3.6207545
693 3.5590873
694 3.695753
695 3.7827656
696 3.6264746
697 3.9320927
698 3.6101155
699 3.2862575
700 3.5368655
701 3.713761
702 3.6132178
703 3.408211
704 3.6039166
705 3.6641343
706 3.4680445
707 3.3797562
708 3.4470968
709 3.6747155
710 3.4600449
711 3.7373266
712 3.7192585
713 3.9171035
714 3.6571667
715 3.8154726
716 3.7350993
717 3.3174868
718 3.3298259
719 3.8183382
720 3.4645517
721 3.6577168
722 3.981061
723 4.066311
724 3.8456092
725 3.7300692
726 3.8863242
727 3.871709
728 3.7705238
729 3.5870135
730 3.3839993
731 3.6902158
732 3.7264636
733 3.7278683
734 3.7727883
735 3.8680525
736 3.8607006
737 4.035474
738 3.7187636
739 3.8496437
740 3.9935133
741 3.8441317
742 3.7284915
743 3.6471417
744 3.8046541
745 3.5263577
746 3.6826184
747 3.8938186
748 3.7340329
749 3.8175552
750 3.3378465
751 3.9109607
752 3.7087543
753 3.7711086
754 3.696816
755 3.5450268
756 3.3162265
757 3.5140812
758 3.52706
759 3.6065834
760 3.6414952
761 3.4554892
762 3.5468676
763 3.3660324
764 3.4862905
765 3.5962796
766 3.7030334
767 3.5087576
768 3.8987596
769 3.576957
770 3.483668
771 3.6097262
772 3.5565107
773 3.3571908
774 3.8780591
775 3.4680986
776 3.7398803
777 3.7734263
778 3.565335
779 3.3623672
780 3.772243
781 3.3303015
782 3.6014051
783 3.402934
784 3.587899
785 3.5611901
786 3.5298555
787 3.5303483
788 3.4871426
789 3.76477
790 3.6545618
791 3.4332814
792 3.6635072
793 3.6439567
794 3.3903503
795 3.6905987
796 3.8292384
797 3.9013355
798 3.7322595
799 3.81296
800 3.7105942
801 3.5956743
802 3.4399226
803 3.5729723
804 3.501903
805 3.432408
806 3.4959056
807 3.3823225
808 3.7631717
809 3.5273771
810 3.43751
811 3.3655016
812 3.365118
813 3.3473237
814 3.5547025
815 3.594233
816 3.548998
817 3.5516322
818 3.617875
819 3.7616382
820 3.4496932
821 3.4882834
822 3.7174883
823 3.9051867
824 3.475821
825 3.603563
826 3.6224768
827 3.5731604
828 3.6504054
829 3.8470407
830 3.6732666
831 3.535093
832 3.778173
833 3.4821894
834 3.6861613
835 3.6736271
836 3.573252
837 3.72199
838 3.591483
839 3.4786706
840 3.8206515
841 3.783915
842 3.6407802
843 3.917422
844 3.5043037
845 3.5358965
846 3.6893284
847 3.6106484
848 3.7112322
849 3.7339993
850 3.8382003
851 3.6147976
852 3.5965462
853 3.538519
854 3.712802
855 3.6546574
856 3.832773
857 3.610131
858 3.5663123
859 3.6338022
860 3.531793
861 3.3960207
862 3.616865
863 3.8172755
864 3.73909
865 3.3692958
866 3.935294
867 3.9194977
868 3.6249962
869 3.811377
870 3.7325215
871 3.6235027
872 3.765346
873 3.5994751
874 3.4660563
875 3.8030968
876 3.8303525
877 3.5599544
878 3.6553447
879 3.5572736
880 3.7476788
881 3.621216
882 3.6650631
883 3.5666356
884 3.4257846
885 3.6839345
886 3.7981098
887 3.7292907
888 3.644133
889 3.6034124
890 3.3233287
891 3.698239
892 3.5182724
893 3.6613255
894 3.6215177
895 3.6870668
896 3.699022
897 3.5510027
898 3.4793983
899 3.7149012
900 3.7687242
901 3.5759096
902 3.79506
903 3.5834904
904 3.1504762
905 3.6315632
906 3.6114488
907 3.3732808
908 3.57398
909 3.4680212
910 3.4821763
911 3.4416332
912 3.4227293
913 3.4850984
914 3.6760721
915 3.3326275
916 3.6435125
917 3.5731273
918 3.47538
919 3.505797
920 3.6281364
921 3.4188478
922 3.534166
923 3.6635296
924 3.9249005
925 3.8389618
926 3.509411
927 3.7527983
928 3.491232
929 3.4728835
930 3.559928
931 3.589478
932 3.687606
933 3.7361262
934 3.3314893
935 3.597504
936 3.5212078
937 3.835808
938 3.4399683
939 3.5028305
940 3.7042668
941 3.412808
942 3.6012313
943 3.691505
944 3.611805
945 3.4072099
946 3.1946933
947 3.1669302
948 3.321789
949 3.2569127
950 3.465805
951 3.6290066
952 3.6808257
953 3.1975052
954 3.284631
955 3.75597
956 3.7693114
957 3.7266707
958 3.4659305
959 3.4970202
960 3.37897
961 3.4237761
962 3.317875
963 3.3155925
964 3.8424373
965 3.4350104
966 3.3374753
967 3.48571
968 3.2861636
969 3.3398013
970 3.7199275
971 3.3369377
972 3.4564178
973 3.4361527
974 3.7393277
975 3.7036061
976 3.7405736
977 3.8269572
978 3.6808906
979 3.571228
980 3.757361
981 3.6411967
982 3.5267723
983 3.955451
984 3.6255655
985 3.6435316
986 3.8308194
987 3.9110873
988 3.5628533
989 3.6952536
990 3.5701523
991 3.56698
992 3.545044
993 3.3709924
994 3.5207655
995 3.6636634
996 3.3905537
997 3.5463521
998 3.5106714
999 3.2391126
1000 3.4020927
