1 5.323839
2 5.298317
3 5.303052
4 5.23716
5 5.153375
6 5.082656
7 4.960468
8 4.8209147
9 4.730014
10 4.5236816
11 4.3898454
12 4.298489
13 4.194645
14 4.0375104
15 3.9594803
16 3.8197112
17 3.895305
18 3.806858
19 3.8222096
20 3.9324994
21 3.7488244
22 3.725222
23 3.6355736
24 3.7645867
25 3.6802108
26 3.5891101
27 3.7163212
28 3.619737
29 3.8783612
30 3.7566352
31 3.8249462
32 3.6481438
33 3.5995731
34 3.6784396
35 3.5602791
36 3.6548653
37 3.6264064
38 3.699213
39 3.8399673
40 3.7383323
41 3.6217237
42 3.58775
43 3.7210076
44 3.7539604
45 3.6683292
46 3.7117298
47 3.609038
48 3.425623
49 3.5349312
50 3.4549534
51 3.3779163
52 3.4576728
53 3.5708766
54 3.549736
55 3.5477264
56 3.5890305
57 3.6491075
58 3.5347672
59 3.5473094
60 3.5954518
61 3.4469407
62 3.7021458
63 3.3581214
64 3.611631
65 3.5868595
66 3.6329956
67 3.6056342
68 3.5308602
69 3.3551037
70 3.478342
71 3.3560462
72 3.5213475
73 3.4049067
74 3.4143672
75 3.366202
76 3.4946742
77 3.4158745
78 3.2695212
79 3.1979918
80 3.3151221
81 3.5007107
82 3.3692813
83 3.4151795
84 3.29879
85 3.2970204
86 3.22487
87 3.3409336
88 3.3933282
89 3.4634366
90 3.2337036
91 3.244989
92 3.409478
93 3.269458
94 3.2754445
95 3.1085005
96 3.2687416
97 3.2910583
98 3.284256
99 3.149864
100 3.213878
101 3.2275605
102 3.1014905
103 3.2077286
104 3.2809243
105 3.242632
106 3.2768962
107 3.2840123
108 3.4151447
109 3.4409626
110 3.1474166
111 3.1370108
112 3.247277
113 3.2467933
114 3.2019298
115 3.2562962
116 3.2104325
117 3.1794624
118 3.1892314
119 3.2599082
120 3.110588
121 3.1794143
122 3.2616363
123 3.2546463
124 3.2434478
125 3.0843277
126 3.2548344
127 3.2718072
128 3.1868215
129 2.9820259
130 3.1318152
131 3.1169398
132 3.0704098
133 2.8671231
134 3.1028438
135 3.1481094
136 3.1505108
137 2.8749783
138 2.930447
139 2.8600237
140 3.083222
141 2.9742868
142 2.9590583
143 2.9921792
144 3.0622678
145 3.0774457
146 2.950239
147 2.9275985
148 2.9112728
149 2.9860349
150 3.0988553
151 3.0849829
152 2.855146
153 2.7117906
154 2.991125
155 2.826331
156 2.883364
157 3.0044208
158 2.809661
159 2.8515534
160 2.7757015
161 2.8438623
162 2.8061063
163 2.8210926
164 2.8856177
165 2.7241144
166 2.9142795
167 2.8162045
168 2.9327621
169 2.894742
170 2.877779
171 2.9185855
172 2.7421958
173 2.7391686
174 2.7905533
175 2.8582883
176 2.787263
177 2.859345
178 2.9627361
179 3.1141915
180 3.1603515
181 3.0031338
182 2.9190536
183 2.940473
184 2.990122
185 3.0635324
186 3.0797184
187 3.0000653
188 3.011301
189 2.8360345
190 2.8268926
191 2.7339041
192 3.0104642
193 2.9556632
194 2.7056255
195 2.8201115
196 2.763845
197 2.7727933
198 2.8806112
199 2.8935204
200 2.8898356
201 2.8142426
202 3.0104985
203 2.7431507
204 2.6558278
205 2.8665175
206 2.812273
207 2.9605317
208 2.8849888
209 2.8392177
210 2.8307674
211 2.8391013
212 2.8920004
213 2.622491
214 2.7666056
215 2.9780781
216 2.7272134
217 2.7100964
218 2.8007922
219 2.7738335
220 2.854573
221 2.748487
222 2.7306247
223 2.6568437
224 2.9084353
225 2.950797
226 2.873617
227 2.7716548
228 2.6833975
229 2.7253294
230 2.7644336
231 2.995877
232 2.6856678
233 2.7252977
234 2.7555923
235 2.798919
236 2.9223552
237 2.85777
238 3.0375483
239 2.6763496
240 2.8834212
241 2.7054105
242 2.7858298
243 2.6548278
244 2.896755
245 2.9578018
246 2.652207
247 2.7779152
248 2.741382
249 2.806523
250 2.7273145
251 2.9826362
252 2.8059163
253 2.7370696
254 2.7284956
255 2.6633859
256 2.8544846
257 2.7494931
258 2.6777287
259 2.9020224
260 2.5754695
261 2.931321
262 2.748644
263 2.9701164
264 2.9384265
265 2.87351
266 2.6204927
267 2.4304838
268 2.8406596
269 2.6193752
270 2.6299343
271 2.8128853
272 2.6058888
273 2.6810699
274 2.7758183
275 2.8189073
276 2.9095092
277 2.8047743
278 2.8332496
279 2.724564
280 2.6392968
281 2.8171353
282 2.7302053
283 2.8075688
284 2.6337428
285 2.8425007
286 2.6490998
287 2.6361785
288 2.6816916
289 2.6107507
290 2.7192194
291 2.653173
292 2.6756082
293 2.8010302
294 2.6788678
295 2.5534754
296 2.4602659
297 2.6244698
298 2.646923
299 2.4639988
300 2.7710702
301 2.7794836
302 2.711769
303 2.6026397
304 2.7477522
305 2.70207
306 2.7336006
307 2.7125754
308 2.720851
309 2.7030575
310 2.672962
311 2.768607
312 2.6392193
313 2.6517348
314 2.6224198
315 2.7925606
316 2.6164856
317 2.7335663
318 2.6672306
319 2.7101517
320 2.7032902
321 2.746367
322 2.7123976
323 2.6844094
324 2.475823
325 2.66044
326 2.6259456
327 2.5713947
328 2.7867072
329 2.5669694
330 2.5399077
331 2.7111382
332 2.736329
333 2.6736512
334 2.6383717
335 2.7116933
336 2.6968114
337 2.6906161
338 2.9207234
339 2.8871396
340 2.8148773
341 2.63069
342 2.7119489
343 2.6568542
344 2.65066
345 2.50625
346 2.6491454
347 2.7102594
348 2.7772002
349 2.7093194
350 2.4037917
351 2.8128223
352 2.6646
353 2.764828
354 2.7289538
355 2.6348996
356 2.7827983
357 2.5560985
358 2.5257735
359 2.3374772
360 2.655907
361 2.7370772
362 2.5710685
363 2.70921
364 2.7031183
365 2.5903804
366 2.646146
367 2.687827
368 2.4460416
369 2.6925435
370 2.5574064
371 2.4770658
372 2.4868188
373 2.66754
374 2.6500633
375 2.5999482
376 2.775567
377 2.6271114
378 2.7681136
379 2.5899322
380 2.707573
381 2.5587747
382 2.5370946
383 2.571018
384 2.6226234
385 2.5530791
386 2.4497025
387 2.6135993
388 2.6385748
389 2.7495525
390 2.6231904
391 2.6059716
392 2.9201875
393 2.697679
394 2.6529822
395 2.7754855
396 2.798758
397 2.5610752
398 2.7761815
399 2.7062094
400 2.6505203
401 2.694769
402 2.7913413
403 2.7416635
404 2.5719585
405 2.8103828
406 2.5822194
407 2.5489826
408 2.6545095
409 2.5788527
410 2.8329277
411 2.7247748
412 2.6972413
413 2.664117
414 2.7275672
415 2.4718528
416 2.7020252
417 2.632212
418 2.7069614
419 2.609746
420 2.6809838
421 2.8346963
422 2.5828261
423 2.6280937
424 2.5637038
425 2.6156864
426 2.4037194
427 2.6409228
428 2.487507
429 2.790601
430 2.570965
431 2.4641724
432 2.4050894
433 2.5031183
434 2.6334717
435 2.7421832
436 2.467553
437 2.5533125
438 2.5016963
439 2.6007087
440 2.7331834
441 2.742402
442 2.6729064
443 2.646367
444 2.767446
445 2.7360034
446 2.629364
447 2.5349495
448 2.6741064
449 2.6738555
450 2.452906
451 2.701689
452 2.9043393
453 2.5921798
454 2.6232455
455 2.7324557
456 2.5095193
457 2.4906757
458 2.6159356
459 2.5645518
460 2.4766994
461 2.7476718
462 2.667612
463 2.7171862
464 2.7143683
465 2.6385598
466 2.695762
467 2.6383522
468 2.6282284
469 2.514455
470 2.4847612
471 2.618351
472 2.6182702
473 2.5977757
474 2.8541994
475 2.514134
476 2.4556808
477 2.3817723
478 2.5707667
479 2.700338
480 2.7218533
481 2.7355938
482 2.6894183
483 2.7084823
484 2.7598975
485 2.6257246
486 2.6237297
487 2.6495144
488 2.6122556
489 2.7355237
490 2.521778
491 2.6557443
492 2.57356
493 2.5352895
494 2.431013
495 2.6106687
496 2.5185502
497 2.5545769
498 2.5145173
499 2.2925234
500 2.5517778
501 2.491958
502 2.36817
503 2.457521
504 2.3614554
505 2.6244025
506 2.678599
507 2.6046958
508 2.4702382
509 2.431323
510 2.866404
511 2.6130252
512 2.6533275
513 2.5572798
514 2.8242643
515 2.9200127
516 2.6661406
517 2.6958807
518 2.7450163
519 2.8142095
520 2.749056
521 2.7104056
522 2.7640476
523 2.7602036
524 2.687099
525 2.651733
526 2.6016583
527 2.5825188
528 2.4239001
529 2.7922134
530 2.386673
531 2.6794064
532 2.7301507
533 2.5409398
534 2.6439953
535 2.5959325
536 2.635594
537 2.702918
538 2.6229875
539 2.6287632
540 2.478557
541 2.4506826
542 2.270148
543 2.5605848
544 2.5689697
545 2.5358815
546 2.5032852
547 2.5751438
548 2.5180767
549 2.508191
550 2.3974788
551 2.6743407
552 2.502089
553 2.3971047
554 2.1793118
555 2.4334779
556 2.5447068
557 2.4287107
558 2.362554
559 2.4226418
560 2.4980416
561 2.3798242
562 2.4340856
563 2.4824405
564 2.5338275
565 2.2272706
566 2.395247
567 2.5835166
568 2.630324
569 2.6301007
570 2.6570153
571 2.7363892
572 2.614079
573 2.5034308
574 2.6934428
575 2.6169
576 2.528661
577 2.5521767
578 2.5951297
579 2.5624974
580 2.462225
581 2.7773118
582 2.7355335
583 2.6121616
584 2.4698727
585 2.7065742
586 2.6619458
587 2.4950178
588 2.635907
589 2.6045458
590 2.5120142
591 2.4688668
592 2.6082616
593 2.5285878
594 2.42524
595 2.3720157
596 2.7015567
597 2.7008836
598 2.528768
599 2.6731477
600 2.743406
601 2.487231
602 2.599894
603 2.5210178
604 2.483099
605 2.3051834
606 2.495767
607 2.4539618
608 2.6693206
609 2.6462555
610 2.2507799
611 2.416232
612 2.4173634
613 2.5309753
614 2.47707
615 2.592561
616 2.7322173
617 2.5246146
618 2.3852768
619 2.6735158
620 2.5690935
621 2.4392276
622 2.583272
623 2.551994
624 2.626023
625 2.493658
626 2.3831398
627 2.4235528
628 2.3993802
629 2.531819
630 2.4109752
631 2.5712159
632 2.4357417
633 2.402117
634 2.3887136
635 2.4568865
636 2.5528777
637 2.610702
638 2.7103078
639 2.565105
640 2.5875335
641 2.394955
642 2.585718
643 2.4083757
644 2.4655595
645 2.468143
646 2.4439442
647 2.5029225
648 2.67783
649 2.6696935
650 2.3704705
651 2.528665
652 2.6183677
653 2.4737022
654 2.501018
655 2.466838
656 2.5352187
657 2.4040978
658 2.38169
659 2.599874
660 2.3581123
661 2.35358
662 2.5232785
663 2.5152574
664 2.5169759
665 2.450257
666 2.4081554
667 2.5000267
668 2.4705043
669 2.6305137
670 2.6298761
671 2.4841866
672 2.4976046
673 2.5316849
674 2.5137157
675 2.5839167
676 2.710303
677 2.5572715
678 2.4320502
679 2.4809844
680 2.6292188
681 2.4847715
682 2.531829
683 2.6143184
684 2.4498067
685 2.5366442
686 2.5090406
687 2.3160462
688 2.3403687
689 2.2404208
690 2.485876
691 2.5142353
692 2.5097158
693 2.4669714
694 2.5617008
695 2.6220133
696 2.5136807
697 2.725519
698 2.5023415
699 2.2778602
700 2.4515684
701 2.574183
702 2.5044918
703 2.362392
704 2.4980447
705 2.5397844
706 2.4038653
707 2.3426685
708 2.3893454
709 2.5471187
710 2.3983204
711 2.5905175
712 2.5779936
713 2.7151294
714 2.5349548
715 2.644684
716 2.5889735
717 2.2995067
718 2.3080595
719 2.6466703
720 2.4014442
721 2.535336
722 2.7594612
723 2.818552
724 2.6655731
725 2.585487
726 2.6937947
727 2.6836643
728 2.613528
729 2.4863284
730 2.3456097
731 2.5578628
732 2.5829878
733 2.5839615
734 2.6150975
735 2.6811297
736 2.6760337
737 2.7971773
738 2.5776505
739 2.6683698
740 2.7680926
741 2.664549
742 2.5843935
743 2.528006
744 2.6371853
745 2.444285
746 2.5525966
747 2.6989894
748 2.5882344
749 2.6461277
750 2.313619
751 2.7108715
752 2.5707126
753 2.6139333
754 2.5624375
755 2.4572253
756 2.298633
757 2.4357755
758 2.4447718
759 2.4998932
760 2.5240922
761 2.3951626
762 2.4585013
763 2.3331559
764 2.4165125
765 2.4927511
766 2.5667472
767 2.4320855
768 2.7024143
769 2.4793577
770 2.4146948
771 2.5020716
772 2.4651854
773 2.3270273
774 2.6880658
775 2.4039028
776 2.5922875
777 2.6155398
778 2.471302
779 2.3306153
780 2.6147196
781 2.3083892
782 2.4963038
783 2.3587341
784 2.486942
785 2.4684289
786 2.4467094
787 2.447051
788 2.417103
789 2.6095397
790 2.5331492
791 2.3797693
792 2.5393498
793 2.5257983
794 2.3500118
795 2.558128
796 2.6542258
797 2.7041998
798 2.5870051
799 2.6429424
800 2.5719879
801 2.4923315
802 2.3843727
803 2.4765956
804 2.4273343
805 2.379164
806 2.4231772
807 2.3444474
808 2.6084318
809 2.4449916
810 2.3827004
811 2.332788
812 2.3325222
813 2.320188
814 2.463932
815 2.4913325
816 2.459978
817 2.461804
818 2.50772
819 2.607369
820 2.3911452
821 2.417894
822 2.5767665
823 2.7068691
824 2.4092555
825 2.4977996
826 2.5109096
827 2.476726
828 2.5302682
829 2.6665654
830 2.5461144
831 2.4503398
832 2.61883
833 2.4136698
834 2.5550523
835 2.5463643
836 2.4767895
837 2.579887
838 2.4894264
839 2.4112308
840 2.648274
841 2.6228101
842 2.5235965
843 2.7153502
844 2.4289982
845 2.4508967
846 2.5572476
847 2.5027108
848 2.5724301
849 2.588211
850 2.6604378
851 2.5055869
852 2.492936
853 2.4527144
854 2.5735183
855 2.5332155
856 2.6566758
857 2.5023522
858 2.4719794
859 2.5187597
860 2.4480524
861 2.3539422
862 2.5070198
863 2.6459339
864 2.5917397
865 2.335418
866 2.727738
867 2.7167888
868 2.512656
869 2.6418452
870 2.5871868
871 2.5116208
872 2.609939
873 2.494966
874 2.4024873
875 2.6361058
876 2.654998
877 2.4675725
878 2.533692
879 2.4657142
880 2.597693
881 2.5100358
882 2.5404282
883 2.4722035
884 2.374573
885 2.5535088
886 2.6326492
887 2.5849473
888 2.5259206
889 2.4976952
890 2.303556
891 2.563424
892 2.4386806
893 2.5378375
894 2.5102448
895 2.55568
896 2.5639668
897 2.4613676
898 2.411735
899 2.5749733
900 2.6122806
901 2.4786317
902 2.6305351
903 2.4838862
904 2.1837437
905 2.5172079
906 2.5032656
907 2.33818
908 2.4772942
909 2.4038491
910 2.4136608
911 2.3855584
912 2.3724551
913 2.4156861
914 2.548059
915 2.3100014
916 2.5254905
917 2.4767032
918 2.4089499
919 2.4300332
920 2.5148325
921 2.3697648
922 2.4496973
923 2.5393653
924 2.7205338
925 2.6609657
926 2.4325385
927 2.6012416
928 2.4199376
929 2.4072194
930 2.467554
931 2.4880366
932 2.5560539
933 2.5896854
934 2.3092124
935 2.4935997
936 2.4407153
937 2.6587796
938 2.3844044
939 2.427977
940 2.5676022
941 2.3655782
942 2.4961834
943 2.5587564
944 2.5035124
945 2.361698
946 2.2143927
947 2.1951487
948 2.3024888
949 2.25752
950 2.402313
951 2.5154357
952 2.551354
953 2.2163417
954 2.2767327
955 2.60344
956 2.6126876
957 2.5831313
958 2.4024
959 2.4239497
960 2.3421235
961 2.3731809
962 2.2997756
963 2.2981937
964 2.6633747
965 2.3809679
966 2.3133616
967 2.41611
968 2.277795
969 2.3149738
970 2.5784574
971 2.312989
972 2.3958063
973 2.3817596
974 2.5919044
975 2.5671442
976 2.5927682
977 2.6526446
978 2.551399
979 2.4753866
980 2.6044042
981 2.5238853
982 2.4445722
983 2.7417097
984 2.5130506
985 2.5255036
986 2.6553216
987 2.7109592
988 2.4695818
989 2.5613546
990 2.474641
991 2.4724422
992 2.4572372
993 2.3365939
994 2.4404087
995 2.539458
996 2.3501527
997 2.458144
998 2.433412
999 2.2451818
1000 2.358151
