1 204.35104
2 203.63199
3 203.41571
4 202.858
5 201.71797
6 199.05588
7 194.42981
8 184.10385
9 168.41147
10 147.3642
11 121.784485
12 96.55738
13 79.70351
14 68.363365
15 63.83133
16 60.69757
17 55.201416
18 49.182846
19 45.22443
20 41.676994
21 39.558434
22 37.86046
23 37.062927
24 36.345085
25 35.721935
26 35.429688
27 34.522297
28 33.88775
29 32.920734
30 33.15444
31 33.7181
32 35.039436
33 36.120064
34 37.208008
35 37.799862
36 38.36634
37 38.49121
38 38.610603
39 38.657448
40 38.917744
41 39.098366
42 38.766487
43 38.744312
44 38.826836
45 39.214592
46 39.565575
47 39.88029
48 39.88211
49 40.170227
50 39.607307
51 38.61614
52 37.108295
53 36.070103
54 34.87202
55 34.688786
56 34.428673
57 34.98904
58 35.191975
59 36.27923
60 36.928543
61 37.08893
62 37.802254
63 37.925915
64 37.827106
65 38.624737
66 38.153004
67 37.180016
68 37.82363
69 38.373466
70 37.881092
71 37.88079
72 37.580685
73 38.624737
74 38.734886
75 36.31913
76 35.765617
77 34.657955
78 31.743525
79 30.22842
80 32.047997
81 32.856556
82 33.625996
83 33.305325
84 34.826027
85 34.69508
86 34.233818
87 34.94577
88 35.84685
89 34.386444
90 30.923136
91 31.703144
92 33.02262
93 33.282322
94 34.38395
95 34.105072
96 34.590744
97 33.357765
98 33.86166
99 31.824972
100 30.605167
101 29.946009
102 29.002575
103 28.209982
104 31.446665
105 31.975058
106 30.416454
107 32.933895
108 36.3019
109 37.615685
110 31.811184
111 31.881886
112 30.79834
113 30.776691
114 30.888287
115 29.311712
116 31.491947
117 32.016304
118 30.111547
119 30.89038
120 32.62571
121 30.675068
122 30.475796
123 32.70603
124 33.25328
125 31.483917
126 32.84552
127 34.057274
128 33.18541
129 29.520065
130 30.59605
131 29.784159
132 28.469076
133 25.334324
134 27.594707
135 27.262014
136 28.980488
137 27.254507
138 28.029083
139 27.748455
140 30.118267
141 29.069183
142 25.813278
143 26.77258
144 27.15882
145 29.452826
146 26.529898
147 25.460903
148 24.954426
149 25.777271
150 26.03036
151 24.87508
152 25.272045
153 24.540157
154 26.637894
155 24.456762
156 23.833744
157 24.884306
158 24.575615
159 23.659039
160 22.920835
161 24.856577
162 24.469547
163 22.455994
164 21.770212
165 23.210564
166 23.423185
167 23.430956
168 26.11442
169 26.629826
170 24.856339
171 24.553627
172 23.72719
173 23.925037
174 22.346033
175 22.613466
176 22.07256
177 22.379574
178 23.720936
179 24.408834
180 25.84106
181 25.121048
182 25.267036
183 26.749018
184 25.928425
185 27.756748
186 25.620764
187 25.52351
188 24.983604
189 24.750904
190 22.880915
191 21.05557
192 23.137732
193 24.169144
194 22.34808
195 22.016348
196 22.122253
197 25.003864
198 25.799032
199 25.4446
200 25.235727
201 25.234129
202 23.432056
203 22.982464
204 21.742628
205 23.65532
206 21.485477
207 22.13233
208 22.712963
209 22.026403
210 21.241516
211 22.54807
212 23.468542
213 21.788939
214 23.008701
215 23.387989
216 21.435709
217 22.330256
218 22.743492
219 22.137194
220 22.096468
221 21.15583
222 21.72465
223 20.97064
224 22.267254
225 23.25232
226 22.799732
227 22.568756
228 22.086376
229 22.649002
230 23.267818
231 22.874052
232 21.14954
233 22.151936
234 20.274113
235 21.229784
236 21.38042
237 21.213873
238 23.16547
239 21.648787
240 24.209463
241 22.043127
242 23.63004
243 23.420055
244 21.98945
245 24.513584
246 24.480633
247 22.345728
248 21.93847
249 21.78784
250 21.65834
251 21.284252
252 21.890402
253 20.776978
254 19.922024
255 20.31722
256 21.507748
257 22.030985
258 21.22813
259 21.59676
260 20.340471
261 21.73816
262 21.77064
263 23.047077
264 23.008764
265 23.653767
266 21.83147
267 20.225126
268 22.833246
269 21.512857
270 22.648218
271 22.146208
272 23.021389
273 22.238737
274 22.863941
275 22.655228
276 22.691624
277 23.193521
278 22.956964
279 23.040442
280 22.547604
281 22.297894
282 24.152222
283 23.693167
284 21.658695
285 23.595713
286 21.192486
287 21.317287
288 21.13669
289 20.378002
290 21.32219
291 20.620647
292 19.773458
293 21.752893
294 19.528591
295 19.068918
296 19.617474
297 20.317692
298 18.697079
299 18.86493
300 19.519894
301 19.74314
302 18.789932
303 18.946453
304 19.946543
305 19.435629
306 19.969517
307 19.544
308 19.176044
309 19.752506
310 21.229372
311 20.864676
312 19.029957
313 19.561728
314 18.935883
315 19.657978
316 19.480518
317 20.276287
318 19.822756
319 18.872778
320 19.21019
321 19.520914
322 18.204525
323 18.686056
324 19.04606
325 20.863783
326 20.61797
327 19.13807
328 21.71753
329 21.205257
330 20.018463
331 21.524652
332 22.03448
333 20.90201
334 21.449734
335 20.247677
336 20.11074
337 19.80141
338 20.90179
339 21.031904
340 19.653534
341 19.011662
342 20.239466
343 18.945797
344 19.38709
345 19.40708
346 20.09026
347 19.318512
348 20.213621
349 19.498232
350 18.88897
351 20.616882
352 20.062616
353 19.910639
354 19.186966
355 18.603403
356 19.493225
357 19.934803
358 18.670319
359 18.17089
360 20.825377
361 19.695143
362 19.534725
363 19.795538
364 18.87522
365 18.808474
366 19.484974
367 19.005672
368 18.563507
369 19.286608
370 18.403194
371 18.2822
372 18.315817
373 19.029093
374 19.691198
375 18.212143
376 18.917202
377 18.315449
378 18.72646
379 17.685324
380 18.878506
381 18.215014
382 18.6022
383 18.712677
384 18.49879
385 18.308926
386 18.295576
387 19.047825
388 19.886423
389 19.706997
390 19.589664
391 19.381062
392 20.162304
393 20.059063
394 17.924988
395 20.778467
396 20.001638
397 20.202208
398 20.228214
399 22.287151
400 21.211117
401 20.800892
402 20.911901
403 21.112183
404 20.8311
405 19.068483
406 20.341995
407 19.665974
408 19.616734
409 19.413986
410 20.390966
411 19.893147
412 19.214165
413 19.948843
414 19.26679
415 17.615664
416 18.440464
417 18.95368
418 19.309057
419 18.224003
420 19.847364
421 19.805956
422 18.532255
423 18.31141
424 19.321198
425 19.044544
426 19.217003
427 19.342707
428 19.40203
429 20.888144
430 18.267536
431 19.68345
432 17.971756
433 19.380814
434 19.665974
435 19.750463
436 17.76491
437 17.571236
438 19.611835
439 17.475245
440 17.798742
441 18.87056
442 17.603329
443 19.003307
444 19.589916
445 18.683632
446 17.970562
447 18.106083
448 20.146988
449 19.430502
450 17.38469
451 19.604979
452 20.824535
453 19.355396
454 18.870317
455 20.466637
456 19.044413
457 18.327114
458 18.347506
459 18.344776
460 18.237955
461 19.717133
462 18.811396
463 19.145716
464 17.75349
465 18.372784
466 18.794668
467 17.529135
468 19.03428
469 17.947021
470 19.000866
471 19.291927
472 19.216007
473 19.27306
474 18.7556
475 18.564968
476 18.208576
477 19.163
478 19.550571
479 20.12506
480 19.76884
481 20.761505
482 18.796333
483 18.848103
484 18.690098
485 18.03785
486 19.824339
487 19.717579
488 19.471045
489 19.374168
490 17.964153
491 17.880817
492 18.045776
493 17.75961
494 17.526377
495 18.384832
496 17.554087
497 17.498926
498 17.901068
499 15.666081
500 17.035185
501 17.463196
502 17.787762
503 17.284002
504 18.072523
505 19.088245
506 18.536615
507 17.915142
508 17.589695
509 16.655184
510 18.399624
511 17.6357
512 18.844305
513 17.847475
514 20.010986
515 19.816422
516 18.664738
517 18.288473
518 19.708263
519 19.312336
520 20.365847
521 20.680395
522 20.574673
523 20.531467
524 19.952612
525 18.001064
526 19.069466
527 17.664444
528 17.534786
529 19.485134
530 17.765682
531 19.005846
532 19.353838
533 18.695219
534 19.233412
535 17.692636
536 19.009605
537 19.101313
538 18.344555
539 18.923567
540 17.836187
541 17.991077
542 16.742237
543 17.553741
544 17.963337
545 17.20648
546 16.338413
547 17.360678
548 17.074507
549 16.527782
550 15.923436
551 17.098963
552 17.773428
553 16.444984
554 15.219968
555 16.371363
556 17.237707
557 16.953085
558 16.60142
559 17.411234
560 17.083887
561 17.213142
562 16.39365
563 15.404005
564 16.834156
565 15.625956
566 15.6794
567 16.452917
568 16.910206
569 17.011158
570 17.482862
571 17.833807
572 18.151703
573 16.71146
574 18.451809
575 19.692108
576 19.362675
577 19.344456
578 20.084515
579 18.697088
580 18.473078
581 20.45318
582 20.008612
583 18.775688
584 18.519531
585 17.877392
586 17.931715
587 17.7447
588 18.205387
589 16.56717
590 17.719936
591 17.557713
592 18.431267
593 16.974937
594 16.651052
595 17.144115
596 19.14353
597 17.698076
598 17.817123
599 18.794388
600 18.590899
601 17.7658
602 18.4137
603 17.091198
604 17.015333
605 16.136515
606 17.028635
607 17.547205
608 18.46446
609 18.077707
610 16.305498
611 17.151217
612 16.502136
613 17.79526
614 15.934608
615 16.137436
616 17.48227
617 17.554443
618 16.578552
619 18.273066
620 17.212646
621 16.882702
622 16.951591
623 16.35894
624 18.355234
625 17.023138
626 16.392643
627 18.25097
628 18.131762
629 17.753592
630 16.539272
631 17.561275
632 18.125603
633 17.596193
634 17.949009
635 17.427454
636 16.551702
637 17.908669
638 18.678396
639 16.91045
640 17.518482
641 16.99857
642 18.180805
643 15.935507
644 16.342493
645 16.302937
646 17.206247
647 17.133041
648 18.423754
649 18.353317
650 17.9668
651 17.266045
652 17.571472
653 16.327642
654 16.473888
655 16.640156
656 16.30711
657 15.7738495
658 16.47188
659 16.531397
660 15.973457
661 16.611551
662 16.140165
663 17.241299
664 16.307297
665 16.763624
666 18.071049
667 16.933088
668 17.99015
669 18.21754
670 18.234127
671 17.030422
672 17.724924
673 16.573599
674 17.310192
675 16.156796
676 16.61708
677 17.773104
678 16.003025
679 16.263512
680 18.523834
681 18.370972
682 17.96907
683 18.926834
684 18.366663
685 17.727695
686 17.477766
687 16.483759
688 17.022486
689 15.598745
690 16.377764
691 16.920378
692 15.762988
693 15.9223995
694 16.489536
695 16.78619
696 16.431423
697 17.331463
698 17.657156
699 15.595215
700 17.267675
701 17.665672
702 16.882927
703 16.144268
704 17.416882
705 18.231485
706 18.01656
707 17.081219
708 16.461811
709 16.671152
710 17.302034
711 17.598251
712 17.259464
713 17.695478
714 17.60257
715 17.528162
716 15.709017
717 15.328033
718 15.858244
719 18.092758
720 15.778465
721 15.923414
722 18.42362
723 18.695982
724 18.28718
725 18.125425
726 19.259573
727 18.024296
728 17.945309
729 18.635183
730 16.507029
731 17.324413
732 16.878246
733 17.002974
734 16.640144
735 16.60114
736 17.004099
737 17.443033
738 15.026927
739 16.887997
740 18.866848
741 17.798708
742 18.212646
743 19.617926
744 19.143871
745 17.937706
746 19.479294
747 20.86507
748 19.95036
749 19.247227
750 17.034351
751 17.936169
752 17.558987
753 19.38939
754 18.055674
755 17.540462
756 17.007898
757 17.16773
758 16.843777
759 17.92455
760 17.484806
761 15.875694
762 16.12662
763 16.653986
764 16.269588
765 16.777615
766 17.851027
767 16.548574
768 17.373188
769 16.949879
770 15.993342
771 15.707945
772 15.934645
773 15.901998
774 16.718523
775 15.806131
776 16.191162
777 16.693308
778 15.983551
779 16.680202
780 15.75123
781 15.969599
782 16.48412
783 16.52239
784 16.841679
785 16.258968
786 15.961238
787 15.812413
788 15.56019
789 16.310997
790 15.723421
791 15.066989
792 17.062431
793 16.047016
794 15.876482
795 16.643463
796 17.621788
797 18.310368
798 18.274632
799 17.913227
800 17.39843
801 17.25907
802 15.878885
803 16.88928
804 17.088451
805 16.978802
806 16.094152
807 15.432283
808 17.172115
809 16.189178
810 15.706075
811 16.281036
812 14.53291
813 15.215754
814 16.54779
815 16.648273
816 16.939304
817 15.534422
818 16.75451
819 16.11834
820 15.737833
821 15.9717865
822 17.325077
823 17.310709
824 16.18924
825 15.856842
826 15.534216
827 16.665375
828 17.59167
829 16.971281
830 17.253464
831 17.156404
832 18.471523
833 17.38206
834 16.593174
835 16.676851
836 16.44059
837 16.626863
838 15.944606
839 16.02702
840 17.118748
841 17.178905
842 15.950386
843 17.23599
844 16.124775
845 16.516888
846 17.281626
847 18.16625
848 17.274054
849 17.891003
850 17.572659
851 17.616762
852 16.867676
853 18.103008
854 18.4632
855 20.68346
856 19.439358
857 18.429977
858 17.756308
859 17.446053
860 16.729435
861 16.417198
862 17.215551
863 16.712683
864 16.34605
865 15.186531
866 17.09618
867 16.960537
868 16.747252
869 16.020147
870 17.200783
871 17.482107
872 17.731255
873 17.212704
874 16.412748
875 18.526917
876 18.16154
877 17.268536
878 17.504707
879 16.994545
880 17.483124
881 16.419012
882 17.310562
883 17.119772
884 16.659693
885 17.041576
886 17.452944
887 17.013882
888 17.374262
889 16.508558
890 15.2835865
891 15.82086
892 16.304111
893 16.918268
894 17.437016
895 16.715118
896 17.103022
897 16.374699
898 16.977655
899 17.172092
900 18.782557
901 15.790555
902 18.699759
903 16.863165
904 15.116446
905 16.779043
906 17.424494
907 15.492407
908 16.937088
909 16.842402
910 18.224773
911 17.1442
912 17.707802
913 17.430746
914 17.17071
915 16.719887
916 16.626966
917 16.489536
918 17.753523
919 16.779257
920 17.615295
921 16.383656
922 15.654645
923 17.42
924 17.200317
925 18.734911
926 17.91107
927 16.932835
928 17.361145
929 17.57905
930 16.892467
931 17.868889
932 17.808144
933 17.303324
934 15.921839
935 16.86094
936 16.103247
937 17.310894
938 16.011404
939 16.151583
940 16.920744
941 16.473032
942 17.463207
943 18.30766
944 17.94313
945 17.181963
946 16.038097
947 14.757986
948 16.021757
949 14.852511
950 15.571684
951 15.116165
952 15.78817
953 15.304622
954 14.724729
955 16.068495
956 18.21679
957 16.617409
958 15.782373
959 15.28344
960 15.696467
961 14.958682
962 16.049156
963 16.623936
964 18.365295
965 16.489779
966 16.78924
967 17.012005
968 15.877619
969 15.65509
970 15.964844
971 16.714582
972 15.454031
973 15.539174
974 16.206615
975 17.343431
976 17.280613
977 18.349066
978 16.282543
979 17.57219
980 16.59883
981 16.394556
982 16.398453
983 17.165539
984 16.868526
985 16.886467
986 17.722815
987 17.53078
988 16.147503
989 17.583494
990 16.84898
991 17.895878
992 17.428316
993 16.535767
994 15.839045
995 16.544846
996 16.48199
997 17.266537
998 15.14799
999 15.738962
1000 15.823888
