1 0.009375
2 0.0125
3 0.025
4 0.065625
5 0.059375
6 0.0625
7 0.0375
8 0.053125
9 0.040625
10 0.053125
11 0.084375
12 0.103125
13 0.103125
14 0.1125
15 0.115625
16 0.115625
17 0.109375
18 0.109375
19 0.10625
20 0.10625
21 0.071875
22 0.09375
23 0.075
24 0.10625
25 0.13125
26 0.115625
27 0.1
28 0.10625
29 0.128125
30 0.11875
31 0.1
32 0.1
33 0.1125
34 0.115625
35 0.1125
36 0.115625
37 0.09375
38 0.084375
39 0.115625
40 0.08125
41 0.125
42 0.09375
43 0.08125
44 0.096875
45 0.103125
46 0.075
47 0.10625
48 0.121875
49 0.084375
50 0.10625
51 0.103125
52 0.103125
53 0.11875
54 0.096875
55 0.075
56 0.084375
57 0.115625
58 0.125
59 0.11875
60 0.13125
61 0.121875
62 0.109375
63 0.11875
64 0.128125
65 0.121875
66 0.115625
67 0.134375
68 0.1375
69 0.134375
70 0.103125
71 0.128125
72 0.121875
73 0.121875
74 0.125
75 0.11875
76 0.11875
77 0.1375
78 0.115625
79 0.11875
80 0.121875
81 0.1375
82 0.11875
83 0.140625
84 0.15
85 0.103125
86 0.121875
87 0.1375
88 0.140625
89 0.146875
90 0.1375
91 0.165625
92 0.146875
93 0.178125
94 0.159375
95 0.15
96 0.146875
97 0.175
98 0.140625
99 0.16875
100 0.178125
101 0.146875
102 0.1375
103 0.146875
104 0.19375
105 0.15
106 0.196875
107 0.178125
108 0.159375
109 0.159375
110 0.184375
111 0.175
112 0.1625
113 0.159375
114 0.184375
115 0.21875
116 0.13125
117 0.2
118 0.175
119 0.19375
120 0.203125
121 0.2125
122 0.184375
123 0.165625
124 0.16875
125 0.1875
126 0.20625
127 0.196875
128 0.175
129 0.215625
130 0.25
131 0.190625
132 0.2125
133 0.228125
134 0.215625
135 0.240625
136 0.234375
137 0.175
138 0.2375
139 0.209375
140 0.18125
141 0.19375
142 0.2125
143 0.196875
144 0.178125
145 0.203125
146 0.203125
147 0.16875
148 0.196875
149 0.225
150 0.23125
151 0.225
152 0.2
153 0.221875
154 0.24375
155 0.253125
156 0.25625
157 0.24375
158 0.20625
159 0.228125
160 0.234375
161 0.209375
162 0.246875
163 0.21875
164 0.275
165 0.2375
166 0.2875
167 0.215625
168 0.196875
169 0.24375
170 0.171875
171 0.21875
172 0.221875
173 0.20625
174 0.24375
175 0.2625
176 0.24375
177 0.246875
178 0.196875
179 0.246875
180 0.225
181 0.2125
182 0.246875
183 0.2375
184 0.21875
185 0.21875
186 0.1625
187 0.25625
188 0.21875
189 0.2375
190 0.21875
191 0.24375
192 0.221875
193 0.153125
194 0.215625
195 0.275
196 0.240625
197 0.2625
198 0.225
199 0.284375
200 0.271875
201 0.184375
202 0.24375
203 0.228125
204 0.225
205 0.1875
206 0.21875
207 0.24375
208 0.2375
209 0.2875
210 0.209375
211 0.2625
212 0.24375
213 0.225
214 0.265625
215 0.26875
216 0.246875
217 0.225
218 0.2625
219 0.240625
220 0.275
221 0.284375
222 0.2125
223 0.2125
224 0.209375
225 0.25
226 0.24375
227 0.23125
228 0.221875
229 0.23125
230 0.259375
231 0.246875
232 0.25625
233 0.221875
234 0.225
235 0.296875
236 0.228125
237 0.259375
238 0.2375
239 0.2625
240 0.246875
241 0.25625
242 0.25
243 0.2125
244 0.234375
245 0.253125
246 0.2125
247 0.24375
248 0.221875
249 0.209375
250 0.278125
251 0.221875
252 0.228125
253 0.28125
254 0.196875
255 0.259375
256 0.2375
257 0.296875
258 0.240625
259 0.259375
260 0.290625
261 0.271875
262 0.240625
263 0.23125
264 0.221875
265 0.215625
266 0.25625
267 0.2875
268 0.26875
269 0.221875
270 0.234375
271 0.225
272 0.225
273 0.265625
274 0.253125
275 0.25625
276 0.228125
277 0.20625
278 0.228125
279 0.26875
280 0.225
281 0.2375
282 0.246875
283 0.246875
284 0.21875
285 0.190625
286 0.275
287 0.228125
288 0.23125
289 0.271875
290 0.203125
291 0.2625
292 0.24375
293 0.259375
294 0.25625
295 0.259375
296 0.290625
297 0.278125
298 0.2125
299 0.25625
300 0.275
301 0.290625
302 0.240625
303 0.25625
304 0.284375
305 0.309375
306 0.275
307 0.228125
308 0.246875
309 0.25
310 0.30625
311 0.328125
312 0.325
313 0.26875
314 0.209375
315 0.26875
316 0.3
317 0.309375
318 0.2375
319 0.25
320 0.3
321 0.253125
322 0.26875
323 0.20625
324 0.30625
325 0.30625
326 0.29375
327 0.215625
328 0.225
329 0.221875
330 0.253125
331 0.296875
332 0.2875
333 0.24375
334 0.271875
335 0.359375
336 0.221875
337 0.309375
338 0.296875
339 0.271875
340 0.234375
341 0.28125
342 0.221875
343 0.265625
344 0.2125
345 0.3125
346 0.290625
347 0.290625
348 0.3
349 0.259375
350 0.2875
351 0.28125
352 0.30625
353 0.290625
354 0.265625
355 0.2375
356 0.259375
357 0.221875
358 0.228125
359 0.2125
360 0.234375
361 0.25625
362 0.24375
363 0.2375
364 0.1875
365 0.234375
366 0.24375
367 0.25
368 0.2625
369 0.290625
370 0.246875
371 0.246875
372 0.253125
373 0.25625
374 0.2625
375 0.271875
376 0.2375
377 0.246875
378 0.271875
379 0.25
380 0.253125
381 0.290625
382 0.253125
383 0.259375
384 0.28125
385 0.309375
386 0.284375
387 0.265625
388 0.271875
389 0.296875
390 0.2875
391 0.315625
392 0.31875
393 0.290625
394 0.221875
395 0.265625
396 0.271875
397 0.246875
398 0.240625
399 0.271875
400 0.253125
401 0.203125
402 0.2625
403 0.24375
404 0.246875
405 0.225
406 0.2375
407 0.228125
408 0.253125
409 0.259375
410 0.34375
411 0.26875
412 0.315625
413 0.275
414 0.2375
415 0.253125
416 0.246875
417 0.25625
418 0.259375
419 0.259375
420 0.2375
421 0.2875
422 0.28125
423 0.278125
424 0.28125
425 0.265625
426 0.259375
427 0.2875
428 0.246875
429 0.28125
430 0.328125
431 0.328125
432 0.33125
433 0.26875
434 0.265625
435 0.2875
436 0.3
437 0.234375
438 0.196875
439 0.29375
440 0.309375
441 0.240625
442 0.2625
443 0.2625
444 0.23125
445 0.2625
446 0.240625
447 0.30625
448 0.275
449 0.25
450 0.31875
451 0.290625
452 0.24375
453 0.253125
454 0.259375
455 0.271875
456 0.28125
457 0.31875
458 0.30625
459 0.275
460 0.340625
461 0.284375
462 0.321875
463 0.26875
464 0.24375
465 0.225
466 0.21875
467 0.275
468 0.28125
469 0.35
470 0.33125
471 0.2375
472 0.296875
473 0.253125
474 0.29375
475 0.253125
476 0.29375
477 0.265625
478 0.3
479 0.28125
480 0.3
481 0.31875
482 0.30625
483 0.371875
484 0.278125
485 0.309375
486 0.321875
487 0.278125
488 0.2875
489 0.315625
490 0.290625
491 0.278125
492 0.24375
493 0.278125
494 0.30625
495 0.26875
496 0.315625
497 0.275
498 0.259375
499 0.246875
500 0.240625
501 0.2875
502 0.259375
503 0.30625
504 0.3125
505 0.3125
506 0.284375
507 0.30625
508 0.25625
509 0.3125
510 0.25
511 0.28125
512 0.246875
513 0.34375
514 0.3125
515 0.2375
516 0.275
517 0.325
518 0.275
519 0.265625
520 0.2875
521 0.28125
522 0.275
523 0.284375
524 0.275
525 0.309375
526 0.303125
527 0.29375
528 0.225
529 0.26875
530 0.2875
531 0.309375
532 0.2375
533 0.271875
534 0.25625
535 0.3125
536 0.340625
537 0.296875
538 0.25
539 0.265625
540 0.28125
541 0.3
542 0.296875
543 0.30625
544 0.265625
545 0.290625
546 0.315625
547 0.303125
548 0.31875
549 0.28125
550 0.28125
551 0.315625
552 0.271875
553 0.278125
554 0.3
555 0.3
556 0.271875
557 0.328125
558 0.303125
559 0.26875
560 0.271875
561 0.35
562 0.334375
563 0.290625
564 0.265625
565 0.365625
566 0.271875
567 0.234375
568 0.271875
569 0.2625
570 0.284375
571 0.31875
572 0.265625
573 0.29375
574 0.3375
575 0.31875
576 0.3125
577 0.34375
578 0.290625
579 0.284375
580 0.315625
581 0.3375
582 0.2875
583 0.29375
584 0.2875
585 0.271875
586 0.26875
587 0.31875
588 0.284375
589 0.3
590 0.290625
591 0.28125
592 0.278125
593 0.28125
594 0.278125
595 0.2875
596 0.28125
597 0.29375
598 0.296875
599 0.28125
600 0.3125
601 0.25
602 0.325
603 0.30625
604 0.3125
605 0.334375
606 0.215625
607 0.303125
608 0.296875
609 0.334375
610 0.340625
611 0.240625
612 0.303125
613 0.340625
614 0.28125
615 0.30625
616 0.303125
617 0.334375
618 0.378125
619 0.353125
620 0.275
621 0.265625
622 0.284375
623 0.29375
624 0.29375
625 0.296875
626 0.290625
627 0.228125
628 0.28125
629 0.30625
630 0.278125
631 0.325
632 0.265625
633 0.2375
634 0.328125
635 0.29375
636 0.26875
637 0.290625
638 0.3375
639 0.2875
640 0.315625
641 0.296875
642 0.3625
643 0.2875
644 0.321875
645 0.33125
646 0.340625
647 0.259375
648 0.284375
649 0.340625
650 0.278125
651 0.284375
652 0.290625
653 0.33125
654 0.30625
655 0.334375
656 0.309375
657 0.303125
658 0.221875
659 0.29375
660 0.271875
661 0.334375
662 0.334375
663 0.340625
664 0.340625
665 0.35
666 0.309375
667 0.30625
668 0.284375
669 0.221875
670 0.30625
671 0.28125
672 0.284375
673 0.3375
674 0.290625
675 0.346875
676 0.259375
677 0.334375
678 0.31875
679 0.33125
680 0.26875
681 0.26875
682 0.253125
683 0.26875
684 0.315625
685 0.2875
686 0.325
687 0.325
688 0.31875
689 0.29375
690 0.2875
691 0.34375
692 0.2875
693 0.3
694 0.30625
695 0.375
696 0.309375
697 0.265625
698 0.29375
699 0.284375
700 0.25625
701 0.35
702 0.35625
703 0.303125
704 0.303125
705 0.303125
706 0.25
707 0.275
708 0.253125
709 0.296875
710 0.321875
711 0.29375
712 0.278125
713 0.3625
714 0.340625
715 0.365625
716 0.253125
717 0.321875
718 0.328125
719 0.390625
720 0.321875
721 0.365625
722 0.24375
723 0.31875
724 0.34375
725 0.328125
726 0.365625
727 0.315625
728 0.303125
729 0.31875
730 0.371875
731 0.29375
732 0.33125
733 0.346875
734 0.290625
735 0.321875
736 0.34375
737 0.325
738 0.275
739 0.3
740 0.284375
741 0.34375
742 0.321875
743 0.31875
744 0.35
745 0.309375
746 0.321875
747 0.315625
748 0.340625
749 0.25625
750 0.3375
751 0.3
752 0.309375
753 0.309375
754 0.278125
755 0.3375
756 0.340625
757 0.35
758 0.31875
759 0.2875
760 0.290625
761 0.340625
762 0.290625
763 0.346875
764 0.309375
765 0.353125
766 0.3
767 0.284375
768 0.34375
769 0.321875
770 0.3
771 0.315625
772 0.315625
773 0.3375
774 0.31875
775 0.30625
776 0.340625
777 0.325
778 0.315625
779 0.33125
780 0.346875
781 0.275
782 0.321875
783 0.3125
784 0.29375
785 0.290625
786 0.315625
787 0.321875
788 0.4
789 0.371875
790 0.30625
791 0.334375
792 0.321875
793 0.353125
794 0.3125
795 0.29375
796 0.3125
797 0.340625
798 0.3375
799 0.365625
800 0.275
801 0.321875
802 0.303125
803 0.296875
804 0.3
805 0.309375
806 0.328125
807 0.34375
808 0.303125
809 0.265625
810 0.340625
811 0.34375
812 0.290625
813 0.3375
814 0.340625
815 0.303125
816 0.309375
817 0.30625
818 0.334375
819 0.365625
820 0.403125
821 0.3375
822 0.275
823 0.315625
824 0.290625
825 0.3125
826 0.34375
827 0.3
828 0.3125
829 0.3375
830 0.321875
831 0.2625
832 0.30625
833 0.290625
834 0.3375
835 0.3125
836 0.328125
837 0.296875
838 0.321875
839 0.365625
840 0.340625
841 0.3
842 0.3
843 0.38125
844 0.340625
845 0.31875
846 0.33125
847 0.33125
848 0.296875
849 0.29375
850 0.328125
851 0.315625
852 0.309375
853 0.340625
854 0.365625
855 0.309375
856 0.328125
857 0.296875
858 0.359375
859 0.321875
860 0.325
861 0.3125
862 0.3125
863 0.30625
864 0.26875
865 0.26875
866 0.315625
867 0.309375
868 0.3375
869 0.296875
870 0.346875
871 0.2625
872 0.31875
873 0.31875
874 0.3625
875 0.29375
876 0.340625
877 0.409375
878 0.390625
879 0.31875
880 0.296875
881 0.353125
882 0.33125
883 0.33125
884 0.33125
885 0.240625
886 0.353125
887 0.340625
888 0.2875
889 0.29375
890 0.334375
891 0.296875
892 0.278125
893 0.28125
894 0.346875
895 0.325
896 0.346875
897 0.271875
898 0.33125
899 0.328125
900 0.315625
901 0.2875
902 0.340625
903 0.359375
904 0.359375
905 0.296875
906 0.284375
907 0.34375
908 0.371875
909 0.31875
910 0.340625
911 0.396875
912 0.325
913 0.325
914 0.246875
915 0.30625
916 0.33125
917 0.346875
918 0.3
919 0.26875
920 0.303125
921 0.33125
922 0.2625
923 0.346875
924 0.3875
925 0.38125
926 0.309375
927 0.29375
928 0.275
929 0.321875
930 0.303125
931 0.303125
932 0.328125
933 0.346875
934 0.35
935 0.309375
936 0.309375
937 0.265625
938 0.275
939 0.334375
940 0.328125
941 0.31875
942 0.340625
943 0.271875
944 0.3375
945 0.34375
946 0.290625
947 0.321875
948 0.353125
949 0.365625
950 0.29375
951 0.334375
952 0.284375
953 0.34375
954 0.35
955 0.328125
956 0.365625
957 0.3125
958 0.328125
959 0.30625
960 0.35
961 0.3125
962 0.34375
963 0.309375
964 0.371875
965 0.325
966 0.2875
967 0.315625
968 0.34375
969 0.28125
970 0.334375
971 0.30625
972 0.240625
973 0.296875
974 0.359375
975 0.296875
976 0.296875
977 0.334375
978 0.325
979 0.340625
980 0.25
981 0.3125
982 0.3125
983 0.3625
984 0.39375
985 0.29375
986 0.36875
987 0.29375
988 0.28125
989 0.296875
990 0.325
991 0.3125
992 0.346875
993 0.309375
994 0.290625
995 0.33125
996 0.31875
997 0.3
998 0.23125
999 0.253125
1000 0.2875
