1 7.69401
2 7.615759
3 7.525124
4 7.3627276
5 7.2104483
6 6.9626956
7 6.824844
8 6.568576
9 6.421285
10 6.133184
11 5.8387694
12 6.031287
13 5.813993
14 5.7760997
15 5.8742285
16 5.678261
17 5.7022395
18 5.160319
19 5.2265944
20 5.1901183
21 5.63609
22 5.4322457
23 5.5109396
24 5.3456254
25 5.100277
26 5.171726
27 5.097176
28 5.500944
29 5.409923
30 5.3928785
31 5.3588715
32 5.4226685
33 5.2814937
34 5.258201
35 5.2786484
36 5.316536
37 5.2486444
38 5.477969
39 5.348601
40 5.500317
41 5.3643203
42 5.202407
43 5.1043205
44 5.133827
45 5.303789
46 5.373563
47 5.458188
48 5.317332
49 5.185645
50 5.1909986
51 5.1398616
52 5.087504
53 5.230348
54 5.2570896
55 5.4125214
56 5.4608817
57 5.2825437
58 5.112589
59 5.146748
60 5.079892
61 5.1057777
62 5.068962
63 5.293382
64 5.114835
65 5.114863
66 5.055498
67 4.972049
68 4.9412823
69 4.9396753
70 5.085563
71 4.953001
72 5.14674
73 5.2255406
74 4.973299
75 5.1301284
76 5.1257653
77 5.068055
78 5.169506
79 5.055417
80 4.9666243
81 5.1375537
82 5.1383777
83 5.070054
84 5.048988
85 5.0346823
86 5.2662234
87 4.9854484
88 4.9535384
89 5.022113
90 4.947731
91 4.9388475
92 4.9326386
93 4.87433
94 4.8491683
95 4.949092
96 4.948377
97 4.921555
98 4.954796
99 4.8118205
100 4.8455195
101 4.94602
102 4.9797354
103 5.165634
104 4.763689
105 5.004364
106 4.7167835
107 4.910521
108 4.8679786
109 4.7481065
110 4.611526
111 4.7041454
112 4.754611
113 4.924885
114 4.7665157
115 4.9185123
116 4.851451
117 4.5118704
118 4.8439503
119 4.6353374
120 4.7050195
121 4.654946
122 4.591507
123 4.655995
124 4.668476
125 4.7599244
126 4.697126
127 4.6285396
128 4.708654
129 4.5773396
130 4.3603716
131 4.626375
132 4.406466
133 4.5149317
134 4.5410748
135 4.3902307
136 4.2489066
137 4.480085
138 4.4362173
139 4.282543
140 4.72196
141 4.589143
142 4.331768
143 4.432324
144 4.4780903
145 4.217687
146 4.370034
147 4.6194797
148 4.31254
149 4.3958673
150 4.2851834
151 4.377526
152 4.426145
153 4.2341323
154 4.24615
155 4.4190426
156 4.2833824
157 4.449241
158 4.481227
159 4.430488
160 4.2382092
161 4.3960195
162 4.302997
163 4.450009
164 4.209453
165 4.3409452
166 4.1025286
167 4.1865234
168 4.3654485
169 4.3537445
170 4.4179173
171 4.3734217
172 4.347202
173 4.2915306
174 4.1233535
175 4.138471
176 4.208075
177 4.1475377
178 4.4692664
179 4.141968
180 4.274936
181 4.3077545
182 4.103083
183 4.378573
184 4.280291
185 4.268823
186 4.5413265
187 4.186566
188 4.3669486
189 4.290237
190 4.4369483
191 4.1790767
192 4.313199
193 4.47893
194 4.182428
195 4.11185
196 4.0281157
197 4.0735636
198 4.261453
199 4.0281296
200 4.137991
201 4.303431
202 3.9939551
203 4.2507973
204 4.2014832
205 4.439783
206 4.241948
207 4.0939693
208 4.1723714
209 4.093841
210 4.2101955
211 3.9868226
212 4.1351633
213 4.1327405
214 3.9604461
215 4.029479
216 4.0274496
217 4.158488
218 4.0169086
219 4.0064526
220 4.178562
221 3.9372141
222 4.0941467
223 4.2936573
224 4.0948124
225 4.075219
226 4.206676
227 4.1080427
228 4.114386
229 4.475317
230 4.134429
231 4.110737
232 4.1479797
233 3.9893928
234 4.154015
235 3.931149
236 4.2721562
237 4.115996
238 4.147207
239 4.172267
240 4.085244
241 4.3050056
242 3.899184
243 4.0788026
244 4.152598
245 4.203567
246 4.088743
247 4.153898
248 4.319187
249 4.3885136
250 4.11099
251 4.2372537
252 4.3713503
253 4.119274
254 4.286028
255 4.2149696
256 4.2380204
257 4.0757294
258 4.1792564
259 4.055801
260 4.0736823
261 3.8918927
262 4.1343775
263 4.1491714
264 4.176107
265 4.1463385
266 4.042746
267 3.8924906
268 3.9589825
269 4.2209706
270 4.094962
271 4.3481927
272 4.1445975
273 4.1706414
274 4.3315845
275 4.0081954
276 4.09657
277 4.177031
278 4.402477
279 4.2147436
280 4.5324526
281 4.297209
282 4.307593
283 4.333066
284 4.431717
285 4.4071717
286 4.1418805
287 4.16515
288 4.358075
289 4.1326156
290 4.4724865
291 4.141113
292 4.0096455
293 4.2175694
294 4.102133
295 4.016058
296 3.8652732
297 3.9346788
298 4.3765492
299 4.075987
300 4.135349
301 3.9113963
302 4.0474224
303 4.066788
304 4.041227
305 3.875711
306 3.9425743
307 4.1493545
308 4.0970507
309 3.977581
310 3.899765
311 3.8536992
312 3.6748478
313 3.9260354
314 4.2084455
315 4.153019
316 4.0357757
317 3.7398493
318 3.991136
319 3.9633079
320 3.8790414
321 4.133835
322 4.1463
323 4.1526675
324 3.8438766
325 3.843469
326 3.8491561
327 4.211325
328 4.1587806
329 4.284161
330 4.0210924
331 3.6470559
332 3.9591093
333 4.197687
334 3.8656368
335 3.6425614
336 4.0574617
337 3.9928448
338 3.707332
339 4.0933237
340 4.20907
341 3.9918108
342 4.225013
343 4.125019
344 4.0947237
345 3.6551838
346 3.9951968
347 3.8116825
348 3.968232
349 3.7790577
350 4.026542
351 4.0563
352 3.739652
353 3.9816406
354 4.3678074
355 4.259877
356 4.185039
357 4.288791
358 4.306681
359 4.2080693
360 4.1578407
361 4.129473
362 4.240485
363 4.251709
364 4.517136
365 4.028854
366 4.1807966
367 4.0933447
368 4.21311
369 4.0168796
370 4.3668528
371 4.066982
372 4.151692
373 4.115217
374 4.0555987
375 3.9277964
376 4.0859456
377 4.0690618
378 3.9146821
379 4.0679193
380 4.002193
381 3.921413
382 3.9555514
383 3.9478917
384 3.8447044
385 3.994788
386 3.8423345
387 3.9502957
388 3.9531388
389 3.8961616
390 4.018704
391 3.9354687
392 3.8378022
393 4.0044475
394 4.0745573
395 3.8135328
396 3.9384942
397 4.0356402
398 4.0624456
399 3.9903393
400 3.9063592
401 4.3022623
402 4.186092
403 3.8704565
404 3.9722135
405 3.9343212
406 3.9131181
407 4.117093
408 3.986553
409 4.050747
410 3.7538545
411 4.0634065
412 3.767191
413 4.0933027
414 4.004604
415 3.9638128
416 4.021923
417 4.08948
418 3.9612095
419 4.113515
420 4.2105846
421 3.90005
422 3.9274392
423 3.8656726
424 4.023716
425 3.9354455
426 3.951665
427 3.9282951
428 3.9635108
429 3.7975543
430 3.7745578
431 3.71522
432 3.6969063
433 3.9496124
434 3.9545493
435 3.8528771
436 3.9265032
437 4.2101045
438 4.217137
439 3.7399642
440 3.8909926
441 4.014467
442 3.9244318
443 4.0431695
444 4.1671305
445 4.00245
446 4.1763206
447 4.0031323
448 3.8904188
449 3.9071689
450 3.7499266
451 3.903283
452 3.9947267
453 4.054098
454 4.039449
455 4.0799437
456 3.9494195
457 3.56229
458 3.745941
459 4.020644
460 3.8102753
461 3.8891017
462 3.6964867
463 3.964347
464 4.0817904
465 4.0437713
466 4.232796
467 4.0807896
468 4.0413413
469 3.6262712
470 3.800718
471 4.178893
472 3.9231355
473 4.0149317
474 3.9571137
475 4.0755897
476 3.6588893
477 3.9511907
478 3.8886123
479 3.8339775
480 3.7635355
481 3.6778562
482 3.7192905
483 3.522258
484 3.8932936
485 3.7610855
486 3.8070376
487 3.857114
488 3.7114706
489 3.6906526
490 3.8072972
491 3.7947934
492 3.8963177
493 3.753727
494 3.9049616
495 3.932128
496 3.9133296
497 3.6828642
498 3.9751031
499 4.057647
500 4.1375737
501 3.8681831
502 3.840705
503 3.720505
504 3.7280562
505 3.9429154
506 3.8857024
507 3.803431
508 3.9605286
509 3.809103
510 3.8645105
511 3.8701303
512 3.8944256
513 3.6743202
514 3.9683187
515 4.0473084
516 3.901325
517 3.6001258
518 3.8465812
519 3.90222
520 3.732342
521 3.7864656
522 3.9335108
523 3.7463617
524 4.0655465
525 3.8755183
526 3.855464
527 3.7493036
528 3.995694
529 3.823998
530 3.8704565
531 3.7476802
532 3.9899578
533 3.8970523
534 3.9637961
535 3.7947001
536 3.7813017
537 3.7097483
538 3.8437889
539 3.926815
540 3.8791914
541 3.6885195
542 3.9462
543 3.715433
544 3.9145803
545 3.8167608
546 3.7787998
547 3.8861673
548 3.8423584
549 3.8435366
550 3.9139447
551 3.7275138
552 3.9233115
553 3.9757652
554 3.7765105
555 3.7997386
556 3.9193811
557 3.8309376
558 3.8675103
559 4.055042
560 3.869186
561 3.6522717
562 3.7393296
563 3.7940319
564 3.842316
565 3.568061
566 3.928145
567 4.0980377
568 3.903176
569 4.056476
570 3.7584586
571 3.8368776
572 4.043041
573 3.810093
574 3.7280467
575 3.7863195
576 3.8642266
577 3.5508013
578 3.741802
579 3.8545012
580 3.7577226
581 3.759247
582 3.8060303
583 3.8209984
584 3.945223
585 3.8595436
586 3.86525
587 3.6069007
588 3.9463692
589 3.8882718
590 3.9133077
591 3.859017
592 3.8147604
593 3.9631426
594 3.978633
595 3.8435295
596 3.8126328
597 3.8405426
598 3.6882665
599 3.8315377
600 3.8404543
601 4.059962
602 3.8401334
603 3.9121742
604 3.6537359
605 3.5719137
606 3.975268
607 3.960006
608 3.7811534
609 3.5810766
610 3.846496
611 3.8318777
612 3.6388848
613 3.6117997
614 3.8824859
615 3.6684113
616 3.775932
617 3.559615
618 3.5297823
619 3.7154324
620 4.0888305
621 3.9335728
622 3.8718598
623 3.9634151
624 3.979307
625 3.9436224
626 4.2130127
627 4.232307
628 4.014054
629 3.9759548
630 3.848124
631 3.901065
632 3.9372628
633 3.965876
634 3.711299
635 3.7323747
636 3.9760194
637 3.8580854
638 3.4988914
639 3.8453393
640 3.737391
641 3.9131746
642 3.6040251
643 3.7765715
644 3.7212577
645 3.874835
646 3.8763864
647 4.0223737
648 3.8587573
649 3.665163
650 3.8830123
651 3.7844648
652 3.923554
653 3.6836922
654 3.6134088
655 3.6763678
656 3.7865224
657 3.731474
658 4.1482444
659 3.6842012
660 3.793961
661 3.666803
662 3.6656334
663 3.5392299
664 3.5322845
665 3.591958
666 3.7128742
667 3.9017823
668 3.9108138
669 3.996513
670 3.6590922
671 3.7730737
672 3.7412589
673 3.7115595
674 3.6284552
675 3.4254746
676 3.8114822
677 3.796583
678 3.7789452
679 3.7438018
680 4.046858
681 3.9777646
682 4.020233
683 3.7648485
684 3.7856562
685 3.8215735
686 3.619944
687 3.706277
688 3.7294192
689 3.7590199
690 3.8810506
691 3.6483622
692 4.064786
693 3.9765556
694 3.6229377
695 3.5399783
696 3.7787151
697 4.034873
698 3.7115946
699 3.7132611
700 4.0695004
701 3.4959753
702 3.6146562
703 3.7994225
704 3.5379431
705 3.6951032
706 3.944648
707 4.0819526
708 3.9299116
709 3.797672
710 3.5190315
711 3.8209853
712 3.8250244
713 3.785753
714 3.5412276
715 3.409088
716 3.9366326
717 3.708134
718 3.6744878
719 3.446913
720 3.7093892
721 3.5106888
722 3.992239
723 3.6751158
724 3.8618536
725 3.8299885
726 3.5372655
727 3.7382963
728 3.5971756
729 3.6258404
730 3.2787917
731 3.6443927
732 3.635333
733 3.5248656
734 3.8208022
735 3.8278549
736 3.6868453
737 3.6532114
738 3.9846935
739 3.700045
740 3.8192055
741 3.5167797
742 3.787844
743 3.7191021
744 3.6962934
745 3.8258243
746 3.8362827
747 3.689434
748 3.614302
749 3.67708
750 3.5181
751 3.793284
752 3.89896
753 3.7079687
754 3.6613197
755 3.3909316
756 3.454601
757 3.504779
758 3.4946768
759 3.8010416
760 3.7017095
761 3.6197343
762 3.7462888
763 3.6113188
764 3.6259758
765 3.5012481
766 3.7092688
767 3.6082091
768 3.5918446
769 3.6748939
770 3.6138034
771 3.6964512
772 3.7443752
773 3.4157605
774 3.5380661
775 3.5449057
776 3.5436165
777 3.519966
778 3.6232655
779 3.6660175
780 3.4760778
781 3.7328253
782 3.5139873
783 3.671045
784 3.6969585
785 3.7409315
786 3.7371204
787 3.453012
788 3.3262126
789 3.356863
790 3.504795
791 3.6194966
792 3.533338
793 3.5166538
794 3.7572396
795 3.9753292
796 3.731074
797 3.4873927
798 3.4837828
799 3.4170916
800 3.6373377
801 3.5611818
802 3.7935574
803 3.6823447
804 3.7185855
805 3.613579
806 3.484205
807 3.3567057
808 3.495707
809 3.7883623
810 3.5781207
811 3.4337344
812 3.6160333
813 3.5519679
814 3.5125396
815 3.6354284
816 3.5821104
817 3.534726
818 3.5544262
819 3.484228
820 3.1889553
821 3.5371904
822 3.9090781
823 3.5130215
824 3.881425
825 3.7044055
826 3.3742778
827 3.501725
828 3.5890656
829 3.5091946
830 3.5614166
831 3.787922
832 3.5201185
833 3.7731764
834 3.5625763
835 3.54652
836 3.4780571
837 3.6954827
838 3.5029573
839 3.2624772
840 3.4445322
841 3.556848
842 3.5776346
843 3.3528688
844 3.5653775
845 3.5456114
846 3.6759684
847 3.6718137
848 3.8169405
849 3.864727
850 3.73528
851 3.6532815
852 3.855676
853 3.6160963
854 3.525088
855 3.725611
856 3.70205
857 3.8101056
858 3.6061301
859 3.7316325
860 3.7045715
861 3.7722433
862 3.805242
863 3.7114809
864 3.9678812
865 4.117354
866 3.8036134
867 3.8777063
868 3.7062714
869 3.6501927
870 3.3717237
871 3.7084143
872 3.64332
873 3.5533566
874 3.647391
875 3.5438585
876 3.547742
877 3.1625893
878 3.3132892
879 3.4788127
880 3.694857
881 3.4118705
882 3.5445902
883 3.5088668
884 3.409411
885 3.8175192
886 3.4470363
887 3.5267723
888 3.5939329
889 3.6073766
890 3.616284
891 3.6768167
892 3.970067
893 3.6065168
894 3.3765035
895 3.5364552
896 3.554319
897 3.7780042
898 3.5644171
899 3.572104
900 3.6507754
901 3.5807424
902 3.4622147
903 3.5162144
904 3.5788388
905 3.6218476
906 3.8375335
907 3.5872288
908 3.3648908
909 3.6737564
910 3.6143699
911 3.3777778
912 3.3878126
913 3.6473894
914 4.058051
915 3.8849573
916 3.7177513
917 3.5054297
918 3.6173806
919 3.9091387
920 3.6386538
921 3.664747
922 3.9645061
923 3.5205991
924 3.156507
925 3.3722558
926 3.7248302
927 3.6973493
928 3.7521372
929 3.4726613
930 3.5034094
931 3.771586
932 3.430725
933 3.4267213
934 3.3255322
935 3.5112174
936 3.60192
937 3.9377306
938 3.8754113
939 3.5917528
940 3.7131567
941 3.6037264
942 3.56942
943 3.9365845
944 3.5675797
945 3.4087725
946 3.7837565
947 3.6299565
948 3.440702
949 3.3950007
950 3.7553253
951 3.500746
952 3.7083218
953 3.7998452
954 3.5249178
955 3.4633858
956 3.5184858
957 3.5664449
958 3.489811
959 3.843729
960 3.3213687
961 3.6002676
962 3.4018574
963 3.5698912
964 3.5128973
965 3.486574
966 3.8125503
967 3.743404
968 3.5029185
969 3.6803806
970 3.7484863
971 3.6578343
972 4.1401596
973 3.7539585
974 3.4897196
975 3.7390585
976 3.8154457
977 3.512926
978 3.597609
979 3.5747643
980 3.8253756
981 3.6477249
982 3.7428217
983 3.4212065
984 3.4071908
985 3.783423
986 3.4719715
987 3.8204958
988 3.7617111
989 3.861877
990 3.9127078
991 3.6828156
992 3.6328428
993 3.6454446
994 3.8095694
995 3.66721
996 3.643997
997 3.8931162
998 4.1662836
999 4.124399
1000 3.926134
