1 5.3330812
2 5.278842
3 5.2160187
4 5.103454
5 4.997902
6 4.826173
7 4.7306213
8 4.55299
9 4.450896
10 4.2511992
11 4.047127
12 4.1805696
13 4.029953
14 4.0036874
15 4.071705
16 3.9358706
17 3.9524913
18 3.5768604
19 3.6227994
20 3.5975158
21 3.9066398
22 3.7653458
23 3.8198922
24 3.705305
25 3.5352428
26 3.5847676
27 3.5330932
28 3.812964
29 3.749873
30 3.7380586
31 3.7144866
32 3.7587075
33 3.6608524
34 3.6447074
35 3.6588802
36 3.685142
37 3.638083
38 3.797039
39 3.7073677
40 3.8125293
41 3.7182636
42 3.6060338
43 3.5380454
44 3.558498
45 3.6763065
46 3.72467
47 3.7833276
48 3.6856937
49 3.5944152
50 3.5981262
51 3.5626807
52 3.526389
53 3.625401
54 3.6439369
55 3.751674
56 3.7851949
57 3.6615803
58 3.5437768
59 3.5674539
60 3.521113
61 3.5390553
62 3.513537
63 3.669093
64 3.5453334
65 3.545353
66 3.5042043
67 3.446362
68 3.425036
69 3.423922
70 3.525044
71 3.4331589
72 3.5674484
73 3.622069
74 3.4472282
75 3.5559342
76 3.5529099
77 3.5129082
78 3.5832286
79 3.504148
80 3.4426017
81 3.561081
82 3.561652
83 3.5142937
84 3.4996917
85 3.489776
86 3.6502678
87 3.4556496
88 3.4335313
89 3.4810634
90 3.4295058
91 3.4233482
92 3.4190445
93 3.3786283
94 3.3611875
95 3.430449
96 3.4299538
97 3.4113622
98 3.434403
99 3.3353
100 3.3586583
101 3.42832
102 3.4516895
103 3.5805447
104 3.3019378
105 3.468761
106 3.2694252
107 3.403714
108 3.3742256
109 3.2911365
110 3.1964662
111 3.2606652
112 3.2956452
113 3.41367
114 3.3038971
115 3.409253
116 3.3627696
117 3.1273904
118 3.3575706
119 3.2129712
120 3.261271
121 3.2265625
122 3.1825902
123 3.2272897
124 3.235941
125 3.2993283
126 3.2557998
127 3.208259
128 3.2637901
129 3.17277
130 3.0223792
131 3.206759
132 3.0543296
133 3.1295123
134 3.147633
135 3.043076
136 2.9451177
137 3.1053584
138 3.0749516
139 2.968433
140 3.2730134
141 3.1809516
142 3.002553
143 3.072253
144 3.1039758
145 2.9234781
146 3.029077
147 3.2019794
148 2.989225
149 3.0469832
150 2.970263
151 3.0342696
152 3.06797
153 2.934877
154 2.943207
155 3.063047
156 2.9690146
157 3.0839791
158 3.10615
159 3.0709803
160 2.937703
161 3.0470884
162 2.9826102
163 3.084511
164 2.9177706
165 3.008914
166 2.8436563
167 2.901877
168 3.0258982
169 3.0177858
170 3.0622668
171 3.031425
172 3.0132508
173 2.9746623
174 2.8580909
175 2.8685696
176 2.9168155
177 2.874854
178 3.0978594
179 2.8709934
180 2.96316
181 2.985908
182 2.8440404
183 3.0349956
184 2.9668717
185 2.9589226
186 3.1478078
187 2.9019063
188 3.0269382
189 2.9737659
190 3.0754583
191 2.8967152
192 2.9896817
193 3.1045578
194 2.899038
195 2.8501172
196 2.792077
197 2.823579
198 2.9538143
199 2.7920866
200 2.8682368
201 2.982911
202 2.7683988
203 2.9464283
204 2.9122462
205 3.0774233
206 2.9402943
207 2.8377233
208 2.8920674
209 2.8376346
210 2.9182854
211 2.763455
212 2.866277
213 2.8645973
214 2.745172
215 2.7930222
216 2.7916155
217 2.8824441
218 2.784309
219 2.7770615
220 2.8963587
221 2.729069
222 2.8378463
223 2.9761364
224 2.8383079
225 2.8247268
226 2.9158456
227 2.8474782
228 2.851875
229 3.1020534
230 2.865768
231 2.8493457
232 2.8751605
233 2.7652364
234 2.879344
235 2.724865
236 2.9612331
237 2.852991
238 2.8746247
239 2.8919952
240 2.8316755
241 2.9840024
242 2.7027085
243 2.8272107
244 2.8783615
245 2.9136906
246 2.8341007
247 2.8792624
248 2.9938323
249 3.0418859
250 2.8495212
251 2.9370403
252 3.029989
253 2.8552632
254 2.970848
255 2.9215944
256 2.937572
257 2.8250804
258 2.8968399
259 2.8112671
260 2.8236616
261 2.6976545
262 2.8657322
263 2.8759866
264 2.8946567
265 2.874023
266 2.802218
267 2.6980689
268 2.7441576
269 2.925754
270 2.8384116
271 3.0139375
272 2.872816
273 2.8908684
274 3.0024254
275 2.7782693
276 2.839526
277 2.8952973
278 3.0515645
279 2.9214377
280 3.1416569
281 2.978598
282 2.985796
283 3.0034525
284 3.0718322
285 3.0548186
286 2.8709328
287 2.887062
288 3.0207875
289 2.864511
290 3.1000915
291 2.8704007
292 2.7792745
293 2.9233963
294 2.843382
295 2.7837193
296 2.6792033
297 2.7273116
298 3.0335927
299 2.825259
300 2.8664055
301 2.7111733
302 2.8054595
303 2.8188827
304 2.801165
305 2.686438
306 2.7327843
307 2.8761134
308 2.839859
309 2.757049
310 2.7031112
311 2.6711807
312 2.5472105
313 2.7213204
314 2.917072
315 2.8786533
316 2.7973864
317 2.592266
318 2.7664447
319 2.7471557
320 2.6887467
321 2.865356
322 2.873996
323 2.8784099
324 2.6643722
325 2.6640897
326 2.6680317
327 2.9190683
328 2.882647
329 2.9695542
330 2.787209
331 2.5279465
332 2.7442455
333 2.909615
334 2.6794553
335 2.5248313
336 2.8124182
337 2.7676291
338 2.5697267
339 2.837276
340 2.9175053
341 2.7669125
342 2.9285557
343 2.8592453
344 2.838246
345 2.5335803
346 2.7692595
347 2.642057
348 2.7505689
349 2.6194432
350 2.7909865
351 2.811613
352 2.5921292
353 2.759863
354 3.0275333
355 2.952722
356 2.900848
357 2.9727635
358 2.985164
359 2.9168115
360 2.8819957
361 2.8623328
362 2.9392803
363 2.94706
364 3.13104
365 2.7925887
366 2.8979075
367 2.8372905
368 2.9203053
369 2.784289
370 3.0268717
371 2.819017
372 2.8777337
373 2.852451
374 2.811127
375 2.722541
376 2.8321617
377 2.8204587
378 2.713451
379 2.8196669
380 2.774109
381 2.7181163
382 2.7417793
383 2.73647
384 2.664946
385 2.768976
386 2.6633034
387 2.7381363
388 2.740107
389 2.7006135
390 2.7855535
391 2.727859
392 2.6601617
393 2.7756715
394 2.8242679
395 2.6433396
396 2.7299562
397 2.7972927
398 2.8158727
399 2.7658925
400 2.707682
401 2.982101
402 2.9015777
403 2.682796
404 2.7533286
405 2.7270637
406 2.7123668
407 2.8537514
408 2.763268
409 2.8077638
410 2.6019738
411 2.8165388
412 2.6112177
413 2.8372612
414 2.77578
415 2.7475057
416 2.7877848
417 2.8346117
418 2.7457013
419 2.8512714
420 2.9185548
421 2.7033086
422 2.7222934
423 2.67948
424 2.7890275
425 2.727843
426 2.7390854
427 2.7228868
428 2.7472963
429 2.6322641
430 2.6163242
431 2.5751944
432 2.5625002
433 2.7376628
434 2.7410848
435 2.670611
436 2.7216446
437 2.918222
438 2.9230967
439 2.5923457
440 2.6970305
441 2.7826164
442 2.720209
443 2.8025117
444 2.888435
445 2.774287
446 2.8948047
447 2.7747598
448 2.6966329
449 2.7082431
450 2.599251
451 2.7055497
452 2.7689335
453 2.8100867
454 2.799933
455 2.8280015
456 2.737529
457 2.4691913
458 2.5964885
459 2.7868981
460 2.6410816
461 2.69572
462 2.5622094
463 2.747876
464 2.8292816
465 2.8029287
466 2.933951
467 2.8285878
468 2.8012443
469 2.5135398
470 2.634457
471 2.8965878
472 2.7193103
473 2.7829387
474 2.7428622
475 2.8249836
476 2.5361488
477 2.7387567
478 2.6953807
479 2.6575108
480 2.608684
481 2.5492957
482 2.5780158
483 2.4414432
484 2.6986256
485 2.6069858
486 2.6388373
487 2.6735477
488 2.5725954
489 2.5581656
490 2.6390173
491 2.6303504
492 2.7007217
493 2.6018853
494 2.7067132
495 2.7255435
496 2.7125134
497 2.552767
498 2.7553315
499 2.8125467
500 2.8679476
501 2.6812203
502 2.6621737
503 2.5788577
504 2.5840917
505 2.7330208
506 2.6933637
507 2.6363375
508 2.7452292
509 2.640269
510 2.6786747
511 2.68257
512 2.6994102
513 2.5468447
514 2.750629
515 2.8053806
516 2.7041924
517 2.495417
518 2.666247
519 2.7048128
520 2.5870624
521 2.624578
522 2.726502
523 2.59678
524 2.8180223
525 2.6863046
526 2.672404
527 2.5988193
528 2.769604
529 2.6505935
530 2.682796
531 2.597694
532 2.765628
533 2.7012308
534 2.7474942
535 2.6302857
536 2.6209986
537 2.5714016
538 2.6643114
539 2.721861
540 2.6888506
541 2.5566869
542 2.7352974
543 2.575342
544 2.7133803
545 2.645577
546 2.6192644
547 2.693686
548 2.6633198
549 2.6641366
550 2.7129397
551 2.5837157
552 2.7194324
553 2.7557905
554 2.6176777
555 2.633778
556 2.716708
557 2.6554036
558 2.680754
559 2.810741
560 2.6819153
561 2.5315619
562 2.5919058
563 2.6298225
564 2.6632905
565 2.4731915
566 2.7227826
567 2.8405433
568 2.7054756
569 2.8117352
570 2.605165
571 2.6595209
572 2.8024228
573 2.6409552
574 2.584085
575 2.6244767
576 2.6784778
577 2.461228
578 2.5936196
579 2.6717367
580 2.6046548
581 2.6057115
582 2.6381392
583 2.6485143
584 2.7346203
585 2.6752317
586 2.6791873
587 2.500113
588 2.7354147
589 2.6951447
590 2.7124982
591 2.6748667
592 2.6441905
593 2.7470412
594 2.7577782
595 2.6641316
596 2.6427157
597 2.6620612
598 2.5565116
599 2.6558197
600 2.6620002
601 2.814151
602 2.6617777
603 2.7117126
604 2.5325768
605 2.475862
606 2.7554457
607 2.744867
608 2.6208959
609 2.4822133
610 2.666188
611 2.6560552
612 2.5222828
613 2.5035088
614 2.6911342
615 2.542749
616 2.6172767
617 2.4673371
618 2.4466586
619 2.5753415
620 2.8341613
621 2.7265449
622 2.6837687
623 2.74723
624 2.7582455
625 2.7335107
626 2.920238
627 2.9336116
628 2.78233
629 2.7559218
630 2.6673164
631 2.7040124
632 2.7291026
633 2.748936
634 2.5724764
635 2.587085
636 2.7559667
637 2.674221
638 2.4252467
639 2.6653862
640 2.590562
641 2.712406
642 2.4981198
643 2.61772
644 2.5793793
645 2.685831
646 2.6869063
647 2.788097
648 2.6746867
649 2.5404975
650 2.691499
651 2.623191
652 2.7196004
653 2.553341
654 2.5046241
655 2.548264
656 2.6246173
657 2.5864606
658 2.8753438
659 2.5536938
660 2.6297734
661 2.541634
662 2.5408235
663 2.4532073
664 2.448393
665 2.4897556
666 2.5735683
667 2.7045095
668 2.7107697
669 2.7701716
670 2.5362895
671 2.6152954
672 2.5932431
673 2.572657
674 2.5150535
675 2.3743582
676 2.6419182
677 2.6315908
678 2.6193652
679 2.5950058
680 2.805068
681 2.7571764
682 2.7866132
683 2.609594
684 2.624017
685 2.648913
686 2.509154
687 2.5689955
688 2.5850365
689 2.605554
690 2.6901393
691 2.528852
692 2.8174949
693 2.7563384
694 2.511229
695 2.453726
696 2.6192057
697 2.796761
698 2.5726814
699 2.5738366
700 2.8207626
701 2.4232254
702 2.5054889
703 2.633559
704 2.4523153
705 2.5612504
706 2.7342217
707 2.8293939
708 2.7240071
709 2.6323457
710 2.4392068
711 2.6485052
712 2.651305
713 2.624084
714 2.454592
715 2.3629997
716 2.7286658
717 2.5702827
718 2.5469608
719 2.389218
720 2.5711527
721 2.433424
722 2.7672093
723 2.5473962
724 2.676833
725 2.6547458
726 2.4518456
727 2.5911896
728 2.4933722
729 2.513241
730 2.2726853
731 2.5261006
732 2.519821
733 2.4432507
734 2.6483784
735 2.653267
736 2.5555265
737 2.5322132
738 2.761979
739 2.5646758
740 2.6472716
741 2.437646
742 2.6255333
743 2.5778852
744 2.5620754
745 2.6518593
746 2.6591086
747 2.5573208
748 2.5052433
749 2.5487576
750 2.4385612
751 2.6293042
752 2.7025533
753 2.570168
754 2.5378335
755 2.3504148
756 2.394547
757 2.4293277
758 2.4223254
759 2.6346812
760 2.5658295
761 2.5090086
762 2.5967295
763 2.5031755
764 2.513335
765 2.4268804
766 2.5710692
767 2.50102
768 2.489677
769 2.5472424
770 2.5048976
771 2.5621848
772 2.5954032
773 2.3676248
774 2.4524007
775 2.4571414
776 2.4562478
777 2.4398544
778 2.5114563
779 2.5410898
780 2.4094336
781 2.5873973
782 2.4357104
783 2.5445745
784 2.5625365
785 2.5930161
786 2.5903745
787 2.3934455
788 2.3055549
789 2.3268
790 2.429339
791 2.508844
792 2.4491234
793 2.4375587
794 2.60432
795 2.7554882
796 2.5861835
797 2.4172764
798 2.4147742
799 2.3685474
800 2.5212104
801 2.4684231
802 2.6294937
803 2.5524068
804 2.577527
805 2.5047421
806 2.415067
807 2.3266912
808 2.4230394
809 2.6258926
810 2.4801643
811 2.3800833
812 2.5064433
813 2.4620366
814 2.434707
815 2.519887
816 2.4829297
817 2.4500854
818 2.4637406
819 2.4150827
820 2.2104154
821 2.4517937
822 2.7095666
823 2.435041
824 2.6903987
825 2.5676982
826 2.3388712
827 2.4272108
828 2.4877508
829 2.4323883
830 2.468586
831 2.6255875
832 2.4399602
833 2.6153667
834 2.4693897
835 2.4582603
836 2.4108055
837 2.5615134
838 2.428065
839 2.2613769
840 2.3875678
841 2.4654193
842 2.4798274
843 2.3240316
844 2.4713314
845 2.4576306
846 2.5479872
847 2.5451074
848 2.6457016
849 2.6788247
850 2.589099
851 2.5322618
852 2.672551
853 2.506487
854 2.443405
855 2.5823967
856 2.5660655
857 2.640964
858 2.499579
859 2.5865705
860 2.5678134
861 2.6147199
862 2.6375928
863 2.5726025
864 2.7503257
865 2.8539324
866 2.6364639
867 2.6878211
868 2.5689917
869 2.5301208
870 2.3371007
871 2.570477
872 2.525357
873 2.462999
874 2.528179
875 2.4564157
876 2.4591074
877 2.1921399
878 2.296597
879 2.4113293
880 2.5610797
881 2.3649285
882 2.4569228
883 2.432161
884 2.3632236
885 2.6461027
886 2.3893034
887 2.4445722
888 2.4911244
889 2.500443
890 2.506617
891 2.5485752
892 2.7518408
893 2.499847
894 2.3404138
895 2.451284
896 2.4636662
897 2.618713
898 2.4706657
899 2.4759939
900 2.5305247
901 2.4819815
902 2.3998244
903 2.4372542
904 2.480662
905 2.5104735
906 2.6599755
907 2.4864776
908 2.3323646
909 2.546454
910 2.5052903
911 2.3412971
912 2.3482528
913 2.5281777
914 2.8128266
915 2.6928473
916 2.576949
917 2.4297788
918 2.5073771
919 2.7096086
920 2.5221226
921 2.540209
922 2.7479863
923 2.4402933
924 2.187924
925 2.3374696
926 2.5818555
927 2.5628073
928 2.6007833
929 2.4070654
930 2.4283783
931 2.6142642
932 2.3779974
933 2.3752222
934 2.3050833
935 2.4337904
936 2.4966607
937 2.7294269
938 2.6862304
939 2.4896133
940 2.573764
941 2.497913
942 2.4741335
943 2.7286325
944 2.472858
945 2.362781
946 2.6227002
947 2.5160942
948 2.384913
949 2.3532352
950 2.6029932
951 2.4265323
952 2.5704129
953 2.633852
954 2.443287
955 2.4006362
956 2.4388285
957 2.4720712
958 2.4189527
959 2.66427
960 2.3021975
961 2.4955153
962 2.3579879
963 2.4744601
964 2.434955
965 2.416709
966 2.6426585
967 2.59473
968 2.4280381
969 2.5510454
970 2.5982528
971 2.5354176
972 2.86974
973 2.6020458
974 2.4188893
975 2.591718
976 2.6446655
977 2.434975
978 2.4936726
979 2.4778378
980 2.6515484
981 2.5284102
982 2.5943263
983 2.3713996
984 2.3616848
985 2.622469
986 2.4065874
987 2.648166
988 2.6074195
989 2.6768491
990 2.7120824
991 2.5527332
992 2.5180948
993 2.5268297
994 2.6405923
995 2.5419164
996 2.5258262
997 2.6985025
998 2.8878477
999 2.8588157
1000 2.7213888
