1 204.34933
2 203.199
3 202.46297
4 200.41214
5 196.50327
6 188.19409
7 176.08154
8 158.14134
9 137.22176
10 117.72089
11 97.92678
12 81.734436
13 66.57776
14 55.18154
15 47.920666
16 42.93177
17 39.4941
18 38.164116
19 37.074684
20 36.553192
21 35.927933
22 35.889492
23 36.36685
24 36.6868
25 37.05888
26 37.43606
27 37.05059
28 36.77877
29 36.871258
30 36.62141
31 37.12327
32 37.580837
33 37.78025
34 38.059555
35 38.594654
36 38.657387
37 38.80423
38 39.072487
39 39.299053
40 39.568485
41 40.309452
42 40.465553
43 40.819923
44 40.864006
45 40.648117
46 40.689167
47 40.822884
48 41.196857
49 41.37044
50 41.43295
51 41.1351
52 40.999413
53 40.755928
54 40.160576
55 39.56901
56 39.899372
57 40.173958
58 40.259422
59 39.81183
60 39.168213
61 39.24314
62 38.385536
63 38.469917
64 38.126366
65 37.48628
66 36.8137
67 36.304264
68 36.299267
69 35.174072
70 34.857494
71 34.42514
72 33.193623
73 34.682022
74 33.8521
75 35.054893
76 35.825523
77 36.831226
78 38.44991
79 40.089455
80 40.259575
81 42.281696
82 44.90979
83 47.087364
84 44.84856
85 38.03255
86 39.91975
87 35.86303
88 35.692627
89 35.238213
90 35.72531
91 36.574226
92 36.70031
93 36.253613
94 33.795258
95 33.97868
96 34.33323
97 35.614246
98 34.444977
99 34.0136
100 34.18329
101 34.5366
102 33.95652
103 35.365814
104 34.708126
105 34.463844
106 36.63458
107 36.590874
108 35.560112
109 36.182606
110 32.976326
111 32.10204
112 32.701504
113 31.377728
114 33.849907
115 35.715595
116 32.285683
117 31.633438
118 34.056164
119 33.33999
120 32.457348
121 31.908112
122 32.057743
123 32.025043
124 32.599148
125 34.51275
126 35.51396
127 33.753357
128 32.15539
129 34.170845
130 31.477045
131 31.853222
132 29.853024
133 32.130703
134 32.626953
135 30.783947
136 26.438183
137 27.476944
138 28.271511
139 26.879217
140 25.99002
141 28.069447
142 27.439434
143 26.31422
144 28.794739
145 26.883316
146 27.799835
147 31.444324
148 28.014912
149 27.465061
150 28.153336
151 29.710688
152 28.933771
153 27.53188
154 25.850315
155 26.590382
156 25.986126
157 26.16364
158 26.713715
159 28.34559
160 26.222128
161 26.921642
162 27.196793
163 27.802576
164 27.22498
165 27.138004
166 25.3982
167 25.779598
168 25.579464
169 25.957373
170 25.237387
171 26.46545
172 26.183575
173 26.572193
174 25.81861
175 26.405249
176 27.52773
177 26.137661
178 25.384012
179 24.775833
180 24.601934
181 24.434793
182 23.675434
183 23.392605
184 25.092365
185 25.155048
186 24.627085
187 23.71786
188 24.915768
189 25.014345
190 25.701557
191 27.085575
192 26.533619
193 26.555325
194 25.437885
195 25.178476
196 24.150652
197 21.990904
198 22.734858
199 22.22668
200 23.955128
201 23.372152
202 21.834888
203 23.174433
204 23.375486
205 22.43661
206 23.77805
207 21.502087
208 22.283237
209 23.635473
210 22.26597
211 22.605827
212 24.159365
213 23.544672
214 22.850069
215 22.50489
216 22.628368
217 22.8936
218 21.941214
219 21.471357
220 21.557058
221 21.937483
222 21.702951
223 22.030756
224 22.536531
225 22.296501
226 22.830372
227 21.770824
228 21.711973
229 21.986351
230 21.910997
231 22.75318
232 21.983738
233 21.887665
234 22.768362
235 23.11236
236 23.707737
237 23.751778
238 25.488186
239 23.617548
240 23.285152
241 21.90224
242 21.58671
243 21.446018
244 22.379467
245 23.647589
246 23.898647
247 23.421457
248 23.737728
249 25.082775
250 24.311338
251 25.477228
252 25.776587
253 23.93201
254 22.318008
255 22.394054
256 22.29554
257 23.446888
258 22.753819
259 24.27364
260 22.893066
261 23.60604
262 24.174648
263 23.219799
264 23.381409
265 22.086397
266 21.97616
267 21.754831
268 19.844418
269 20.199594
270 19.905727
271 21.313902
272 22.347729
273 22.956425
274 23.940454
275 22.516764
276 22.817652
277 23.878149
278 23.874353
279 22.249376
280 22.217327
281 22.484295
282 21.421848
283 22.729155
284 21.556168
285 22.568981
286 25.526228
287 22.896175
288 25.246136
289 24.798813
290 25.141098
291 24.668037
292 22.637476
293 22.949594
294 21.925312
295 21.961576
296 22.548937
297 21.294025
298 22.801128
299 22.718267
300 23.425776
301 21.839396
302 22.621662
303 23.35429
304 23.131113
305 21.365612
306 21.041224
307 21.902102
308 21.834146
309 20.864943
310 19.360962
311 20.934269
312 19.403584
313 19.676273
314 21.893864
315 21.313007
316 20.005314
317 19.103937
318 21.1288
319 19.056095
320 20.409388
321 19.384274
322 21.384645
323 23.49504
324 22.089596
325 21.157894
326 21.757288
327 21.726822
328 21.281347
329 20.121273
330 20.184418
331 18.235004
332 20.40063
333 20.493862
334 19.382051
335 18.91587
336 20.124378
337 19.96063
338 18.811409
339 20.452383
340 20.935781
341 20.48054
342 21.052485
343 21.227703
344 21.265278
345 20.309921
346 20.862827
347 20.237806
348 21.501959
349 20.514988
350 22.012564
351 20.131126
352 21.74122
353 20.960716
354 23.54593
355 23.753962
356 23.669622
357 22.904736
358 22.80393
359 23.035442
360 22.842434
361 23.256552
362 22.163212
363 23.28823
364 23.465494
365 21.937046
366 23.365543
367 22.534847
368 24.150986
369 23.739008
370 23.23572
371 22.248844
372 22.703806
373 23.738592
374 23.440624
375 22.570404
376 21.832108
377 21.802937
378 21.702698
379 22.45269
380 20.99702
381 21.09768
382 20.473892
383 20.550283
384 20.356411
385 20.953222
386 20.61118
387 20.65017
388 21.55697
389 21.330532
390 22.245642
391 22.668415
392 22.08641
393 21.630676
394 21.25727
395 19.971798
396 20.362621
397 19.16274
398 19.349838
399 18.808043
400 18.875654
401 20.25845
402 20.03934
403 20.414148
404 19.678635
405 19.661777
406 20.306438
407 21.204788
408 22.009853
409 21.927332
410 21.30685
411 21.084421
412 21.02242
413 21.325222
414 20.712725
415 20.577213
416 21.679829
417 22.884285
418 20.95274
419 20.351824
420 21.584133
421 20.813408
422 21.356174
423 19.578764
424 20.156
425 20.2935
426 19.732393
427 18.398285
428 19.443995
429 18.689163
430 19.32491
431 20.954632
432 20.004715
433 20.392721
434 20.584312
435 21.620863
436 20.704725
437 21.300283
438 21.246561
439 20.06422
440 21.09964
441 20.2403
442 20.2371
443 20.804668
444 20.61734
445 22.829376
446 21.628784
447 22.03808
448 21.698818
449 20.432272
450 20.936176
451 20.479366
452 21.135532
453 21.057537
454 19.430899
455 19.166117
456 19.48948
457 19.671642
458 17.913366
459 18.999886
460 18.769085
461 18.43631
462 19.477028
463 20.478237
464 21.334713
465 21.299683
466 20.149342
467 20.327633
468 20.383242
469 20.707294
470 20.11055
471 21.060322
472 19.74039
473 19.537165
474 19.143467
475 19.32062
476 18.741796
477 19.846443
478 19.629475
479 19.369074
480 18.908894
481 19.101757
482 18.549164
483 18.096907
484 17.971752
485 18.476551
486 17.583704
487 18.70658
488 19.249254
489 18.13116
490 19.31954
491 20.061853
492 19.352818
493 18.779837
494 20.184206
495 20.674017
496 19.405766
497 20.04037
498 20.825802
499 20.834217
500 20.459957
501 19.252731
502 19.628561
503 19.791645
504 18.94312
505 20.428373
506 20.3453
507 18.703276
508 19.30183
509 18.802603
510 18.605616
511 19.264502
512 18.209675
513 17.795446
514 19.621016
515 19.621857
516 18.501957
517 19.452263
518 19.55037
519 20.092861
520 19.63152
521 18.995222
522 20.791492
523 19.751013
524 18.88152
525 18.09639
526 18.798914
527 18.690428
528 18.111624
529 19.366598
530 20.025967
531 19.774189
532 19.659279
533 18.624065
534 18.969099
535 20.363762
536 19.193806
537 19.543886
538 18.735617
539 19.607744
540 17.63042
541 17.373285
542 18.630854
543 17.341995
544 17.622242
545 18.230461
546 18.494223
547 18.951801
548 19.193417
549 18.96436
550 19.35313
551 19.009048
552 18.801458
553 18.859602
554 18.878712
555 19.38417
556 19.765593
557 19.590008
558 18.719105
559 20.18872
560 19.790932
561 19.855576
562 18.685825
563 19.208496
564 18.295769
565 17.102734
566 18.658113
567 19.445227
568 18.482372
569 19.31699
570 18.64389
571 19.87695
572 19.580326
573 18.51749
574 19.088848
575 18.849773
576 18.263777
577 17.69639
578 16.862087
579 17.245121
580 17.741108
581 18.395498
582 17.060404
583 19.657213
584 19.032612
585 19.623919
586 19.573303
587 18.618425
588 19.556513
589 19.134558
590 19.846706
591 19.658281
592 18.7303
593 18.642363
594 19.260632
595 18.800426
596 18.871908
597 20.108316
598 18.04529
599 18.666544
600 19.23006
601 20.177664
602 20.776808
603 20.410654
604 19.144495
605 18.062025
606 18.921017
607 19.519018
608 18.581816
609 20.01481
610 20.61473
611 18.294184
612 18.815933
613 18.94602
614 19.791035
615 19.039059
616 18.08201
617 17.435986
618 17.046347
619 17.303707
620 18.3055
621 18.630657
622 18.88099
623 17.553757
624 18.835022
625 19.35065
626 20.86742
627 20.619476
628 20.526468
629 19.538063
630 19.685806
631 20.671017
632 18.813513
633 19.28033
634 17.670406
635 17.870525
636 18.08555
637 18.290693
638 17.305988
639 18.754189
640 18.939554
641 20.175869
642 19.1477
643 18.524292
644 18.676416
645 18.857431
646 18.136839
647 18.086256
648 18.283546
649 16.659826
650 18.146976
651 17.449286
652 18.05207
653 18.195461
654 17.651733
655 18.394426
656 17.88892
657 17.77294
658 19.711353
659 18.913013
660 18.406845
661 17.837673
662 18.088398
663 17.736637
664 17.09432
665 17.93372
666 18.48527
667 19.203186
668 20.456427
669 19.941422
670 18.748005
671 18.75089
672 17.393394
673 17.766994
674 17.565401
675 17.70512
676 17.352198
677 17.88522
678 16.435097
679 17.396112
680 16.949638
681 17.846592
682 17.669456
683 18.067287
684 17.054642
685 17.485275
686 17.11582
687 18.49114
688 18.380993
689 17.883854
690 18.324694
691 19.15247
692 19.711979
693 19.427393
694 17.339436
695 18.188837
696 18.580753
697 18.178406
698 17.325657
699 17.335716
700 17.238565
701 17.26647
702 18.00936
703 16.823765
704 17.578114
705 17.428196
706 18.16981
707 19.462019
708 19.693722
709 19.148045
710 19.132801
711 18.274837
712 17.556377
713 17.49584
714 17.787601
715 16.784939
716 18.120132
717 18.063467
718 16.844007
719 16.737463
720 16.710093
721 17.39553
722 19.070951
723 18.102577
724 17.927292
725 17.565313
726 17.07814
727 17.831425
728 17.555801
729 17.23576
730 16.291107
731 17.233288
732 17.240284
733 18.02131
734 18.943958
735 17.606314
736 18.40092
737 17.930105
738 18.673649
739 17.656898
740 18.94305
741 18.953922
742 19.49759
743 18.120457
744 17.75084
745 18.01962
746 18.75851
747 17.503973
748 17.444546
749 17.024643
750 16.391758
751 16.918156
752 17.07137
753 16.878408
754 17.048164
755 16.395607
756 17.413403
757 15.123614
758 15.720621
759 17.268284
760 16.818605
761 17.366522
762 16.958893
763 18.978626
764 18.796629
765 17.290485
766 17.267391
767 17.046474
768 16.997849
769 17.525763
770 18.341251
771 17.25247
772 17.869291
773 16.29191
774 16.172474
775 16.313404
776 16.985285
777 15.992577
778 17.285137
779 17.549376
780 16.625706
781 16.941988
782 17.822922
783 16.617598
784 17.13739
785 17.552683
786 16.318909
787 16.023327
788 15.454756
789 16.301334
790 15.571551
791 15.676959
792 15.581775
793 16.026371
794 15.519302
795 16.203518
796 17.40118
797 16.370907
798 15.909823
799 14.839966
800 16.836145
801 15.683403
802 16.278845
803 15.430865
804 16.381062
805 15.62137
806 16.01555
807 15.830289
808 16.33314
809 16.337955
810 16.35194
811 16.100351
812 17.265766
813 16.873688
814 16.773699
815 16.496977
816 16.302494
817 17.024906
818 17.028244
819 15.187323
820 15.118947
821 17.04144
822 17.56914
823 15.339537
824 16.31698
825 16.88089
826 15.736676
827 16.837112
828 17.109343
829 16.758984
830 16.410027
831 15.962253
832 16.464151
833 16.292456
834 16.01482
835 16.245329
836 15.685834
837 15.583368
838 15.648844
839 15.209994
840 15.772929
841 16.72929
842 14.829117
843 14.830879
844 15.671417
845 15.831987
846 16.076761
847 15.935092
848 18.096767
849 17.66814
850 17.300026
851 17.686777
852 17.475794
853 17.901348
854 16.04212
855 17.398817
856 18.359108
857 19.033686
858 18.688904
859 18.18449
860 18.711815
861 18.079184
862 17.89654
863 17.766453
864 19.324663
865 18.307133
866 19.491394
867 18.301746
868 18.27218
869 18.142656
870 16.124126
871 18.592503
872 17.901318
873 18.304321
874 17.804697
875 17.250534
876 17.733456
877 15.527449
878 15.524836
879 16.087612
880 16.476517
881 15.080053
882 15.959433
883 15.984198
884 16.19711
885 16.498589
886 16.176191
887 16.513002
888 16.418102
889 15.860666
890 15.725734
891 15.700968
892 17.49359
893 15.735933
894 15.938553
895 16.085863
896 16.159004
897 16.958412
898 16.44601
899 15.749777
900 15.568944
901 15.9238205
902 15.231395
903 15.212164
904 15.5818815
905 16.105385
906 16.134235
907 17.21321
908 16.267258
909 16.431452
910 16.439468
911 16.06168
912 16.738792
913 16.166456
914 17.677906
915 16.666576
916 16.120611
917 15.671399
918 16.69816
919 17.697826
920 16.900532
921 16.227657
922 18.387747
923 16.59132
924 16.322945
925 16.350962
926 16.249844
927 16.54944
928 16.381023
929 16.261093
930 16.579205
931 17.052866
932 16.838032
933 16.29964
934 16.130362
935 16.396221
936 15.726443
937 17.84379
938 17.902893
939 16.643188
940 15.715454
941 16.590376
942 16.29791
943 17.46966
944 15.978798
945 16.66399
946 16.294477
947 17.861393
948 16.600597
949 17.445744
950 17.95257
951 16.542696
952 16.949757
953 16.87713
954 15.903836
955 14.985582
956 15.704325
957 15.769251
958 15.090696
959 15.463926
960 14.85527
961 15.442232
962 15.73663
963 16.039797
964 16.833826
965 15.935901
966 16.172697
967 18.016636
968 16.530056
969 16.0032
970 16.770203
971 16.813282
972 17.93929
973 17.796976
974 16.119244
975 17.042799
976 18.397297
977 17.145391
978 17.141323
979 17.600742
980 16.672985
981 16.285114
982 17.496418
983 16.74487
984 16.61225
985 18.607265
986 18.231075
987 16.495834
988 18.746984
989 18.294
990 18.980354
991 17.16749
992 17.24065
993 17.071001
994 16.69039
995 16.78426
996 15.75881
997 17.939522
998 18.086243
999 19.42989
1000 17.226925
