1 0.0
2 0.028125
3 0.028125
4 0.05625
5 0.0625
6 0.04375
7 0.0625
8 0.059375
9 0.08125
10 0.059375
11 0.134375
12 0.115625
13 0.134375
14 0.1
15 0.13125
16 0.103125
17 0.109375
18 0.134375
19 0.09375
20 0.0875
21 0.065625
22 0.096875
23 0.11875
24 0.096875
25 0.109375
26 0.134375
27 0.140625
28 0.1125
29 0.128125
30 0.13125
31 0.115625
32 0.121875
33 0.10625
34 0.134375
35 0.10625
36 0.140625
37 0.115625
38 0.13125
39 0.115625
40 0.096875
41 0.1
42 0.115625
43 0.13125
44 0.109375
45 0.134375
46 0.121875
47 0.109375
48 0.109375
49 0.11875
50 0.1125
51 0.125
52 0.11875
53 0.128125
54 0.109375
55 0.13125
56 0.15
57 0.13125
58 0.125
59 0.121875
60 0.140625
61 0.125
62 0.109375
63 0.096875
64 0.103125
65 0.121875
66 0.15625
67 0.103125
68 0.15
69 0.1375
70 0.140625
71 0.13125
72 0.153125
73 0.109375
74 0.140625
75 0.16875
76 0.125
77 0.178125
78 0.165625
79 0.125
80 0.13125
81 0.14375
82 0.159375
83 0.15625
84 0.1375
85 0.159375
86 0.18125
87 0.171875
88 0.178125
89 0.146875
90 0.190625
91 0.190625
92 0.2
93 0.1875
94 0.153125
95 0.153125
96 0.159375
97 0.175
98 0.18125
99 0.1625
100 0.178125
101 0.19375
102 0.171875
103 0.196875
104 0.18125
105 0.209375
106 0.2
107 0.153125
108 0.196875
109 0.203125
110 0.178125
111 0.196875
112 0.20625
113 0.2
114 0.1875
115 0.159375
116 0.203125
117 0.196875
118 0.15
119 0.2125
120 0.184375
121 0.225
122 0.19375
123 0.19375
124 0.1875
125 0.228125
126 0.203125
127 0.1875
128 0.2
129 0.196875
130 0.2
131 0.2
132 0.215625
133 0.2125
134 0.19375
135 0.21875
136 0.2125
137 0.23125
138 0.203125
139 0.225
140 0.2125
141 0.246875
142 0.18125
143 0.24375
144 0.23125
145 0.225
146 0.209375
147 0.209375
148 0.165625
149 0.234375
150 0.18125
151 0.178125
152 0.18125
153 0.225
154 0.246875
155 0.24375
156 0.21875
157 0.225
158 0.240625
159 0.23125
160 0.25625
161 0.246875
162 0.24375
163 0.2375
164 0.221875
165 0.19375
166 0.25625
167 0.23125
168 0.20625
169 0.215625
170 0.265625
171 0.215625
172 0.2125
173 0.228125
174 0.20625
175 0.21875
176 0.21875
177 0.240625
178 0.253125
179 0.221875
180 0.234375
181 0.203125
182 0.278125
183 0.21875
184 0.309375
185 0.225
186 0.228125
187 0.278125
188 0.25
189 0.2625
190 0.228125
191 0.25
192 0.25
193 0.24375
194 0.29375
195 0.25
196 0.20625
197 0.2375
198 0.25625
199 0.23125
200 0.246875
201 0.28125
202 0.21875
203 0.253125
204 0.253125
205 0.21875
206 0.25625
207 0.240625
208 0.275
209 0.225
210 0.2125
211 0.265625
212 0.25
213 0.2375
214 0.259375
215 0.2625
216 0.265625
217 0.28125
218 0.240625
219 0.2625
220 0.221875
221 0.246875
222 0.303125
223 0.278125
224 0.290625
225 0.21875
226 0.246875
227 0.253125
228 0.246875
229 0.271875
230 0.225
231 0.253125
232 0.240625
233 0.2625
234 0.24375
235 0.290625
236 0.24375
237 0.221875
238 0.25625
239 0.2625
240 0.25
241 0.265625
242 0.209375
243 0.209375
244 0.271875
245 0.2375
246 0.3125
247 0.2375
248 0.290625
249 0.34375
250 0.278125
251 0.26875
252 0.240625
253 0.28125
254 0.25
255 0.278125
256 0.29375
257 0.2875
258 0.23125
259 0.290625
260 0.303125
261 0.228125
262 0.26875
263 0.3
264 0.2875
265 0.290625
266 0.309375
267 0.225
268 0.240625
269 0.296875
270 0.24375
271 0.296875
272 0.259375
273 0.221875
274 0.23125
275 0.203125
276 0.19375
277 0.23125
278 0.253125
279 0.234375
280 0.29375
281 0.259375
282 0.26875
283 0.246875
284 0.215625
285 0.284375
286 0.234375
287 0.284375
288 0.23125
289 0.2875
290 0.1875
291 0.23125
292 0.240625
293 0.24375
294 0.2625
295 0.275
296 0.3
297 0.26875
298 0.296875
299 0.278125
300 0.228125
301 0.290625
302 0.21875
303 0.29375
304 0.221875
305 0.275
306 0.253125
307 0.246875
308 0.275
309 0.265625
310 0.253125
311 0.28125
312 0.321875
313 0.325
314 0.271875
315 0.321875
316 0.25
317 0.29375
318 0.2875
319 0.328125
320 0.3
321 0.2875
322 0.2875
323 0.25
324 0.2875
325 0.271875
326 0.26875
327 0.225
328 0.2625
329 0.259375
330 0.29375
331 0.240625
332 0.3
333 0.25
334 0.221875
335 0.2625
336 0.26875
337 0.28125
338 0.278125
339 0.21875
340 0.275
341 0.225
342 0.29375
343 0.278125
344 0.25
345 0.309375
346 0.2125
347 0.2625
348 0.221875
349 0.26875
350 0.25
351 0.265625
352 0.259375
353 0.284375
354 0.315625
355 0.26875
356 0.2875
357 0.296875
358 0.2625
359 0.290625
360 0.271875
361 0.28125
362 0.296875
363 0.3
364 0.259375
365 0.29375
366 0.25625
367 0.271875
368 0.271875
369 0.290625
370 0.3125
371 0.325
372 0.271875
373 0.246875
374 0.253125
375 0.303125
376 0.278125
377 0.284375
378 0.353125
379 0.24375
380 0.265625
381 0.296875
382 0.309375
383 0.296875
384 0.26875
385 0.30625
386 0.26875
387 0.309375
388 0.290625
389 0.2875
390 0.315625
391 0.340625
392 0.225
393 0.33125
394 0.315625
395 0.259375
396 0.271875
397 0.290625
398 0.309375
399 0.275
400 0.309375
401 0.3
402 0.315625
403 0.275
404 0.303125
405 0.309375
406 0.29375
407 0.303125
408 0.2625
409 0.265625
410 0.303125
411 0.30625
412 0.31875
413 0.29375
414 0.275
415 0.284375
416 0.3
417 0.234375
418 0.278125
419 0.375
420 0.29375
421 0.321875
422 0.321875
423 0.3125
424 0.290625
425 0.30625
426 0.290625
427 0.2625
428 0.296875
429 0.2875
430 0.3125
431 0.29375
432 0.290625
433 0.378125
434 0.290625
435 0.29375
436 0.303125
437 0.315625
438 0.309375
439 0.321875
440 0.31875
441 0.30625
442 0.25
443 0.3
444 0.30625
445 0.309375
446 0.265625
447 0.3
448 0.3375
449 0.240625
450 0.28125
451 0.28125
452 0.325
453 0.26875
454 0.275
455 0.33125
456 0.3125
457 0.26875
458 0.271875
459 0.246875
460 0.309375
461 0.309375
462 0.315625
463 0.278125
464 0.259375
465 0.2625
466 0.284375
467 0.31875
468 0.34375
469 0.29375
470 0.3125
471 0.290625
472 0.284375
473 0.29375
474 0.2875
475 0.321875
476 0.2625
477 0.315625
478 0.278125
479 0.315625
480 0.33125
481 0.30625
482 0.275
483 0.290625
484 0.325
485 0.30625
486 0.325
487 0.30625
488 0.34375
489 0.296875
490 0.29375
491 0.26875
492 0.309375
493 0.265625
494 0.3
495 0.309375
496 0.33125
497 0.325
498 0.3375
499 0.34375
500 0.3
501 0.334375
502 0.290625
503 0.303125
504 0.31875
505 0.321875
506 0.303125
507 0.275
508 0.2875
509 0.275
510 0.31875
511 0.334375
512 0.30625
513 0.34375
514 0.328125
515 0.30625
516 0.240625
517 0.303125
518 0.284375
519 0.34375
520 0.284375
521 0.246875
522 0.303125
523 0.303125
524 0.3125
525 0.290625
526 0.315625
527 0.278125
528 0.309375
529 0.246875
530 0.30625
531 0.259375
532 0.284375
533 0.290625
534 0.321875
535 0.334375
536 0.30625
537 0.30625
538 0.2875
539 0.3
540 0.296875
541 0.29375
542 0.346875
543 0.2875
544 0.290625
545 0.23125
546 0.31875
547 0.26875
548 0.325
549 0.321875
550 0.29375
551 0.2875
552 0.3375
553 0.296875
554 0.25
555 0.3375
556 0.328125
557 0.325
558 0.321875
559 0.290625
560 0.3125
561 0.3375
562 0.340625
563 0.3625
564 0.3375
565 0.28125
566 0.284375
567 0.35625
568 0.2625
569 0.371875
570 0.3125
571 0.325
572 0.365625
573 0.275
574 0.2875
575 0.3125
576 0.29375
577 0.353125
578 0.28125
579 0.30625
580 0.340625
581 0.28125
582 0.371875
583 0.309375
584 0.328125
585 0.353125
586 0.375
587 0.325
588 0.30625
589 0.275
590 0.340625
591 0.31875
592 0.321875
593 0.275
594 0.328125
595 0.275
596 0.321875
597 0.253125
598 0.240625
599 0.30625
600 0.259375
601 0.2875
602 0.3125
603 0.296875
604 0.34375
605 0.340625
606 0.321875
607 0.315625
608 0.328125
609 0.3125
610 0.3375
611 0.334375
612 0.321875
613 0.325
614 0.25
615 0.3
616 0.321875
617 0.340625
618 0.328125
619 0.31875
620 0.33125
621 0.278125
622 0.309375
623 0.31875
624 0.325
625 0.328125
626 0.30625
627 0.396875
628 0.30625
629 0.36875
630 0.334375
631 0.340625
632 0.30625
633 0.3375
634 0.33125
635 0.35
636 0.31875
637 0.340625
638 0.35
639 0.325
640 0.28125
641 0.36875
642 0.334375
643 0.33125
644 0.353125
645 0.38125
646 0.328125
647 0.315625
648 0.31875
649 0.353125
650 0.33125
651 0.303125
652 0.321875
653 0.328125
654 0.315625
655 0.33125
656 0.3125
657 0.275
658 0.278125
659 0.3
660 0.35625
661 0.334375
662 0.340625
663 0.378125
664 0.3625
665 0.2875
666 0.321875
667 0.3625
668 0.378125
669 0.296875
670 0.30625
671 0.35625
672 0.31875
673 0.353125
674 0.315625
675 0.3625
676 0.36875
677 0.36875
678 0.33125
679 0.31875
680 0.365625
681 0.265625
682 0.3875
683 0.375
684 0.315625
685 0.33125
686 0.3125
687 0.321875
688 0.409375
689 0.33125
690 0.309375
691 0.3
692 0.31875
693 0.35625
694 0.3875
695 0.340625
696 0.309375
697 0.30625
698 0.3375
699 0.3625
700 0.309375
701 0.284375
702 0.3125
703 0.31875
704 0.353125
705 0.3125
706 0.359375
707 0.353125
708 0.371875
709 0.328125
710 0.328125
711 0.365625
712 0.2875
713 0.2875
714 0.384375
715 0.340625
716 0.325
717 0.36875
718 0.371875
719 0.35625
720 0.328125
721 0.371875
722 0.334375
723 0.334375
724 0.353125
725 0.334375
726 0.334375
727 0.375
728 0.3375
729 0.346875
730 0.3375
731 0.415625
732 0.346875
733 0.38125
734 0.34375
735 0.3875
736 0.284375
737 0.296875
738 0.3125
739 0.353125
740 0.35625
741 0.34375
742 0.284375
743 0.35
744 0.315625
745 0.328125
746 0.35
747 0.31875
748 0.35
749 0.275
750 0.321875
751 0.325
752 0.365625
753 0.28125
754 0.359375
755 0.375
756 0.35
757 0.34375
758 0.371875
759 0.321875
760 0.309375
761 0.3375
762 0.409375
763 0.334375
764 0.375
765 0.35625
766 0.36875
767 0.303125
768 0.34375
769 0.25625
770 0.340625
771 0.303125
772 0.3
773 0.35
774 0.309375
775 0.278125
776 0.359375
777 0.328125
778 0.353125
779 0.35
780 0.3
781 0.3125
782 0.3625
783 0.39375
784 0.321875
785 0.328125
786 0.30625
787 0.421875
788 0.340625
789 0.26875
790 0.334375
791 0.359375
792 0.340625
793 0.334375
794 0.3625
795 0.26875
796 0.3625
797 0.315625
798 0.3625
799 0.334375
800 0.3625
801 0.4
802 0.334375
803 0.346875
804 0.396875
805 0.371875
806 0.36875
807 0.39375
808 0.346875
809 0.38125
810 0.35
811 0.3375
812 0.34375
813 0.36875
814 0.321875
815 0.3625
816 0.303125
817 0.3
818 0.3125
819 0.3375
820 0.365625
821 0.33125
822 0.35
823 0.334375
824 0.3
825 0.375
826 0.346875
827 0.34375
828 0.384375
829 0.35625
830 0.428125
831 0.346875
832 0.340625
833 0.321875
834 0.375
835 0.334375
836 0.371875
837 0.3875
838 0.35
839 0.375
840 0.325
841 0.384375
842 0.3875
843 0.334375
844 0.346875
845 0.33125
846 0.328125
847 0.375
848 0.2875
849 0.371875
850 0.34375
851 0.39375
852 0.33125
853 0.3375
854 0.3625
855 0.4
856 0.3
857 0.346875
858 0.340625
859 0.35625
860 0.346875
861 0.38125
862 0.359375
863 0.34375
864 0.346875
865 0.328125
866 0.375
867 0.30625
868 0.35
869 0.384375
870 0.36875
871 0.340625
872 0.325
873 0.33125
874 0.396875
875 0.3125
876 0.353125
877 0.346875
878 0.39375
879 0.346875
880 0.328125
881 0.325
882 0.378125
883 0.4
884 0.36875
885 0.340625
886 0.340625
887 0.346875
888 0.328125
889 0.315625
890 0.353125
891 0.315625
892 0.375
893 0.340625
894 0.353125
895 0.359375
896 0.340625
897 0.340625
898 0.2875
899 0.29375
900 0.328125
901 0.375
902 0.384375
903 0.390625
904 0.4
905 0.31875
906 0.26875
907 0.359375
908 0.440625
909 0.334375
910 0.321875
911 0.30625
912 0.346875
913 0.315625
914 0.365625
915 0.328125
916 0.375
917 0.375
918 0.2875
919 0.35625
920 0.35625
921 0.384375
922 0.4
923 0.34375
924 0.321875
925 0.353125
926 0.3625
927 0.315625
928 0.35
929 0.384375
930 0.378125
931 0.378125
932 0.353125
933 0.365625
934 0.36875
935 0.409375
936 0.31875
937 0.278125
938 0.325
939 0.328125
940 0.365625
941 0.390625
942 0.38125
943 0.321875
944 0.446875
945 0.38125
946 0.365625
947 0.325
948 0.38125
949 0.375
950 0.275
951 0.275
952 0.25625
953 0.3625
954 0.30625
955 0.284375
956 0.325
957 0.4
958 0.35625
959 0.378125
960 0.3125
961 0.3125
962 0.3875
963 0.378125
964 0.35
965 0.3625
966 0.346875
967 0.365625
968 0.296875
969 0.353125
970 0.34375
971 0.4
972 0.340625
973 0.396875
974 0.334375
975 0.384375
976 0.396875
977 0.35625
978 0.390625
979 0.390625
980 0.328125
981 0.3125
982 0.375
983 0.34375
984 0.36875
985 0.334375
986 0.38125
987 0.375
988 0.34375
989 0.334375
990 0.334375
991 0.3125
992 0.290625
993 0.34375
994 0.4
995 0.371875
996 0.41875
997 0.340625
998 0.328125
999 0.325
1000 0.3125
