1 7.6966543
2 7.6175632
3 7.5212154
4 7.3999743
5 7.2361274
6 7.0214143
7 6.8556137
8 6.5199566
9 6.4529305
10 6.2965918
11 5.9569464
12 5.999991
13 5.9019947
14 6.01731
15 5.657623
16 5.890339
17 5.4898906
18 5.4010468
19 5.46413
20 5.5839705
21 5.524449
22 5.284018
23 5.3015428
24 5.212694
25 5.256468
26 5.2282324
27 5.291176
28 5.3496747
29 5.3059297
30 5.2996306
31 5.2436123
32 5.286072
33 5.3486147
34 5.101708
35 5.1381545
36 5.1327014
37 5.2287292
38 5.0447865
39 5.3001027
40 5.3444166
41 5.156291
42 5.669397
43 5.2036877
44 5.2221494
45 5.3864784
46 5.381075
47 5.3594985
48 5.2638893
49 5.191904
50 5.3511066
51 5.3673573
52 5.487935
53 5.4234066
54 5.398495
55 5.205434
56 5.2894626
57 5.2417955
58 5.1305294
59 5.148348
60 5.1231556
61 5.013628
62 5.2157693
63 5.2768645
64 5.275692
65 5.2689915
66 4.996558
67 5.213467
68 5.085626
69 4.93302
70 4.8697343
71 5.0040655
72 5.0259185
73 5.038147
74 5.1200013
75 4.9125443
76 4.9063807
77 4.907928
78 4.972763
79 5.1241493
80 5.113543
81 4.9253135
82 5.002678
83 5.0041666
84 4.8639665
85 4.746213
86 4.800262
87 4.921628
88 4.9691997
89 4.9094734
90 4.7617035
91 4.720641
92 4.770716
93 4.7780266
94 4.919648
95 4.8183775
96 4.803377
97 4.8757787
98 4.8420496
99 4.7412953
100 4.7597322
101 4.688356
102 4.7586455
103 4.5311184
104 4.5445685
105 4.6094494
106 4.5329533
107 4.819717
108 4.6307592
109 4.7958245
110 4.6908703
111 4.6938853
112 4.710819
113 4.501056
114 4.7591734
115 4.76137
116 4.5669947
117 4.5912523
118 4.64193
119 4.645674
120 4.513991
121 4.308215
122 4.507674
123 4.492868
124 4.518314
125 4.371557
126 4.4302363
127 4.4804363
128 4.563749
129 4.6235704
130 4.588029
131 4.4998727
132 4.4385066
133 4.597339
134 4.5547614
135 4.6693373
136 4.5260015
137 4.4917326
138 4.5345235
139 4.44002
140 4.3571167
141 4.459427
142 4.7661324
143 4.2655168
144 4.4482403
145 4.4256396
146 4.562037
147 4.558703
148 4.7950296
149 4.554813
150 4.5324574
151 4.4010386
152 4.4419374
153 4.340698
154 4.276871
155 4.197244
156 4.186487
157 4.359389
158 4.276759
159 4.3310165
160 4.225233
161 4.221558
162 4.234097
163 4.1588726
164 4.333984
165 4.476822
166 4.1194596
167 4.248007
168 4.2836
169 4.1296678
170 4.2512517
171 4.34598
172 4.312936
173 4.2247753
174 4.472858
175 4.3723745
176 4.281241
177 4.275186
178 4.3303237
179 4.1208262
180 4.3045053
181 4.2163587
182 4.1713214
183 4.164295
184 3.8689795
185 4.439845
186 4.3435264
187 4.1586814
188 4.269765
189 4.267611
190 4.2798967
191 4.081914
192 4.169227
193 4.0518107
194 3.9262629
195 4.215154
196 4.289404
197 4.2208652
198 4.106436
199 4.2208786
200 4.3070283
201 3.905812
202 4.356927
203 4.0756426
204 4.1038165
205 4.1968274
206 4.1304483
207 4.0716367
208 4.182143
209 4.361227
210 4.230823
211 4.014486
212 4.1945467
213 4.263126
214 4.097524
215 4.1617484
216 4.2390676
217 3.9682677
218 4.104204
219 4.0799184
220 4.1820517
221 4.1205535
222 3.802284
223 4.003786
224 4.0366645
225 4.14317
226 3.9663763
227 3.8321676
228 4.1717753
229 4.0685906
230 4.1485634
231 4.0523996
232 4.210635
233 4.197788
234 4.1960263
235 3.9408631
236 4.1449547
237 4.200378
238 4.0409875
239 4.0802093
240 4.12911
241 3.9375792
242 4.2305684
243 4.147409
244 4.0159783
245 4.1350236
246 3.7897809
247 4.0308237
248 3.8916667
249 3.8650324
250 4.0415435
251 4.033614
252 4.1233783
253 3.967335
254 4.0301323
255 4.042356
256 3.982167
257 3.9679184
258 4.0332785
259 3.9172647
260 3.8738754
261 4.1233673
262 3.9326274
263 3.9603689
264 3.9955046
265 4.0101976
266 3.8352563
267 4.1857705
268 4.1478806
269 3.8826308
270 4.04145
271 3.9723132
272 4.0368834
273 3.99482
274 4.2129297
275 4.17709
276 4.230884
277 4.158434
278 4.166096
279 4.160839
280 4.0513916
281 4.251712
282 4.2050014
283 4.071741
284 4.341532
285 4.0737267
286 4.1529098
287 4.0084515
288 3.9602542
289 3.8172643
290 4.3315625
291 4.2363873
292 4.214172
293 4.062183
294 4.017316
295 3.8884017
296 3.8734076
297 4.052594
298 4.0572805
299 3.8771338
300 4.017369
301 3.9202888
302 4.357983
303 3.9006782
304 4.2786403
305 3.7897277
306 4.1781034
307 4.2845206
308 4.1052294
309 4.005417
310 3.932173
311 3.8829014
312 3.9305224
313 3.6971588
314 3.8737493
315 3.7554853
316 4.032323
317 3.9316034
318 3.7765398
319 3.6143894
320 3.786541
321 3.9118931
322 3.830833
323 4.025438
324 3.8608341
325 4.0538607
326 3.909569
327 4.237204
328 4.010079
329 3.9134583
330 3.871733
331 3.8948927
332 3.8259933
333 3.8388293
334 4.3016205
335 3.987231
336 4.017408
337 3.88837
338 3.8188295
339 4.0358224
340 3.9750168
341 4.127151
342 3.9472728
343 3.9619265
344 4.276739
345 3.935199
346 4.1971774
347 4.025919
348 4.289021
349 3.9485934
350 4.0784426
351 4.077523
352 4.116709
353 3.9741318
354 3.769406
355 4.0573306
356 3.9570074
357 3.954218
358 3.884335
359 3.860836
360 3.8657603
361 3.8079515
362 4.014586
363 3.835181
364 4.057818
365 3.929291
366 3.9699688
367 4.086683
368 3.974617
369 4.018315
370 3.758776
371 3.811483
372 3.8709786
373 3.9804008
374 3.9245796
375 3.8421805
376 3.935399
377 4.0427628
378 3.8207054
379 4.1392207
380 3.936632
381 3.9965363
382 3.7705789
383 3.9116879
384 3.867831
385 3.5692277
386 4.0119047
387 3.7636373
388 3.8433094
389 3.8758824
390 3.7695985
391 3.8382201
392 4.013811
393 3.5079157
394 3.7515917
395 3.9513364
396 3.9299455
397 4.124968
398 3.8225062
399 4.031889
400 3.9470396
401 3.737302
402 3.7824993
403 3.982361
404 3.7411287
405 3.7615752
406 3.7179422
407 3.7934785
408 3.9955854
409 3.9555516
410 3.5751839
411 3.8195894
412 3.7116954
413 3.8061872
414 3.9365938
415 3.6951718
416 3.8178504
417 3.9284658
418 3.8437386
419 3.5463338
420 3.8952136
421 3.7820387
422 3.6255684
423 3.8457553
424 3.8188727
425 3.6864274
426 3.8244913
427 4.0057945
428 3.9567015
429 3.865021
430 3.9346733
431 3.9411137
432 3.8974085
433 3.5831735
434 3.861853
435 3.8894584
436 3.8341544
437 3.752206
438 3.922299
439 3.923815
440 3.7709556
441 3.8723462
442 3.8421466
443 3.7397132
444 3.8299842
445 3.70327
446 4.048506
447 3.7983396
448 3.5376773
449 3.970855
450 3.7648892
451 3.8245091
452 3.7728484
453 3.8595521
454 3.7515154
455 3.4515164
456 3.8945699
457 3.6414487
458 3.8079453
459 3.862032
460 3.6949148
461 3.7054832
462 3.714791
463 4.0773306
464 4.058616
465 3.9499211
466 3.9684136
467 3.6303596
468 3.5500164
469 3.7932005
470 3.6999187
471 3.8694828
472 3.6668887
473 3.7435195
474 3.7498374
475 3.773146
476 4.175285
477 3.847119
478 3.8689475
479 3.6333153
480 3.6612484
481 3.8320596
482 3.7796867
483 3.8448358
484 3.6811733
485 3.5897734
486 3.5258222
487 3.8117595
488 3.5309412
489 3.8925412
490 3.7567282
491 3.8942227
492 3.7611883
493 3.877897
494 3.7873971
495 3.6766744
496 3.6173189
497 3.7158453
498 3.4838972
499 3.5024955
500 3.5926688
501 3.5595076
502 3.7055979
503 3.6718385
504 3.7077644
505 3.7629728
506 3.6940174
507 3.8157418
508 3.6568234
509 3.9556236
510 3.632848
511 3.5930636
512 3.5633712
513 3.6399763
514 3.616406
515 3.7422445
516 3.9975407
517 3.7533937
518 3.8313046
519 3.6743536
520 3.9728456
521 3.996174
522 3.9417071
523 4.023175
524 3.723601
525 3.7479415
526 3.7784085
527 3.961844
528 3.8855734
529 4.0767555
530 3.7905252
531 4.314172
532 3.8655708
533 3.9814634
534 3.711849
535 3.6143742
536 3.8286395
537 3.5599916
538 3.6987998
539 3.891302
540 3.9869108
541 3.7900934
542 3.6507707
543 3.9633865
544 3.8865457
545 4.10776
546 3.8218307
547 4.0726357
548 3.738704
549 3.8784251
550 3.9101734
551 4.1243978
552 3.727009
553 3.7575853
554 4.1022778
555 3.8196816
556 3.5896335
557 3.7747428
558 3.8939664
559 3.6851637
560 3.682915
561 3.6783755
562 3.670813
563 3.6401744
564 3.7733698
565 3.8267996
566 3.7455804
567 3.5647063
568 3.9489868
569 3.594948
570 3.8573697
571 3.5600529
572 3.7131033
573 4.10665
574 3.9606376
575 3.7496898
576 3.8347707
577 3.5772219
578 3.8571284
579 3.9268038
580 3.623825
581 3.7776203
582 3.612764
583 3.690943
584 3.5386314
585 3.7238193
586 3.543599
587 3.8369153
588 3.6965544
589 3.902784
590 3.7976627
591 3.6511867
592 3.5742342
593 3.8323073
594 3.7792287
595 3.998454
596 3.8487456
597 4.065855
598 3.9688027
599 3.7502065
600 3.9881032
601 3.932492
602 3.8296208
603 3.9584155
604 3.704811
605 3.6136627
606 3.646669
607 3.6773186
608 3.5725389
609 3.5933094
610 3.6475787
611 3.62346
612 3.6429577
613 3.5061958
614 3.7979753
615 3.7535653
616 3.6134717
617 3.5302231
618 3.518893
619 3.7233336
620 3.6792173
621 3.7877889
622 3.6509984
623 3.7501023
624 3.679153
625 3.592007
626 3.4996922
627 3.4149718
628 3.8136492
629 3.6116173
630 3.6567044
631 3.486935
632 3.7773812
633 3.7277493
634 3.541817
635 3.5553958
636 3.9336112
637 3.7299778
638 3.5838861
639 3.515219
640 3.818774
641 3.3811245
642 3.6362772
643 3.5149233
644 3.448477
645 3.6132584
646 3.6657875
647 3.612561
648 3.687936
649 3.6037745
650 3.684118
651 3.7357125
652 3.7028503
653 3.5813618
654 3.585541
655 3.614099
656 3.7585871
657 4.086335
658 3.8466911
659 3.594516
660 3.441548
661 3.5427089
662 3.5052943
663 3.5471106
664 3.4576297
665 3.6483297
666 3.697402
667 3.419229
668 3.2459307
669 3.7572153
670 3.6599262
671 3.3971558
672 3.6488469
673 3.6301184
674 3.6489906
675 3.5679321
676 3.3160028
677 3.3573225
678 3.652857
679 3.658136
680 3.4470394
681 3.8884094
682 3.5949292
683 3.4600534
684 3.6508257
685 3.574982
686 3.7737248
687 3.7280235
688 3.4903176
689 3.8947544
690 3.9397027
691 3.7724311
692 3.5156896
693 3.6474886
694 3.3997223
695 3.6154935
696 3.8123238
697 3.712487
698 3.6542578
699 3.3065724
700 3.7172003
701 3.8460515
702 3.5946145
703 3.5573916
704 3.4884758
705 3.671311
706 3.4583673
707 3.4513247
708 3.4543061
709 3.6663778
710 3.6188211
711 3.4443045
712 3.8040035
713 3.7889464
714 3.4720032
715 3.4421215
716 3.5959918
717 3.4209743
718 3.326476
719 3.4843574
720 3.5632424
721 3.4637809
722 3.7584338
723 3.5541763
724 3.4284322
725 3.4487522
726 3.609454
727 3.4089465
728 3.5627508
729 3.4815195
730 3.7142565
731 3.1297712
732 3.3776402
733 3.5111103
734 3.664754
735 3.4883595
736 3.859996
737 3.6847823
738 3.6744385
739 3.4722517
740 3.3495278
741 3.5052028
742 3.8141081
743 3.7662952
744 3.7210112
745 3.6603472
746 3.306026
747 3.7094214
748 3.6546223
749 3.7468147
750 3.5467167
751 3.798192
752 3.6680899
753 3.9075246
754 3.5903919
755 3.4257228
756 3.440097
757 3.426177
758 3.4941046
759 3.5887601
760 3.5928903
761 3.5606287
762 3.0950902
763 3.4880118
764 3.4290214
765 3.5017257
766 3.6007547
767 3.6077642
768 3.4332013
769 3.9782434
770 3.5450888
771 3.7963364
772 3.7039
773 3.5720575
774 3.7553148
775 3.8492744
776 3.5291274
777 3.6438162
778 3.4659176
779 3.3476372
780 3.7199976
781 3.552908
782 3.3811305
783 3.3029504
784 3.4696038
785 3.5988243
786 3.9085994
787 3.2144554
788 3.5259051
789 3.8135402
790 3.485256
791 3.4565258
792 3.4720783
793 3.4903584
794 3.4260325
795 3.8720572
796 3.5255334
797 3.8742497
798 3.3147414
799 3.5151114
800 3.315513
801 3.0175817
802 3.4280007
803 3.500292
804 3.247719
805 3.570919
806 3.3668659
807 3.4162865
808 3.5770135
809 3.3645017
810 3.5377722
811 3.6272671
812 3.5946488
813 3.4718556
814 3.4860773
815 3.2821107
816 3.6738977
817 3.686233
818 3.5667543
819 3.5908835
820 3.3982275
821 3.461701
822 3.5319293
823 3.6963384
824 3.7402282
825 3.5887127
826 3.5931623
827 3.5270445
828 3.224579
829 3.4161217
830 3.0686636
831 3.3633034
832 3.3429265
833 3.7073088
834 3.3931258
835 3.7093627
836 3.4328854
837 3.4543753
838 3.3890743
839 3.3177633
840 3.5491333
841 3.3602014
842 3.4209292
843 3.6674368
844 3.5591013
845 3.6182983
846 3.6978955
847 3.4009593
848 3.7530246
849 3.5110676
850 3.7005494
851 3.4063342
852 3.595613
853 3.6393576
854 3.4113379
855 3.283353
856 3.4525287
857 3.5050566
858 3.4600742
859 3.391529
860 3.27781
861 3.4078722
862 3.311693
863 3.406596
864 3.3127005
865 3.4403372
866 3.2466753
867 3.63136
868 3.5042503
869 3.2743216
870 3.1641114
871 3.7098355
872 3.4942644
873 3.6232636
874 3.2477543
875 3.6856565
876 3.6442988
877 3.5783625
878 3.3504486
879 3.5210297
880 3.6106303
881 3.668593
882 3.394824
883 3.210182
884 3.3306773
885 3.5876713
886 3.5421088
887 3.4608846
888 3.4976606
889 3.6804187
890 3.4401114
891 3.4635465
892 3.5529943
893 3.5967398
894 3.5179396
895 3.4261184
896 3.5781279
897 3.6895761
898 3.8099513
899 3.721587
900 3.529684
901 3.353747
902 3.2606802
903 3.098321
904 3.1989872
905 3.530506
906 3.7052517
907 3.3244135
908 3.099772
909 3.5380044
910 3.6291974
911 3.6436403
912 3.4371865
913 3.5482593
914 3.3619463
915 3.5082045
916 3.486274
917 3.2946465
918 3.5774987
919 3.594922
920 3.4994717
921 3.3808892
922 3.291318
923 3.6870086
924 3.5408802
925 3.54518
926 3.2931557
927 3.612545
928 3.4460542
929 3.4074306
930 3.4293783
931 3.302829
932 3.528464
933 3.4792385
934 3.3782644
935 3.145574
936 3.6888995
937 3.716934
938 3.562137
939 3.342692
940 3.6769638
941 3.2597585
942 3.2556329
943 3.5685656
944 3.2204645
945 3.3381946
946 3.4784071
947 3.5820305
948 3.3067043
949 3.534647
950 3.7780764
951 3.9915915
952 3.857668
953 3.5473158
954 3.628354
955 3.837325
956 3.5632057
957 3.1925488
958 3.2858355
959 3.366385
960 3.5565703
961 3.5168946
962 3.0685537
963 3.4620183
964 3.3341265
965 3.4833329
966 3.2980046
967 3.4420614
968 3.6948247
969 3.3579915
970 3.5401542
971 3.247957
972 3.453576
973 3.2628324
974 3.4540982
975 3.5782037
976 3.2927132
977 3.6899056
978 3.4747863
979 3.1633563
980 3.5727365
981 3.652433
982 3.5462885
983 3.4429502
984 3.4304955
985 3.5422873
986 3.2610264
987 3.5788808
988 3.4607675
989 3.6661482
990 3.613209
991 3.6190798
992 3.7215981
993 3.3372934
994 3.3309247
995 3.2820797
996 3.204691
997 3.501882
998 3.449253
999 3.4941943
1000 3.561665
