1 5.334914
2 5.2800927
3 5.2133093
4 5.1292715
5 5.0157013
6 4.8668737
7 4.7519493
8 4.5192895
9 4.472831
10 4.3644648
11 4.1290407
12 4.158877
13 4.090951
14 4.1708817
15 3.9215653
16 4.082872
17 3.8053021
18 3.7437203
19 3.7874463
20 3.8705134
21 3.829256
22 3.6626022
23 3.6747494
24 3.6131644
25 3.6435058
26 3.6239345
27 3.6675637
28 3.708112
29 3.6777902
30 3.6734242
31 3.6345952
32 3.6640258
33 3.7073772
34 3.5362344
35 3.5614972
36 3.5577176
37 3.624279
38 3.4967797
39 3.6737514
40 3.7044673
41 3.5740688
42 3.9297264
43 3.6069214
44 3.619718
45 3.7336223
46 3.729877
47 3.7149212
48 3.64865
49 3.5987537
50 3.7091045
51 3.7203686
52 3.8039467
53 3.759219
54 3.7419517
55 3.608132
56 3.666376
57 3.6333358
58 3.5562122
59 3.568563
60 3.551101
61 3.475182
62 3.615296
63 3.6576438
64 3.656831
65 3.6521866
66 3.4633503
67 3.6137002
68 3.5250874
69 3.419309
70 3.3754425
71 3.468554
72 3.4837012
73 3.4921775
74 3.5489144
75 3.4051163
76 3.4008439
77 3.4019165
78 3.4468567
79 3.5517898
80 3.544438
81 3.4139671
82 3.4675922
83 3.468624
84 3.3714447
85 3.2898242
86 3.3272882
87 3.4114125
88 3.4443867
89 3.4029877
90 3.3005614
91 3.272099
92 3.3068085
93 3.3118758
94 3.4100404
95 3.339845
96 3.3294473
97 3.3796322
98 3.3562531
99 3.2864156
100 3.299195
101 3.2497208
102 3.2984416
103 3.140732
104 3.150055
105 3.1950269
106 3.1420038
107 3.3407733
108 3.2097976
109 3.3242123
110 3.2514634
111 3.2535534
112 3.2652907
113 3.1198945
114 3.2988076
115 3.3003304
116 3.1655996
117 3.1824136
118 3.2175407
119 3.220136
120 3.12886
121 2.9862273
122 3.1244817
123 3.1142187
124 3.1318564
125 3.0301328
126 3.0708058
127 3.1056018
128 3.1633496
129 3.204815
130 3.1801794
131 3.119074
132 3.0765383
133 3.1866326
134 3.15712
135 3.236538
136 3.1371853
137 3.1134317
138 3.1430922
139 3.0775876
140 3.0201232
141 3.0910392
142 3.3036313
143 2.956631
144 3.0832853
145 3.0676198
146 3.1621633
147 3.159852
148 3.3236613
149 3.1571558
150 3.14166
151 3.0505676
152 3.0789165
153 3.0087426
154 2.9645011
155 2.909308
156 2.901852
157 3.021698
158 2.9644237
159 3.002032
160 2.9287086
161 2.926161
162 2.9348526
163 2.882711
164 3.0040889
165 3.1030965
166 2.8553917
167 2.944494
168 2.969165
169 2.8624675
170 2.9467432
171 3.012404
172 2.9894993
173 2.928391
174 3.100349
175 3.0306993
176 2.96753
177 2.9633331
178 3.0015516
179 2.856339
180 2.983656
181 2.922557
182 2.8913398
183 2.8864694
184 2.6817722
185 3.0774662
186 3.010703
187 2.8825784
188 2.9595757
189 2.9580824
190 2.9665985
191 2.8293672
192 2.889888
193 2.8085012
194 2.721478
195 2.9217222
196 2.9731882
197 2.9256809
198 2.8463643
199 2.9256902
200 2.9854045
201 2.7073026
202 3.0199916
203 2.8250203
204 2.844549
205 2.909019
206 2.8630087
207 2.8222435
208 2.8988407
209 3.022972
210 2.932583
211 2.7826297
212 2.9074383
213 2.9549737
214 2.8401873
215 2.884704
216 2.9382977
217 2.7505937
218 2.8448176
219 2.8279839
220 2.8987775
221 2.8561502
222 2.6355424
223 2.775213
224 2.7980025
225 2.8718264
226 2.7492826
227 2.6562562
228 2.8916543
229 2.8201323
230 2.875565
231 2.8089094
232 2.9185898
233 2.909685
234 2.9084637
235 2.7315981
236 2.8730638
237 2.9114802
238 2.8009992
239 2.8281856
240 2.8620808
241 2.729322
242 2.9324067
243 2.874765
244 2.7836642
245 2.86618
246 2.6268759
247 2.7939541
248 2.6974978
249 2.6790364
250 2.8013844
251 2.7958882
252 2.858108
253 2.749947
254 2.793475
255 2.8019478
256 2.760228
257 2.7503514
258 2.7956557
259 2.715241
260 2.685166
261 2.8581004
262 2.7258897
263 2.7451186
264 2.7694728
265 2.7796571
266 2.6583972
267 2.901355
268 2.8750918
269 2.6912346
270 2.8013196
271 2.7533977
272 2.7981544
273 2.7689984
274 2.9201806
275 2.8953383
276 2.9326253
277 2.8824067
278 2.8877177
279 2.884074
280 2.8082108
281 2.947062
282 2.9146848
283 2.822316
284 3.0093207
285 2.8236923
286 2.8785777
287 2.778447
288 2.745039
289 2.645926
290 3.0024104
291 2.93644
292 2.9210413
293 2.8156908
294 2.7845912
295 2.6952348
296 2.6848416
297 2.8090441
298 2.8122926
299 2.6874244
300 2.784628
301 2.7173371
302 3.0207238
303 2.7037442
304 2.9657276
305 2.6268392
306 2.8960407
307 2.9698033
308 2.8455281
309 2.7763433
310 2.7255747
311 2.6914222
312 2.7244306
313 2.5626752
314 2.6850784
315 2.603104
316 2.7949932
317 2.72518
318 2.617698
319 2.5053039
320 2.6246302
321 2.7115178
322 2.6553311
323 2.790221
324 2.6761262
325 2.809922
326 2.7099068
327 2.937006
328 2.7795749
329 2.7126026
330 2.6836808
331 2.699734
332 2.6519766
333 2.6608737
334 2.9816563
335 2.763738
336 2.7846549
337 2.6952128
338 2.647011
339 2.7974188
340 2.7552717
341 2.8607233
342 2.736041
343 2.7461982
344 2.9644098
345 2.727672
346 2.9092617
347 2.7905543
348 2.9729228
349 2.7369564
350 2.826961
351 2.8263237
352 2.8534856
353 2.7546582
354 2.6127532
355 2.8123271
356 2.7427886
357 2.740855
358 2.692416
359 2.6761277
360 2.6795409
361 2.6394708
362 2.7826989
363 2.658345
364 2.812665
365 2.723577
366 2.7517726
367 2.8326728
368 2.7549946
369 2.7852836
370 2.605385
371 2.6419187
372 2.683158
373 2.7590036
374 2.7203114
375 2.6631966
376 2.7278109
377 2.8022296
378 2.6483111
379 2.8690891
380 2.7286654
381 2.7701879
382 2.6135662
383 2.7113755
384 2.6809762
385 2.4740002
386 2.7808404
387 2.6087546
388 2.663979
389 2.686557
390 2.6128867
391 2.6604514
392 2.782162
393 2.4315019
394 2.6004052
395 2.7388577
396 2.7240307
397 2.85921
398 2.6495595
399 2.7946925
400 2.7358794
401 2.5905004
402 2.6218288
403 2.7603624
404 2.5931528
405 2.6073253
406 2.5770812
407 2.6294389
408 2.7695289
409 2.7417796
410 2.4781287
411 2.6475377
412 2.5727513
413 2.638248
414 2.728639
415 2.561298
416 2.6463323
417 2.723005
418 2.6642766
419 2.4581313
420 2.6999564
421 2.6215096
422 2.5130525
423 2.6656744
424 2.6470408
425 2.5552368
426 2.6509354
427 2.7766051
428 2.7425766
429 2.6790285
430 2.7273078
431 2.731772
432 2.7014778
433 2.4836667
434 2.6768324
435 2.6959672
436 2.6576333
437 2.600831
438 2.7187304
439 2.7197814
440 2.6138272
441 2.6841059
442 2.6631732
443 2.5921717
444 2.6547427
445 2.5669112
446 2.8062103
447 2.6328084
448 2.452131
449 2.752387
450 2.6096225
451 2.6509478
452 2.6151392
453 2.6752377
454 2.6003523
455 2.3924088
456 2.69951
457 2.52406
458 2.6394665
459 2.6769567
460 2.5611198
461 2.5684452
462 2.574897
463 2.8261902
464 2.8132184
465 2.7378767
466 2.7506948
467 2.5163736
468 2.4606838
469 2.6292462
470 2.5645883
471 2.682121
472 2.5416937
473 2.59481
474 2.5991893
475 2.6153455
476 2.8940868
477 2.6666198
478 2.68175
479 2.5184224
480 2.537784
481 2.6561813
482 2.6198792
483 2.6650372
484 2.551595
485 2.4882414
486 2.4439137
487 2.6421103
488 2.447462
489 2.698104
490 2.6039655
491 2.6992695
492 2.607057
493 2.6879535
494 2.6252236
495 2.5484765
496 2.5073345
497 2.5756278
498 2.4148536
499 2.4277449
500 2.4902482
501 2.4672627
502 2.5685248
503 2.5451245
504 2.5700264
505 2.608294
506 2.5604978
507 2.6448708
508 2.5347168
509 2.7418294
510 2.5180984
511 2.490522
512 2.4699407
513 2.5230393
514 2.5067017
515 2.5939262
516 2.770884
517 2.6016543
518 2.655658
519 2.5468678
520 2.7537668
521 2.7699368
522 2.7321832
523 2.7886524
524 2.5810037
525 2.597875
526 2.6189933
527 2.746141
528 2.6932743
529 2.8257916
530 2.6273918
531 2.9903562
532 2.6794095
533 2.75974
534 2.5728576
535 2.5052934
536 2.6538107
537 2.4675982
538 2.5638127
539 2.6972451
540 2.763516
541 2.6270926
542 2.5305214
543 2.7472103
544 2.6939483
545 2.8472822
546 2.6490912
547 2.8229358
548 2.5914721
549 2.6883194
550 2.7103257
551 2.8588147
552 2.583366
553 2.6045597
554 2.8434823
555 2.6476016
556 2.4881444
557 2.6164525
558 2.699092
559 2.5543609
560 2.552802
561 2.5496557
562 2.5444138
563 2.5231767
564 2.6155007
565 2.6525354
566 2.5962386
567 2.4708662
568 2.737229
569 2.4918282
570 2.673725
571 2.4676406
572 2.5737271
573 2.8465128
574 2.7453048
575 2.599087
576 2.6580606
577 2.4795413
578 2.6735578
579 2.721853
580 2.5118442
581 2.6184468
582 2.504177
583 2.5583668
584 2.4527924
585 2.5811548
586 2.4562356
587 2.659547
588 2.5622563
589 2.7052038
590 2.6323392
591 2.5308099
592 2.4774704
593 2.656353
594 2.6195617
595 2.7715173
596 2.6677473
597 2.818236
598 2.7509644
599 2.599445
600 2.7643425
601 2.7257957
602 2.654491
603 2.7437646
604 2.5679793
605 2.5048
606 2.5276783
607 2.548923
608 2.4762952
609 2.4906924
610 2.5283089
611 2.5115912
612 2.525106
613 2.4303098
614 2.632556
615 2.6017733
616 2.5046678
617 2.4469643
618 2.4391108
619 2.5808182
620 2.550239
621 2.6254952
622 2.5306792
623 2.5993729
624 2.5501945
625 2.4897895
626 2.4258018
627 2.367078
628 2.6434202
629 2.5033824
630 2.5346344
631 2.416959
632 2.6182811
633 2.583879
634 2.4550004
635 2.4644127
636 2.7265716
637 2.5854237
638 2.4841607
639 2.4365642
640 2.6469724
641 2.343617
642 2.5204754
643 2.4363592
644 2.3903022
645 2.50452
646 2.5409303
647 2.5040364
648 2.5562825
649 2.4979463
650 2.553636
651 2.5893986
652 2.5666203
653 2.482411
654 2.4853077
655 2.5051026
656 2.6052542
657 2.8324318
658 2.6663232
659 2.4915287
660 2.3854995
661 2.4556186
662 2.4296849
663 2.4586697
664 2.3966463
665 2.5288296
666 2.5628438
667 2.370029
668 2.2499077
669 2.6043031
670 2.5368676
671 2.354729
672 2.529188
673 2.5162063
674 2.5292876
675 2.473102
676 2.2984781
677 2.3271186
678 2.5319676
679 2.5356266
680 2.3893056
681 2.69524
682 2.491815
683 2.3983264
684 2.5305595
685 2.4779887
686 2.6157467
687 2.584069
688 2.419304
689 2.6996381
690 2.730794
691 2.61485
692 2.4368904
693 2.5282464
694 2.356508
695 2.5060692
696 2.6425016
697 2.5733
698 2.5329385
699 2.2919414
700 2.576567
701 2.6658797
702 2.491597
703 2.465796
704 2.4180272
705 2.5447588
706 2.3971577
707 2.392276
708 2.3943427
709 2.5413394
710 2.5083756
711 2.38741
712 2.6367342
713 2.6262975
714 2.4066093
715 2.385897
716 2.4925516
717 2.3712387
718 2.3057375
719 2.4151726
720 2.4698515
721 2.40091
722 2.6051478
723 2.4635673
724 2.376408
725 2.390493
726 2.5018828
727 2.3629017
728 2.4695108
729 2.4132054
730 2.5745265
731 2.169392
732 2.3412018
733 2.4337163
734 2.5402138
735 2.4179466
736 2.6755455
737 2.5540965
738 2.5469267
739 2.4067814
740 2.3217158
741 2.4296215
742 2.6437383
743 2.610597
744 2.5792084
745 2.5371594
746 2.2915626
747 2.571175
748 2.5331912
749 2.597094
750 2.4583967
751 2.6327062
752 2.5425262
753 2.7084897
754 2.48867
755 2.37453
756 2.3844936
757 2.374845
758 2.421929
759 2.487539
760 2.4904017
761 2.4680398
762 2.145353
763 2.4177055
764 2.3768165
765 2.4272113
766 2.495853
767 2.5007117
768 2.3797138
769 2.7575083
770 2.4572682
771 2.63142
772 2.567348
773 2.4759617
774 2.6029859
775 2.6681137
776 2.4462047
777 2.525701
778 2.402391
779 2.3204052
780 2.578506
781 2.4626882
782 2.343621
783 2.2894309
784 2.404946
785 2.494515
786 2.7092347
787 2.2280908
788 2.4439712
789 2.6433446
790 2.4157953
791 2.3958812
792 2.4066613
793 2.419332
794 2.374745
795 2.6839056
796 2.4437137
797 2.6854253
798 2.2976036
799 2.4364896
800 2.2981384
801 2.0916283
802 2.3761091
803 2.4262176
804 2.2511473
805 2.4751725
806 2.3337336
807 2.3679893
808 2.4793968
809 2.332095
810 2.4521968
811 2.51423
812 2.4916208
813 2.406507
814 2.4163647
815 2.2749858
816 2.546552
817 2.555102
818 2.4722857
819 2.4890108
820 2.3554718
821 2.3994682
822 2.4481468
823 2.5621066
824 2.5925286
825 2.4875062
826 2.4905903
827 2.444761
828 2.235108
829 2.367875
830 2.1270356
831 2.3312643
832 2.31714
833 2.5697107
834 2.3519356
835 2.5711343
836 2.379495
837 2.3943906
838 2.3491273
839 2.2996984
840 2.4600718
841 2.3291142
842 2.3712075
843 2.5420735
844 2.4669812
845 2.5080132
846 2.563186
847 2.3573654
848 2.6013985
849 2.4336867
850 2.5650253
851 2.361091
852 2.492289
853 2.5226104
854 2.3645592
855 2.275847
856 2.3931105
857 2.4295201
858 2.3983407
859 2.350829
860 2.2720048
861 2.362157
862 2.2954907
863 2.3612723
864 2.296189
865 2.38466
866 2.250424
867 2.517067
868 2.4289613
869 2.2695868
870 2.1931949
871 2.5714622
872 2.4220395
873 2.511455
874 2.2511718
875 2.5547025
876 2.5260355
877 2.480332
878 2.322354
879 2.4405918
880 2.5026982
881 2.5428748
882 2.3531127
883 2.2251287
884 2.3086495
885 2.4867842
886 2.4552028
887 2.3989024
888 2.4243937
889 2.551072
890 2.3845036
891 2.4007475
892 2.462748
893 2.4930701
894 2.4384499
895 2.3748043
896 2.4801693
897 2.5574193
898 2.640857
899 2.5796075
900 2.4465907
901 2.3246403
902 2.2601314
903 2.1475925
904 2.217369
905 2.4471602
906 2.5682847
907 2.304308
908 2.1485982
909 2.4523578
910 2.515568
911 2.525579
912 2.382476
913 2.459466
914 2.3303237
915 2.4317021
916 2.416501
917 2.283675
918 2.4797332
919 2.49181
920 2.425649
921 2.343454
922 2.2813678
923 2.5556397
924 2.4543512
925 2.4573317
926 2.2826416
927 2.5040255
928 2.3886228
929 2.361851
930 2.377064
931 2.2893467
932 2.445745
933 2.4116244
934 2.3416345
935 2.1803458
936 2.5569503
937 2.5763824
938 2.4690852
939 2.3169775
940 2.5486772
941 2.2594924
942 2.2566328
943 2.4735413
944 2.232256
945 2.3138602
946 2.4110482
947 2.4828744
948 2.2920327
949 2.4500306
950 2.618763
951 2.7667603
952 2.6739316
953 2.458812
954 2.5149834
955 2.659831
956 2.469826
957 2.2129061
958 2.2775676
959 2.3334002
960 2.4652267
961 2.4377255
962 2.1269593
963 2.3996882
964 2.3110404
965 2.4144623
966 2.2860026
967 2.3858552
968 2.5610573
969 2.3275824
970 2.453848
971 2.2513123
972 2.3938365
973 2.2616231
974 2.3941984
975 2.4802217
976 2.2823348
977 2.5576477
978 2.4085383
979 2.1926715
980 2.4764323
981 2.5316737
982 2.4580998
983 2.3864713
984 2.3778384
985 2.4553266
986 2.2603712
987 2.4806912
988 2.3988214
989 2.5411804
990 2.5044856
991 2.508555
992 2.5796154
993 2.3132355
994 2.3088212
995 2.2749643
996 2.2213225
997 2.4273198
998 2.39084
999 2.4219909
1000 2.468758
