1 204.3626
2 203.56721
3 202.7836
4 200.8023
5 195.57573
6 188.43059
7 176.97232
8 160.17693
9 137.58955
10 113.866806
11 90.75759
12 71.52977
13 58.254173
14 49.834164
15 45.414753
16 44.62934
17 43.741344
18 42.984657
19 41.753986
20 40.99378
21 40.42855
22 40.072014
23 39.85806
24 39.736664
25 39.50641
26 39.30639
27 39.05173
28 38.32557
29 37.93383
30 37.59617
31 37.03929
32 36.326977
33 36.45516
34 36.493183
35 36.51522
36 36.559124
37 36.613503
38 36.55766
39 36.391457
40 36.492863
41 36.633415
42 37.437935
43 37.827015
44 38.36817
45 39.032322
46 38.84013
47 39.05376
48 39.160206
49 39.10047
50 39.55107
51 40.296833
52 41.40811
53 42.435528
54 43.23664
55 44.011166
56 44.92153
57 44.288155
58 42.025017
59 40.45763
60 40.585327
61 37.785873
62 37.34745
63 36.42359
64 38.064663
65 38.71014
66 38.01026
67 37.963192
68 40.49556
69 39.95872
70 38.47797
71 39.645622
72 39.317207
73 37.873257
74 38.39976
75 38.031124
76 34.803185
77 34.00656
78 32.766087
79 32.125916
80 32.419395
81 34.13215
82 34.747566
83 34.4674
84 34.496872
85 33.985065
86 35.128822
87 36.63176
88 35.99653
89 35.666206
90 35.400562
91 34.674664
92 35.029747
93 33.927773
94 32.485497
95 35.11324
96 34.397804
97 33.157238
98 35.34603
99 34.734474
100 34.96153
101 37.68273
102 34.873642
103 32.565086
104 31.541449
105 31.824902
106 31.818745
107 29.753225
108 31.474594
109 29.688711
110 30.955896
111 32.305595
112 33.518085
113 31.965408
114 33.10696
115 34.13482
116 30.85416
117 31.557163
118 30.77304
119 31.731009
120 29.48144
121 27.467632
122 26.26501
123 27.413677
124 28.630316
125 29.645908
126 28.604053
127 26.337118
128 27.241999
129 29.693882
130 28.110584
131 28.569561
132 27.95255
133 31.131756
134 29.410425
135 28.91279
136 28.965454
137 29.983633
138 29.926523
139 29.049988
140 29.448364
141 30.939484
142 33.191273
143 32.172558
144 31.391659
145 29.936071
146 28.859802
147 28.737192
148 28.269947
149 26.756168
150 29.575344
151 27.6639
152 28.6524
153 26.669872
154 29.481129
155 28.180304
156 27.239971
157 28.204493
158 27.689404
159 25.498188
160 24.658308
161 25.118591
162 23.955994
163 24.109877
164 23.868002
165 23.976635
166 26.854925
167 24.559994
168 24.882889
169 25.543224
170 26.087479
171 25.096756
172 24.79668
173 23.14046
174 25.797485
175 26.29191
176 25.098785
177 25.041561
178 25.863373
179 24.628757
180 23.356907
181 24.6017
182 26.568462
183 24.849829
184 24.137753
185 25.200794
186 25.35803
187 25.732721
188 24.332178
189 25.058172
190 23.398588
191 23.401194
192 23.521399
193 23.260921
194 22.755497
195 23.349941
196 23.44099
197 24.558027
198 23.579676
199 23.832132
200 24.357822
201 23.581831
202 22.372559
203 23.069292
204 22.288671
205 21.60733
206 21.896873
207 20.95009
208 23.319504
209 22.406399
210 23.89288
211 23.026031
212 23.403896
213 24.820862
214 23.855162
215 25.251043
216 25.247665
217 24.644302
218 23.018328
219 24.126884
220 23.83114
221 24.132393
222 23.355999
223 22.746487
224 21.095722
225 21.974497
226 21.331211
227 21.907446
228 23.314716
229 23.179037
230 23.447489
231 22.200924
232 23.180279
233 21.969538
234 23.920725
235 21.047867
236 20.060202
237 21.82307
238 21.181286
239 21.470371
240 22.58421
241 21.483889
242 21.009928
243 22.664165
244 22.885778
245 23.276043
246 21.635504
247 21.982483
248 22.81496
249 22.792896
250 22.274746
251 21.094141
252 21.609797
253 21.738453
254 21.235107
255 21.137327
256 21.336395
257 20.669455
258 20.186007
259 20.723118
260 20.290379
261 21.494846
262 21.311043
263 21.473389
264 21.136929
265 22.215826
266 21.9886
267 19.990513
268 20.544407
269 21.140287
270 20.993698
271 21.723059
272 22.506138
273 21.91421
274 23.251331
275 21.795736
276 21.333261
277 22.604168
278 21.836351
279 20.257654
280 20.183193
281 20.247261
282 21.003109
283 21.194904
284 22.30811
285 21.294582
286 20.651552
287 21.295786
288 21.491638
289 21.780228
290 22.136341
291 21.285042
292 22.807613
293 22.22009
294 21.593943
295 21.514017
296 21.598259
297 22.026453
298 23.265371
299 22.891811
300 21.8325
301 22.463232
302 23.489609
303 22.171133
304 22.63015
305 21.287533
306 22.737125
307 21.029919
308 20.704556
309 20.771788
310 21.74372
311 21.25452
312 21.48216
313 20.9584
314 21.152935
315 20.759098
316 21.832012
317 22.084177
318 22.21455
319 20.974903
320 19.353794
321 20.727772
322 21.481907
323 21.321585
324 20.908146
325 19.803436
326 20.56789
327 20.113811
328 19.601414
329 19.959713
330 20.003735
331 20.186893
332 19.55838
333 20.318752
334 21.981665
335 21.073597
336 20.481052
337 20.58883
338 19.871967
339 20.474665
340 20.631779
341 21.529202
342 20.823353
343 21.907263
344 21.854122
345 22.713501
346 22.792227
347 22.761652
348 23.1738
349 21.86687
350 22.970627
351 21.804806
352 20.51772
353 21.424845
354 20.277487
355 21.263523
356 19.862057
357 19.794588
358 21.505466
359 20.159077
360 19.723932
361 18.667252
362 18.970158
363 20.034014
364 19.687408
365 19.480257
366 19.800901
367 19.714485
368 19.636545
369 20.366781
370 19.646832
371 19.98145
372 19.408646
373 20.094992
374 19.873016
375 19.920666
376 19.701757
377 20.153236
378 19.32134
379 20.036379
380 20.606888
381 21.50247
382 19.495802
383 21.848606
384 20.735163
385 20.074596
386 19.863031
387 20.286238
388 20.110378
389 20.305618
390 18.76254
391 18.434958
392 18.655375
393 17.43247
394 18.209959
395 19.327114
396 18.888783
397 18.100698
398 19.149868
399 18.54276
400 19.523884
401 19.122282
402 18.964516
403 19.67927
404 18.959095
405 19.326422
406 20.359451
407 20.04633
408 19.550842
409 21.618677
410 19.942749
411 20.09819
412 19.551493
413 19.452234
414 20.774181
415 19.620478
416 20.175049
417 20.075417
418 19.690275
419 19.473124
420 19.704063
421 18.062466
422 18.99036
423 18.735302
424 18.687702
425 18.356579
426 18.668674
427 19.601812
428 18.751713
429 18.175903
430 20.078896
431 19.67517
432 19.508633
433 18.91155
434 19.289972
435 19.836708
436 18.423134
437 19.122906
438 18.32775
439 19.07338
440 18.480131
441 18.805487
442 20.018051
443 20.040203
444 19.887081
445 19.631575
446 20.895245
447 18.78741
448 18.832678
449 19.757364
450 20.294884
451 19.738535
452 19.260927
453 20.75885
454 18.514185
455 18.041372
456 18.643162
457 18.041065
458 17.22345
459 17.969196
460 16.512232
461 16.6474
462 16.080564
463 16.288532
464 16.60339
465 17.241447
466 17.07605
467 16.80857
468 17.24549
469 17.952536
470 19.348991
471 19.30587
472 18.39619
473 19.763565
474 19.803387
475 19.334421
476 18.870262
477 18.959667
478 18.24319
479 17.852032
480 18.101183
481 17.60104
482 17.773413
483 17.095234
484 17.350864
485 17.273117
486 18.059254
487 18.753284
488 17.944864
489 17.501959
490 17.46413
491 17.805002
492 17.903763
493 18.1471
494 17.392517
495 18.175333
496 17.459797
497 17.426691
498 17.993809
499 17.48745
500 17.539648
501 17.662695
502 17.369608
503 17.93517
504 17.764256
505 17.283306
506 15.917124
507 16.874786
508 16.621937
509 16.123127
510 15.787799
511 15.752025
512 15.872007
513 16.085695
514 15.239194
515 16.308369
516 17.583334
517 17.525621
518 16.881151
519 17.222672
520 18.700043
521 19.223625
522 19.14296
523 19.61159
524 19.612625
525 19.02701
526 18.561062
527 19.667025
528 19.097279
529 19.133831
530 18.483704
531 20.337
532 19.615719
533 19.945654
534 18.40153
535 18.047596
536 19.163267
537 17.983135
538 18.32471
539 18.246443
540 17.874048
541 18.190104
542 17.553452
543 18.545193
544 18.231709
545 20.116034
546 18.7353
547 19.961866
548 18.24516
549 19.175493
550 17.610239
551 20.399658
552 19.261063
553 19.719833
554 20.908754
555 19.816313
556 18.917524
557 18.875172
558 19.47111
559 19.775894
560 18.699036
561 18.428257
562 18.547352
563 19.379032
564 18.50887
565 17.996546
566 17.417896
567 17.467396
568 17.94236
569 17.539673
570 17.429674
571 16.977736
572 17.365517
573 17.669651
574 18.515987
575 18.23125
576 18.455435
577 17.786037
578 19.050222
579 19.849888
580 19.481003
581 18.81274
582 19.52804
583 19.014
584 18.593958
585 19.378843
586 18.865765
587 18.277782
588 18.276268
589 18.654015
590 20.106955
591 18.482464
592 17.828297
593 17.394125
594 19.390553
595 19.391077
596 18.939886
597 20.413784
598 19.930948
599 18.974293
600 20.062218
601 20.264946
602 18.339077
603 19.713953
604 19.258081
605 17.973482
606 19.627417
607 19.723507
608 18.437878
609 18.836521
610 18.707254
611 17.679598
612 19.004868
613 17.244072
614 17.750313
615 17.282978
616 18.502968
617 16.482014
618 16.06528
619 17.720598
620 18.075098
621 16.83974
622 15.783958
623 17.974249
624 17.614658
625 16.871264
626 17.040993
627 17.052288
628 17.525478
629 16.457525
630 17.034344
631 17.544756
632 17.539223
633 16.785892
634 17.232592
635 15.942606
636 18.001522
637 17.407528
638 17.925024
639 17.020275
640 18.38039
641 16.97897
642 18.791529
643 18.534225
644 17.069757
645 18.998394
646 18.703587
647 18.052134
648 17.288795
649 17.708426
650 17.821991
651 16.700785
652 16.164968
653 16.773594
654 17.105724
655 16.235363
656 16.888992
657 18.106445
658 18.19426
659 17.319815
660 16.904934
661 16.399685
662 16.636568
663 16.667583
664 16.093166
665 16.378496
666 15.997942
667 15.501343
668 15.512095
669 17.428764
670 16.688204
671 15.887256
672 16.157675
673 17.273418
674 16.287556
675 16.969698
676 15.341107
677 15.783396
678 15.966909
679 17.149315
680 17.610674
681 17.90806
682 17.155123
683 15.820064
684 17.200848
685 16.97807
686 16.896866
687 18.182562
688 17.006954
689 17.339106
690 18.234173
691 17.875973
692 17.576485
693 17.052837
694 16.615707
695 16.059793
696 17.768303
697 17.65313
698 16.202393
699 16.333427
700 17.649841
701 18.108204
702 16.875862
703 15.993085
704 17.376684
705 16.503613
706 15.293866
707 15.770029
708 15.850805
709 16.680689
710 16.889608
711 16.031841
712 17.369284
713 17.742853
714 17.244465
715 17.488207
716 17.863104
717 17.297594
718 16.578564
719 17.08649
720 14.983844
721 16.752588
722 16.359854
723 15.902921
724 15.789251
725 15.61393
726 16.240524
727 14.9153185
728 16.276388
729 16.086552
730 14.950604
731 15.372705
732 15.631294
733 15.526283
734 15.514667
735 16.12308
736 17.558285
737 15.611519
738 16.199263
739 15.021509
740 14.934894
741 16.011276
742 16.606197
743 16.978619
744 17.315968
745 16.989428
746 16.901981
747 16.269863
748 16.410513
749 18.409893
750 17.023727
751 17.014385
752 18.132263
753 18.023064
754 17.236591
755 17.502584
756 17.415691
757 15.889346
758 16.250872
759 16.093723
760 16.403492
761 16.102596
762 14.3221
763 16.185946
764 15.0588455
765 16.175121
766 16.532135
767 17.48767
768 15.904673
769 16.867447
770 15.90564
771 17.691929
772 16.864557
773 16.738144
774 18.047863
775 16.565641
776 15.25736
777 15.741816
778 15.278697
779 16.117962
780 16.374756
781 16.231009
782 14.531677
783 15.6900835
784 16.644714
785 15.602051
786 17.9502
787 14.911669
788 16.671028
789 15.029691
790 14.914129
791 14.887929
792 15.498428
793 15.403311
794 15.378027
795 15.391876
796 15.914017
797 16.87969
798 16.034801
799 15.631007
800 14.72188
801 14.121927
802 15.300966
803 15.713254
804 15.250549
805 16.019726
806 14.659386
807 16.453037
808 15.667755
809 15.6528015
810 16.980867
811 15.010727
812 16.466782
813 16.107643
814 16.048992
815 15.677971
816 16.295637
817 15.811554
818 16.144846
819 15.910182
820 15.5307255
821 15.824568
822 15.595871
823 15.202067
824 15.952151
825 16.040888
826 15.859149
827 16.255493
828 15.712982
829 15.698398
830 15.6421175
831 15.618681
832 16.370274
833 16.79593
834 16.703066
835 16.89476
836 15.83474
837 15.23411
838 14.629694
839 15.446065
840 15.747975
841 14.797564
842 14.130629
843 16.256023
844 15.173525
845 16.001837
846 16.092987
847 14.047526
848 16.223701
849 15.588295
850 17.511898
851 15.8186245
852 15.899882
853 16.22082
854 16.053385
855 15.672788
856 15.522962
857 15.480136
858 15.301302
859 15.413855
860 13.945831
861 14.968567
862 14.977684
863 14.475598
864 14.038814
865 15.067322
866 14.946386
867 14.828755
868 16.07733
869 15.173006
870 15.481728
871 17.141178
872 16.018585
873 16.327936
874 15.989444
875 15.94794
876 15.794378
877 15.780339
878 15.656529
879 16.291395
880 16.278885
881 16.673763
882 15.476077
883 14.25854
884 14.443004
885 15.262596
886 14.42822
887 15.26018
888 15.025038
889 14.685135
890 14.67527
891 14.248258
892 15.61001
893 15.497869
894 15.79349
895 14.9727125
896 16.212452
897 16.71872
898 17.56076
899 17.219406
900 17.158615
901 15.810475
902 15.657883
903 15.12829
904 14.816531
905 15.722142
906 16.104698
907 15.547335
908 13.804736
909 15.954477
910 15.189242
911 15.643919
912 14.648939
913 13.935415
914 13.62749
915 14.1139345
916 14.460895
917 14.726898
918 14.4720335
919 14.76264
920 14.793961
921 15.715424
922 14.236402
923 15.813423
924 14.224561
925 15.612514
926 15.190213
927 15.2727785
928 15.440384
929 15.423612
930 15.37575
931 14.93942
932 15.991858
933 16.41659
934 16.340101
935 15.396655
936 16.446375
937 16.322058
938 15.820509
939 15.227655
940 17.359625
941 14.640221
942 15.390239
943 15.449092
944 14.497061
945 15.047093
946 16.104193
947 15.2949095
948 14.970665
949 15.610884
950 16.626307
951 16.38936
952 17.200657
953 15.469635
954 15.874112
955 17.010136
956 17.411442
957 16.106918
958 15.256816
959 15.000577
960 15.821587
961 15.884155
962 14.835348
963 15.7715025
964 16.17627
965 16.197016
966 15.342998
967 15.668602
968 16.160952
969 15.92554
970 15.430919
971 15.372258
972 15.5231905
973 15.163182
974 15.227989
975 16.576645
976 13.950918
977 15.499972
978 14.492334
979 13.612048
980 14.300481
981 15.252167
982 15.367767
983 14.488691
984 15.0420685
985 15.483538
986 15.627199
987 17.219496
988 16.453714
989 17.48992
990 16.430906
991 16.267307
992 15.948526
993 15.434439
994 15.578024
995 14.64504
996 14.717084
997 15.057089
998 16.57777
999 15.572535
1000 15.98864
