op_time sequence_length batch_size num_layers num_units num_parallel_launches num_steps
0.0034105539321899413 10 16 1 100 2 100
0.0033809638023376467 10 16 1 100 2 100
0.0034793925285339354 10 16 1 100 2 100
0.0034563589096069337 10 16 1 100 2 100
0.0032535719871520995 10 16 1 100 2 100
0.001963803768157959 10 16 1 100 2 100
0.0034294891357421874 10 16 1 100 2 100
0.0034092235565185546 10 16 1 100 2 100
0.0018537187576293946 10 16 1 100 2 100
0.0018404483795166015 10 16 1 100 2 100
0.004184863567352295 10 16 1 200 2 100
0.0029706668853759764 10 16 1 200 2 100
0.004695107936859131 10 16 1 200 2 100
0.004745125770568848 10 16 1 200 2 100
0.004802165031433106 10 16 1 200 2 100
0.004875340461730957 10 16 1 200 2 100
0.0035865235328674315 10 16 1 200 2 100
0.003605766296386719 10 16 1 200 2 100
0.004577357769012452 10 16 1 200 2 100
0.004578323364257813 10 16 1 200 2 100
0.005410463809967041 10 16 1 500 2 100
0.0039651083946228025 10 16 1 500 2 100
0.0067236232757568355 10 16 1 500 2 100
0.0061801433563232425 10 16 1 500 2 100
0.005076553821563721 10 16 1 500 2 100
0.006147286891937256 10 16 1 500 2 100
0.004749681949615479 10 16 1 500 2 100
0.0058013987541198735 10 16 1 500 2 100
0.005918533802032471 10 16 1 500 2 100
0.0058912992477416996 10 16 1 500 2 100
0.011220474243164063 10 16 1 1000 2 100
0.011389012336730958 10 16 1 1000 2 100
0.01041194200515747 10 16 1 1000 2 100
0.011210243701934814 10 16 1 1000 2 100
0.010967457294464111 10 16 1 1000 2 100
0.010958044528961182 10 16 1 1000 2 100
0.01033576488494873 10 16 1 1000 2 100
0.010370213985443116 10 16 1 1000 2 100
0.010173838138580322 10 16 1 1000 2 100
0.010375840663909912 10 16 1 1000 2 100
0.03423192262649536 10 16 1 2000 2 100
0.03342764139175415 10 16 1 2000 2 100
0.034099080562591554 10 16 1 2000 2 100
0.0336403489112854 10 16 1 2000 2 100
0.033772594928741455 10 16 1 2000 2 100
0.03399012565612793 10 16 1 2000 2 100
0.03423171281814575 10 16 1 2000 2 100
0.034431018829345704 10 16 1 2000 2 100
0.034273273944854736 10 16 1 2000 2 100
0.034285585880279544 10 16 1 2000 2 100
0.004252936840057373 10 16 2 100 2 100
0.0042255806922912595 10 16 2 100 2 100
0.004244256019592285 10 16 2 100 2 100
0.004352240562438965 10 16 2 100 2 100
0.004313585758209229 10 16 2 100 2 100
0.004387350082397461 10 16 2 100 2 100
0.0030542731285095213 10 16 2 100 2 100
0.0030431389808654786 10 16 2 100 2 100
0.004244489669799805 10 16 2 100 2 100
0.004247562885284424 10 16 2 100 2 100
0.005446059703826904 10 16 2 200 2 100
0.005439565181732177 10 16 2 200 2 100
0.004630954265594483 10 16 2 200 2 100
0.004521574974060059 10 16 2 200 2 100
0.007080533504486084 10 16 2 200 2 100
0.0071645832061767575 10 16 2 200 2 100
0.0060213136672973636 10 16 2 200 2 100
0.006123397350311279 10 16 2 200 2 100
0.005041575431823731 10 16 2 200 2 100
0.004948270320892334 10 16 2 200 2 100
0.007636516094207763 10 16 2 500 2 100
0.006611268520355224 10 16 2 500 2 100
0.007544174194335938 10 16 2 500 2 100
0.00757774829864502 10 16 2 500 2 100
0.008423843383789063 10 16 2 500 2 100
0.00856161117553711 10 16 2 500 2 100
0.007887234687805176 10 16 2 500 2 100
0.006956183910369873 10 16 2 500 2 100
0.00848376989364624 10 16 2 500 2 100
0.008477680683135987 10 16 2 500 2 100
0.02036099672317505 10 16 2 1000 2 100
0.020323874950408934 10 16 2 1000 2 100
0.02007813215255737 10 16 2 1000 2 100
0.02001732587814331 10 16 2 1000 2 100
0.019416768550872803 10 16 2 1000 2 100
0.019241006374359132 10 16 2 1000 2 100
0.020056583881378175 10 16 2 1000 2 100
0.020270931720733642 10 16 2 1000 2 100
0.019393048286437987 10 16 2 1000 2 100
0.01948063850402832 10 16 2 1000 2 100
0.06543007373809814 10 16 2 2000 2 100
0.0646477746963501 10 16 2 2000 2 100
0.0660061001777649 10 16 2 2000 2 100
0.06611172676086426 10 16 2 2000 2 100
0.06510240316390992 10 16 2 2000 2 100
0.0658179521560669 10 16 2 2000 2 100
0.06609681844711304 10 16 2 2000 2 100
0.06548205137252808 10 16 2 2000 2 100
0.06582963705062866 10 16 2 2000 2 100
0.06573720932006837 10 16 2 2000 2 100
0.00402824878692627 10 16 3 100 2 100
0.00399714469909668 10 16 3 100 2 100
0.004047870635986328 10 16 3 100 2 100
0.004028999805450439 10 16 3 100 2 100
0.005974407196044922 10 16 3 100 2 100
0.006016368865966797 10 16 3 100 2 100
0.004883956909179687 10 16 3 100 2 100
0.00429041862487793 10 16 3 100 2 100
0.005448658466339112 10 16 3 100 2 100
0.005404314994812012 10 16 3 100 2 100
0.007418158054351806 10 16 3 200 2 100
0.007368309497833252 10 16 3 200 2 100
0.00726140022277832 10 16 3 200 2 100
0.007210826873779297 10 16 3 200 2 100
0.006489958763122559 10 16 3 200 2 100
0.006299932003021241 10 16 3 200 2 100
0.009168336391448975 10 16 3 200 2 100
0.009145903587341308 10 16 3 200 2 100
0.0071294808387756346 10 16 3 200 2 100
0.007098197937011719 10 16 3 200 2 100
0.011373298168182373 10 16 3 500 2 100
0.010587189197540283 10 16 3 500 2 100
0.011654894351959228 10 16 3 500 2 100
0.011714544296264649 10 16 3 500 2 100
0.01070831060409546 10 16 3 500 2 100
0.010815141201019287 10 16 3 500 2 100
0.011680309772491454 10 16 3 500 2 100
0.011735634803771973 10 16 3 500 2 100
0.011538331508636474 10 16 3 500 2 100
0.011554043292999267 10 16 3 500 2 100
0.027010998725891112 10 16 3 1000 2 100
0.02687929630279541 10 16 3 1000 2 100
0.0271735954284668 10 16 3 1000 2 100
0.02672879695892334 10 16 3 1000 2 100
0.026915009021759032 10 16 3 1000 2 100
0.026798789501190187 10 16 3 1000 2 100
0.026834077835083008 10 16 3 1000 2 100
0.027794644832611085 10 16 3 1000 2 100
0.02723620891571045 10 16 3 1000 2 100
0.027088055610656737 10 16 3 1000 2 100
0.09671272277832031 10 16 3 2000 2 100
0.09659977674484253 10 16 3 2000 2 100
0.09742668628692627 10 16 3 2000 2 100
0.09717142820358277 10 16 3 2000 2 100
0.09605833292007446 10 16 3 2000 2 100
0.09658074140548706 10 16 3 2000 2 100
0.0968930196762085 10 16 3 2000 2 100
0.09680268526077271 10 16 3 2000 2 100
0.09652404308319092 10 16 3 2000 2 100
0.09679136753082275 10 16 3 2000 2 100
0.005422658920288086 10 16 4 100 2 100
0.0043408870697021484 10 16 4 100 2 100
0.005450654029846192 10 16 4 100 2 100
0.005500779151916504 10 16 4 100 2 100
0.005188326835632324 10 16 4 100 2 100
0.005382463932037353 10 16 4 100 2 100
0.006497564315795898 10 16 4 100 2 100
0.006379621028900146 10 16 4 100 2 100
0.00579549789428711 10 16 4 100 2 100
0.005713729858398437 10 16 4 100 2 100
0.007823235988616943 10 16 4 200 2 100
0.007357957363128662 10 16 4 200 2 100
0.008256645202636718 10 16 4 200 2 100
0.008128328323364258 10 16 4 200 2 100
0.006748487949371338 10 16 4 200 2 100
0.006630518436431885 10 16 4 200 2 100
0.008469192981719971 10 16 4 200 2 100
0.008447728157043456 10 16 4 200 2 100
0.00865936279296875 10 16 4 200 2 100
0.00859100341796875 10 16 4 200 2 100
0.015124564170837402 10 16 4 500 2 100
0.015158138275146484 10 16 4 500 2 100
0.01538388729095459 10 16 4 500 2 100
0.015407183170318604 10 16 4 500 2 100
0.0163424015045166 10 16 4 500 2 100
0.01589833736419678 10 16 4 500 2 100
0.014121170043945313 10 16 4 500 2 100
0.013935580253601074 10 16 4 500 2 100
0.01555654764175415 10 16 4 500 2 100
0.015732486248016358 10 16 4 500 2 100
0.03620456457138062 10 16 4 1000 2 100
0.036033813953399656 10 16 4 1000 2 100
0.0360263180732727 10 16 4 1000 2 100
0.03603229761123657 10 16 4 1000 2 100
0.034901130199432376 10 16 4 1000 2 100
0.035399799346923826 10 16 4 1000 2 100
0.03606357097625732 10 16 4 1000 2 100
0.036283655166625975 10 16 4 1000 2 100
0.03431282997131348 10 16 4 1000 2 100
0.03425075054168701 10 16 4 1000 2 100
0.12853675127029418 10 16 4 2000 2 100
0.12768594980239867 10 16 4 2000 2 100
0.1273082184791565 10 16 4 2000 2 100
0.1273606276512146 10 16 4 2000 2 100
0.12885563611984252 10 16 4 2000 2 100
0.12875405550003052 10 16 4 2000 2 100
0.1283630895614624 10 16 4 2000 2 100
0.12839925050735473 10 16 4 2000 2 100
0.12762155532836914 10 16 4 2000 2 100
0.12786463499069214 10 16 4 2000 2 100
0.0020641589164733885 10 32 1 100 2 100
0.002043445110321045 10 32 1 100 2 100
0.002164041996002197 10 32 1 100 2 100
0.002179124355316162 10 32 1 100 2 100
0.00183011531829834 10 32 1 100 2 100
0.0019389009475708008 10 32 1 100 2 100
0.004293467998504639 10 32 1 100 2 100
0.0041302800178527836 10 32 1 100 2 100
0.002221260070800781 10 32 1 100 2 100
0.0022117924690246583 10 32 1 100 2 100
0.003832719326019287 10 32 1 200 2 100
0.0038692045211791994 10 32 1 200 2 100
0.003747875690460205 10 32 1 200 2 100
0.00369537353515625 10 32 1 200 2 100
0.003457765579223633 10 32 1 200 2 100
0.0033768033981323243 10 32 1 200 2 100
0.004741294384002686 10 32 1 200 2 100
0.004747896194458008 10 32 1 200 2 100
0.0041413426399230955 10 32 1 200 2 100
0.0041737985610961915 10 32 1 200 2 100
0.006530623435974121 10 32 1 500 2 100
0.0065153765678405764 10 32 1 500 2 100
0.005457789897918701 10 32 1 500 2 100
0.00548863410949707 10 32 1 500 2 100
0.006488182544708252 10 32 1 500 2 100
0.006385707855224609 10 32 1 500 2 100
0.005483105182647705 10 32 1 500 2 100
0.005406737327575684 10 32 1 500 2 100
0.006888012886047363 10 32 1 500 2 100
0.0070565414428710935 10 32 1 500 2 100
0.011161496639251709 10 32 1 1000 2 100
0.011168339252471925 10 32 1 1000 2 100
0.01066356897354126 10 32 1 1000 2 100
0.01065324068069458 10 32 1 1000 2 100
0.011004917621612549 10 32 1 1000 2 100
0.010985870361328125 10 32 1 1000 2 100
0.012589688301086427 10 32 1 1000 2 100
0.01273737907409668 10 32 1 1000 2 100
0.009333884716033936 10 32 1 1000 2 100
0.009363293647766113 10 32 1 1000 2 100
0.029904985427856447 10 32 1 2000 2 100
0.03017536163330078 10 32 1 2000 2 100
0.030850222110748293 10 32 1 2000 2 100
0.030527970790863036 10 32 1 2000 2 100
0.03056279182434082 10 32 1 2000 2 100
0.030646450519561767 10 32 1 2000 2 100
0.030442957878112794 10 32 1 2000 2 100
0.030385682582855223 10 32 1 2000 2 100
0.03085906505584717 10 32 1 2000 2 100
0.03048823595046997 10 32 1 2000 2 100
0.0028865790367126466 10 32 2 100 2 100
0.0029053878784179687 10 32 2 100 2 100
0.002538604736328125 10 32 2 100 2 100
0.002458956241607666 10 32 2 100 2 100
0.003953187465667724 10 32 2 100 2 100
0.002871222496032715 10 32 2 100 2 100
0.002884061336517334 10 32 2 100 2 100
0.002936246395111084 10 32 2 100 2 100
0.0029462528228759765 10 32 2 100 2 100
0.002921652793884277 10 32 2 100 2 100
0.005112826824188232 10 32 2 200 2 100
0.00504457950592041 10 32 2 200 2 100
0.004741914272308349 10 32 2 200 2 100
0.00468832015991211 10 32 2 200 2 100
0.0051654458045959474 10 32 2 200 2 100
0.0049290132522583005 10 32 2 200 2 100
0.00516348123550415 10 32 2 200 2 100
0.0051351189613342285 10 32 2 200 2 100
0.005009334087371826 10 32 2 200 2 100
0.0049385976791381835 10 32 2 200 2 100
0.007696464061737061 10 32 2 500 2 100
0.007711186408996582 10 32 2 500 2 100
0.007442452907562256 10 32 2 500 2 100
0.007468616962432862 10 32 2 500 2 100
0.007613279819488525 10 32 2 500 2 100
0.007651498317718506 10 32 2 500 2 100
0.008467011451721192 10 32 2 500 2 100
0.00852104663848877 10 32 2 500 2 100
0.007077605724334717 10 32 2 500 2 100
0.007147235870361328 10 32 2 500 2 100
0.01888237714767456 10 32 2 1000 2 100
0.01879199504852295 10 32 2 1000 2 100
0.01737903356552124 10 32 2 1000 2 100
0.01750244140625 10 32 2 1000 2 100
0.017205638885498045 10 32 2 1000 2 100
0.017026379108428955 10 32 2 1000 2 100
0.01736361742019653 10 32 2 1000 2 100
0.017719175815582276 10 32 2 1000 2 100
0.018219914436340332 10 32 2 1000 2 100
0.018098464012145998 10 32 2 1000 2 100
0.055218665599823 10 32 2 2000 2 100
0.0553963303565979 10 32 2 2000 2 100
0.05449056148529053 10 32 2 2000 2 100
0.055441138744354246 10 32 2 2000 2 100
0.05493432283401489 10 32 2 2000 2 100
0.05478456735610962 10 32 2 2000 2 100
0.05492426872253418 10 32 2 2000 2 100
0.05454354763031006 10 32 2 2000 2 100
0.054900696277618406 10 32 2 2000 2 100
0.05510897636413574 10 32 2 2000 2 100
0.005620620250701904 10 32 3 100 2 100
0.005585255622863769 10 32 3 100 2 100
0.0054497957229614254 10 32 3 100 2 100
0.00581221342086792 10 32 3 100 2 100
0.005106451511383056 10 32 3 100 2 100
0.00506493330001831 10 32 3 100 2 100
0.0049135065078735355 10 32 3 100 2 100
0.005004539489746094 10 32 3 100 2 100
0.00373868465423584 10 32 3 100 2 100
0.0037343502044677734 10 32 3 100 2 100
0.006199250221252442 10 32 3 200 2 100
0.006173365116119385 10 32 3 200 2 100
0.00735266923904419 10 32 3 200 2 100
0.007413144111633301 10 32 3 200 2 100
0.007130460739135742 10 32 3 200 2 100
0.007118723392486572 10 32 3 200 2 100
0.005332515239715576 10 32 3 200 2 100
0.005364887714385987 10 32 3 200 2 100
0.007008137702941894 10 32 3 200 2 100
0.007016196250915528 10 32 3 200 2 100
0.010912392139434814 10 32 3 500 2 100
0.010913326740264892 10 32 3 500 2 100
0.010582447052001953 10 32 3 500 2 100
0.010738606452941895 10 32 3 500 2 100
0.010554258823394775 10 32 3 500 2 100
0.010468151569366455 10 32 3 500 2 100
0.01259723424911499 10 32 3 500 2 100
0.012485828399658203 10 32 3 500 2 100
0.010542676448822022 10 32 3 500 2 100
0.01052696704864502 10 32 3 500 2 100
0.025108444690704345 10 32 3 1000 2 100
0.024932806491851808 10 32 3 1000 2 100
0.024853882789611818 10 32 3 1000 2 100
0.024983558654785156 10 32 3 1000 2 100
0.025336296558380128 10 32 3 1000 2 100
0.025313756465911864 10 32 3 1000 2 100
0.025358948707580566 10 32 3 1000 2 100
0.025412068367004395 10 32 3 1000 2 100
0.025270750522613527 10 32 3 1000 2 100
0.02544994592666626 10 32 3 1000 2 100
0.07917643547058105 10 32 3 2000 2 100
0.07928888559341431 10 32 3 2000 2 100
0.08046316862106323 10 32 3 2000 2 100
0.08183569192886353 10 32 3 2000 2 100
0.08140659809112549 10 32 3 2000 2 100
0.08159876585006715 10 32 3 2000 2 100
0.08108155012130737 10 32 3 2000 2 100
0.08080697774887086 10 32 3 2000 2 100
0.07953108310699462 10 32 3 2000 2 100
0.07927300214767456 10 32 3 2000 2 100
0.004563834667205811 10 32 4 100 2 100
0.004624981880187989 10 32 4 100 2 100
0.004360368251800537 10 32 4 100 2 100
0.005500922203063965 10 32 4 100 2 100
0.005679504871368408 10 32 4 100 2 100
0.005675256252288818 10 32 4 100 2 100
0.004270522594451904 10 32 4 100 2 100
0.004236397743225098 10 32 4 100 2 100
0.004466817378997802 10 32 4 100 2 100
0.004482483863830567 10 32 4 100 2 100
0.006929359436035156 10 32 4 200 2 100
0.006881184577941894 10 32 4 200 2 100
0.0070636367797851565 10 32 4 200 2 100
0.007062332630157471 10 32 4 200 2 100
0.007243454456329346 10 32 4 200 2 100
0.00722841739654541 10 32 4 200 2 100
0.008063192367553712 10 32 4 200 2 100
0.008111851215362549 10 32 4 200 2 100
0.00694286584854126 10 32 4 200 2 100
0.006957883834838867 10 32 4 200 2 100
0.014152073860168457 10 32 4 500 2 100
0.014335198402404785 10 32 4 500 2 100
0.014113380908966064 10 32 4 500 2 100
0.014156036376953125 10 32 4 500 2 100
0.012034480571746825 10 32 4 500 2 100
0.012040491104125977 10 32 4 500 2 100
0.012214763164520264 10 32 4 500 2 100
0.012216863632202148 10 32 4 500 2 100
0.012844314575195312 10 32 4 500 2 100
0.012723522186279297 10 32 4 500 2 100
0.03296135425567627 10 32 4 1000 2 100
0.0326938796043396 10 32 4 1000 2 100
0.03275359630584717 10 32 4 1000 2 100
0.03260513067245483 10 32 4 1000 2 100
0.03218544721603393 10 32 4 1000 2 100
0.0320851993560791 10 32 4 1000 2 100
0.03140747308731079 10 32 4 1000 2 100
0.031658923625946044 10 32 4 1000 2 100
0.03134406566619873 10 32 4 1000 2 100
0.03129278421401978 10 32 4 1000 2 100
0.1042663550376892 10 32 4 2000 2 100
0.10413997173309326 10 32 4 2000 2 100
0.10311603784561157 10 32 4 2000 2 100
0.10292396783828735 10 32 4 2000 2 100
0.10564956188201904 10 32 4 2000 2 100
0.10489209413528443 10 32 4 2000 2 100
0.10523669958114625 10 32 4 2000 2 100
0.10496290445327759 10 32 4 2000 2 100
0.10401708126068115 10 32 4 2000 2 100
0.10388487339019775 10 32 4 2000 2 100
0.0035782814025878905 10 64 1 100 2 100
0.0035918402671813966 10 64 1 100 2 100
0.0020160746574401857 10 64 1 100 2 100
0.001963825225830078 10 64 1 100 2 100
0.00245708703994751 10 64 1 100 2 100
0.002481575012207031 10 64 1 100 2 100
0.003772594928741455 10 64 1 100 2 100
0.0037579894065856933 10 64 1 100 2 100
0.0050455641746521 10 64 1 100 2 100
0.005266373157501221 10 64 1 100 2 100
0.004120244979858399 10 64 1 200 2 100
0.004109716415405274 10 64 1 200 2 100
0.005317461490631103 10 64 1 200 2 100
0.005154330730438233 10 64 1 200 2 100
0.005572130680084228 10 64 1 200 2 100
0.00568516492843628 10 64 1 200 2 100
0.005195305347442627 10 64 1 200 2 100
0.0051781535148620605 10 64 1 200 2 100
0.004392127990722656 10 64 1 200 2 100
0.004721887111663818 10 64 1 200 2 100
0.0073671603202819826 10 64 1 500 2 100
0.007399868965148926 10 64 1 500 2 100
0.0054878687858581545 10 64 1 500 2 100
0.005457377433776856 10 64 1 500 2 100
0.006396832466125488 10 64 1 500 2 100
0.006366343498229981 10 64 1 500 2 100
0.008173105716705322 10 64 1 500 2 100
0.008408589363098145 10 64 1 500 2 100
0.007626750469207764 10 64 1 500 2 100
0.007521281242370606 10 64 1 500 2 100
0.016007275581359864 10 64 1 1000 2 100
0.015473730564117431 10 64 1 1000 2 100
0.014956514835357666 10 64 1 1000 2 100
0.014768998622894287 10 64 1 1000 2 100
0.016115078926086424 10 64 1 1000 2 100
0.016133038997650145 10 64 1 1000 2 100
0.016344964504241943 10 64 1 1000 2 100
0.016495087146759034 10 64 1 1000 2 100
0.017144997119903565 10 64 1 1000 2 100
0.017242677211761474 10 64 1 1000 2 100
0.04572927236557007 10 64 1 2000 2 100
0.04508670806884765 10 64 1 2000 2 100
0.045880835056304935 10 64 1 2000 2 100
0.045609626770019535 10 64 1 2000 2 100
0.04566375494003296 10 64 1 2000 2 100
0.04576131105422974 10 64 1 2000 2 100
0.04654859781265259 10 64 1 2000 2 100
0.04633446455001831 10 64 1 2000 2 100
0.04491405487060547 10 64 1 2000 2 100
0.04494044780731201 10 64 1 2000 2 100
0.004511270523071289 10 64 2 100 2 100
0.004496607780456543 10 64 2 100 2 100
0.0037631940841674804 10 64 2 100 2 100
0.00470529556274414 10 64 2 100 2 100
0.004508519172668457 10 64 2 100 2 100
0.004444828033447265 10 64 2 100 2 100
0.003147552013397217 10 64 2 100 2 100
0.0031612372398376466 10 64 2 100 2 100
0.00446321964263916 10 64 2 100 2 100
0.004694616794586182 10 64 2 100 2 100
0.0048225498199462894 10 64 2 200 2 100
0.004947524070739746 10 64 2 200 2 100
0.006191740036010742 10 64 2 200 2 100
0.006300883293151855 10 64 2 200 2 100
0.0060762357711792 10 64 2 200 2 100
0.005961050987243652 10 64 2 200 2 100
0.0053705739974975585 10 64 2 200 2 100
0.005225446224212647 10 64 2 200 2 100
0.006168596744537354 10 64 2 200 2 100
0.006213710308074951 10 64 2 200 2 100
0.008152878284454346 10 64 2 500 2 100
0.009908876419067382 10 64 2 500 2 100
0.00860550880432129 10 64 2 500 2 100
0.009002492427825928 10 64 2 500 2 100
0.010179064273834228 10 64 2 500 2 100
0.010175843238830567 10 64 2 500 2 100
0.009661922454833985 10 64 2 500 2 100
0.009640860557556152 10 64 2 500 2 100
0.008603503704071045 10 64 2 500 2 100
0.008756227493286133 10 64 2 500 2 100
0.02708707571029663 10 64 2 1000 2 100
0.02708940029144287 10 64 2 1000 2 100
0.026322255134582518 10 64 2 1000 2 100
0.026258511543273924 10 64 2 1000 2 100
0.02629283905029297 10 64 2 1000 2 100
0.026395211219787596 10 64 2 1000 2 100
0.026227741241455077 10 64 2 1000 2 100
0.026596896648406983 10 64 2 1000 2 100
0.02732611894607544 10 64 2 1000 2 100
0.028006699085235596 10 64 2 1000 2 100
0.083506281375885 10 64 2 2000 2 100
0.08317317962646484 10 64 2 2000 2 100
0.08351814985275269 10 64 2 2000 2 100
0.08389721632003784 10 64 2 2000 2 100
0.08605912446975708 10 64 2 2000 2 100
0.08470422029495239 10 64 2 2000 2 100
0.08431365966796875 10 64 2 2000 2 100
0.08368834257125854 10 64 2 2000 2 100
0.0843070101737976 10 64 2 2000 2 100
0.08393775701522826 10 64 2 2000 2 100
0.004033339023590088 10 64 3 100 2 100
0.004048552513122559 10 64 3 100 2 100
0.004211509227752685 10 64 3 100 2 100
0.004231085777282715 10 64 3 100 2 100
0.0038334798812866212 10 64 3 100 2 100
0.0038293123245239256 10 64 3 100 2 100
0.003855607509613037 10 64 3 100 2 100
0.0038447809219360352 10 64 3 100 2 100
0.004080748558044434 10 64 3 100 2 100
0.00412142276763916 10 64 3 100 2 100
0.007763607501983643 10 64 3 200 2 100
0.007719912528991699 10 64 3 200 2 100
0.007993814945220947 10 64 3 200 2 100
0.008217124938964844 10 64 3 200 2 100
0.007771279811859131 10 64 3 200 2 100
0.007672090530395508 10 64 3 200 2 100
0.00858349323272705 10 64 3 200 2 100
0.007634730339050293 10 64 3 200 2 100
0.007069227695465088 10 64 3 200 2 100
0.0071507453918457035 10 64 3 200 2 100
0.013786144256591797 10 64 3 500 2 100
0.014140229225158691 10 64 3 500 2 100
0.014658925533294677 10 64 3 500 2 100
0.014275312423706055 10 64 3 500 2 100
0.013326528072357178 10 64 3 500 2 100
0.01330113410949707 10 64 3 500 2 100
0.01497258186340332 10 64 3 500 2 100
0.014897127151489258 10 64 3 500 2 100
0.015322747230529786 10 64 3 500 2 100
0.015248980522155762 10 64 3 500 2 100
0.03818865537643432 10 64 3 1000 2 100
0.03796360015869141 10 64 3 1000 2 100
0.0393610143661499 10 64 3 1000 2 100
0.039323327541351316 10 64 3 1000 2 100
0.036964011192321775 10 64 3 1000 2 100
0.037641963958740234 10 64 3 1000 2 100
0.038737831115722654 10 64 3 1000 2 100
0.038467252254486085 10 64 3 1000 2 100
0.03806793451309204 10 64 3 1000 2 100
0.03755147218704224 10 64 3 1000 2 100
0.12377222299575806 10 64 3 2000 2 100
0.12387698173522949 10 64 3 2000 2 100
0.12426855325698853 10 64 3 2000 2 100
0.12379649639129639 10 64 3 2000 2 100
0.12245062589645386 10 64 3 2000 2 100
0.12164987564086914 10 64 3 2000 2 100
0.12457600116729736 10 64 3 2000 2 100
0.12461273670196533 10 64 3 2000 2 100
0.12587175369262696 10 64 3 2000 2 100
0.1254265284538269 10 64 3 2000 2 100
0.00560563325881958 10 64 4 100 2 100
0.005619475841522217 10 64 4 100 2 100
0.006412768363952636 10 64 4 100 2 100
0.006448624134063721 10 64 4 100 2 100
0.005685229301452637 10 64 4 100 2 100
0.0057219982147216795 10 64 4 100 2 100
0.005834267139434814 10 64 4 100 2 100
0.005840110778808594 10 64 4 100 2 100
0.004855971336364746 10 64 4 100 2 100
0.004873385429382324 10 64 4 100 2 100
0.008879311084747314 10 64 4 200 2 100
0.008842875957489013 10 64 4 200 2 100
0.008524401187896729 10 64 4 200 2 100
0.008636722564697266 10 64 4 200 2 100
0.007655467987060547 10 64 4 200 2 100
0.0077410578727722164 10 64 4 200 2 100
0.004609322547912598 10 64 4 200 2 100
0.004396486282348633 10 64 4 200 2 100
0.007420601844787597 10 64 4 200 2 100
0.007509753704071045 10 64 4 200 2 100
0.016331818103790283 10 64 4 500 2 100
0.0166245436668396 10 64 4 500 2 100
0.01756089210510254 10 64 4 500 2 100
0.017828524112701416 10 64 4 500 2 100
0.016937649250030516 10 64 4 500 2 100
0.016552257537841796 10 64 4 500 2 100
0.01705296277999878 10 64 4 500 2 100
0.01696092128753662 10 64 4 500 2 100
0.01760472297668457 10 64 4 500 2 100
0.01813033103942871 10 64 4 500 2 100
0.050072340965270995 10 64 4 1000 2 100
0.05009492635726929 10 64 4 1000 2 100
0.04905503749847412 10 64 4 1000 2 100
0.04843042850494385 10 64 4 1000 2 100
0.047080039978027344 10 64 4 1000 2 100
0.04692087173461914 10 64 4 1000 2 100
0.04843523025512695 10 64 4 1000 2 100
0.048870432376861575 10 64 4 1000 2 100
0.048730568885803224 10 64 4 1000 2 100
0.0482332968711853 10 64 4 1000 2 100
0.1624930453300476 10 64 4 2000 2 100
0.16252509593963624 10 64 4 2000 2 100
0.16246357917785645 10 64 4 2000 2 100
0.1632797336578369 10 64 4 2000 2 100
0.16340169668197632 10 64 4 2000 2 100
0.16242404222488405 10 64 4 2000 2 100
0.16197091341018677 10 64 4 2000 2 100
0.16078579425811768 10 64 4 2000 2 100
0.16306666135787964 10 64 4 2000 2 100
0.1631475019454956 10 64 4 2000 2 100
0.004238786697387695 10 128 1 100 2 100
0.0042013716697692875 10 128 1 100 2 100
0.0029849696159362795 10 128 1 100 2 100
0.0029965734481811526 10 128 1 100 2 100
0.0031015872955322266 10 128 1 100 2 100
0.003088564872741699 10 128 1 100 2 100
0.003097975254058838 10 128 1 100 2 100
0.0030896711349487306 10 128 1 100 2 100
0.003925042152404785 10 128 1 100 2 100
0.005220415592193603 10 128 1 100 2 100
0.005557053089141846 10 128 1 200 2 100
0.005840048789978027 10 128 1 200 2 100
0.00566986083984375 10 128 1 200 2 100
0.005639717578887939 10 128 1 200 2 100
0.005755081176757813 10 128 1 200 2 100
0.0056860923767089845 10 128 1 200 2 100
0.004143073558807373 10 128 1 200 2 100
0.004299442768096923 10 128 1 200 2 100
0.0070884180068969726 10 128 1 200 2 100
0.007003724575042725 10 128 1 200 2 100
0.011754145622253418 10 128 1 500 2 100
0.011650462150573731 10 128 1 500 2 100
0.009650702476501466 10 128 1 500 2 100
0.008911192417144775 10 128 1 500 2 100
0.0092364239692688 10 128 1 500 2 100
0.009401299953460694 10 128 1 500 2 100
0.010441124439239502 10 128 1 500 2 100
0.010689716339111328 10 128 1 500 2 100
0.00990778923034668 10 128 1 500 2 100
0.009832758903503418 10 128 1 500 2 100
0.028089749813079833 10 128 1 1000 2 100
0.02738206386566162 10 128 1 1000 2 100
0.026601793766021727 10 128 1 1000 2 100
0.02550980567932129 10 128 1 1000 2 100
0.02709204435348511 10 128 1 1000 2 100
0.027125802040100098 10 128 1 1000 2 100
0.02691697359085083 10 128 1 1000 2 100
0.026953883171081543 10 128 1 1000 2 100
0.026731812953948976 10 128 1 1000 2 100
0.026959445476531983 10 128 1 1000 2 100
0.0816947889328003 10 128 1 2000 2 100
0.08133070230484009 10 128 1 2000 2 100
0.08108688592910766 10 128 1 2000 2 100
0.08139750957489014 10 128 1 2000 2 100
0.08066327571868896 10 128 1 2000 2 100
0.07914943695068359 10 128 1 2000 2 100
0.08160159349441529 10 128 1 2000 2 100
0.08196380853652954 10 128 1 2000 2 100
0.08172943115234375 10 128 1 2000 2 100
0.0815450119972229 10 128 1 2000 2 100
0.005928118228912354 10 128 2 100 2 100
0.0060054707527160646 10 128 2 100 2 100
0.003440697193145752 10 128 2 100 2 100
0.003431541919708252 10 128 2 100 2 100
0.0038164091110229493 10 128 2 100 2 100
0.003857882022857666 10 128 2 100 2 100
0.0031616735458374024 10 128 2 100 2 100
0.004519789218902588 10 128 2 100 2 100
0.0046362638473510746 10 128 2 100 2 100
0.004587793350219726 10 128 2 100 2 100
0.007179148197174072 10 128 2 200 2 100
0.007106616497039795 10 128 2 200 2 100
0.007508528232574463 10 128 2 200 2 100
0.007549686431884766 10 128 2 200 2 100
0.006064398288726807 10 128 2 200 2 100
0.006130380630493164 10 128 2 200 2 100
0.006006102561950683 10 128 2 200 2 100
0.0060788607597351075 10 128 2 200 2 100
0.006725032329559327 10 128 2 200 2 100
0.0063750815391540525 10 128 2 200 2 100
0.01574307918548584 10 128 2 500 2 100
0.015568883419036865 10 128 2 500 2 100
0.015815424919128417 10 128 2 500 2 100
0.016154944896697998 10 128 2 500 2 100
0.015330052375793457 10 128 2 500 2 100
0.015342819690704345 10 128 2 500 2 100
0.01600780963897705 10 128 2 500 2 100
0.015667614936828615 10 128 2 500 2 100
0.015484764575958251 10 128 2 500 2 100
0.015500109195709228 10 128 2 500 2 100
0.04396285772323608 10 128 2 1000 2 100
0.04356149435043335 10 128 2 1000 2 100
0.04403583765029907 10 128 2 1000 2 100
0.04281200647354126 10 128 2 1000 2 100
0.04441251993179321 10 128 2 1000 2 100
0.04427525281906128 10 128 2 1000 2 100
0.04465956926345825 10 128 2 1000 2 100
0.045492086410522464 10 128 2 1000 2 100
0.043419446945190426 10 128 2 1000 2 100
0.04359320878982544 10 128 2 1000 2 100
0.150578396320343 10 128 2 2000 2 100
0.15028427362442018 10 128 2 2000 2 100
0.14937323570251465 10 128 2 2000 2 100
0.14988793134689332 10 128 2 2000 2 100
0.14963386774063112 10 128 2 2000 2 100
0.15124619960784913 10 128 2 2000 2 100
0.14811591148376466 10 128 2 2000 2 100
0.1475360369682312 10 128 2 2000 2 100
0.1501857876777649 10 128 2 2000 2 100
0.15045611143112184 10 128 2 2000 2 100
0.004513876438140869 10 128 3 100 2 100
0.0052741050720214845 10 128 3 100 2 100
0.00548774242401123 10 128 3 100 2 100
0.005658876895904541 10 128 3 100 2 100
0.005680701732635498 10 128 3 100 2 100
0.005631992816925049 10 128 3 100 2 100
0.0065252685546875 10 128 3 100 2 100
0.006612684726715088 10 128 3 100 2 100
0.005858640670776367 10 128 3 100 2 100
0.005818324089050293 10 128 3 100 2 100
0.008088147640228272 10 128 3 200 2 100
0.008132271766662598 10 128 3 200 2 100
0.008255562782287597 10 128 3 200 2 100
0.00833655834197998 10 128 3 200 2 100
0.008766028881072998 10 128 3 200 2 100
0.008617393970489502 10 128 3 200 2 100
0.007305421829223633 10 128 3 200 2 100
0.007282736301422119 10 128 3 200 2 100
0.00735198974609375 10 128 3 200 2 100
0.0073444294929504396 10 128 3 200 2 100
0.020928120613098143 10 128 3 500 2 100
0.021287341117858887 10 128 3 500 2 100
0.02128056764602661 10 128 3 500 2 100
0.021389310359954835 10 128 3 500 2 100
0.021959700584411622 10 128 3 500 2 100
0.021826868057250978 10 128 3 500 2 100
0.022247793674468993 10 128 3 500 2 100
0.02169262170791626 10 128 3 500 2 100
0.020218131542205812 10 128 3 500 2 100
0.020706467628479004 10 128 3 500 2 100
0.06060277462005615 10 128 3 1000 2 100
0.06070359468460083 10 128 3 1000 2 100
0.06202434062957764 10 128 3 1000 2 100
0.06334575653076172 10 128 3 1000 2 100
0.061527693271636964 10 128 3 1000 2 100
0.06229837417602539 10 128 3 1000 2 100
0.06264341354370118 10 128 3 1000 2 100
0.061891913414001465 10 128 3 1000 2 100
0.06255854606628418 10 128 3 1000 2 100
0.061942179203033444 10 128 3 1000 2 100
0.2180485463142395 10 128 3 2000 2 100
0.2181187891960144 10 128 3 2000 2 100
0.21777479887008666 10 128 3 2000 2 100
0.2177431344985962 10 128 3 2000 2 100
0.2212875509262085 10 128 3 2000 2 100
0.22126224517822266 10 128 3 2000 2 100
0.21809909820556642 10 128 3 2000 2 100
0.21789891004562378 10 128 3 2000 2 100
0.22302241802215575 10 128 3 2000 2 100
0.22314537286758424 10 128 3 2000 2 100
0.006577439308166504 10 128 4 100 2 100
0.006617591381072998 10 128 4 100 2 100
0.005185821056365967 10 128 4 100 2 100
0.005160775184631348 10 128 4 100 2 100
0.008441953659057618 10 128 4 100 2 100
0.008452553749084473 10 128 4 100 2 100
0.005868635177612305 10 128 4 100 2 100
0.005890612602233887 10 128 4 100 2 100
0.004898121356964111 10 128 4 100 2 100
0.004789800643920899 10 128 4 100 2 100
0.00589017391204834 10 128 4 200 2 100
0.005711803436279297 10 128 4 200 2 100
0.009143974781036377 10 128 4 200 2 100
0.00791599988937378 10 128 4 200 2 100
0.008783490657806396 10 128 4 200 2 100
0.008821744918823243 10 128 4 200 2 100
0.009595117568969726 10 128 4 200 2 100
0.009687938690185548 10 128 4 200 2 100
0.01075047254562378 10 128 4 200 2 100
0.010538177490234375 10 128 4 200 2 100
0.02654386043548584 10 128 4 500 2 100
0.026557798385620116 10 128 4 500 2 100
0.02719296932220459 10 128 4 500 2 100
0.027891643047332763 10 128 4 500 2 100
0.02921834945678711 10 128 4 500 2 100
0.029000060558319093 10 128 4 500 2 100
0.026323628425598145 10 128 4 500 2 100
0.026085145473480224 10 128 4 500 2 100
0.026416280269622804 10 128 4 500 2 100
0.026553747653961183 10 128 4 500 2 100
0.08124154806137085 10 128 4 1000 2 100
0.08071871757507325 10 128 4 1000 2 100
0.080338134765625 10 128 4 1000 2 100
0.08036709070205689 10 128 4 1000 2 100
0.08097017049789429 10 128 4 1000 2 100
0.08116503715515137 10 128 4 1000 2 100
0.08040295362472534 10 128 4 1000 2 100
0.08084453105926513 10 128 4 1000 2 100
0.08161572694778442 10 128 4 1000 2 100
0.08126808404922485 10 128 4 1000 2 100
0.2925953698158264 10 128 4 2000 2 100
0.2926015257835388 10 128 4 2000 2 100
0.28751410484313966 10 128 4 2000 2 100
0.2890199613571167 10 128 4 2000 2 100
0.2896652364730835 10 128 4 2000 2 100
0.2898595380783081 10 128 4 2000 2 100
0.29194447755813596 10 128 4 2000 2 100
0.29166709661483764 10 128 4 2000 2 100
0.2915235686302185 10 128 4 2000 2 100
0.2913352584838867 10 128 4 2000 2 100
0.003072552680969238 20 16 1 100 2 100
0.0030578970909118652 20 16 1 100 2 100
0.004090652465820312 20 16 1 100 2 100
0.003381650447845459 20 16 1 100 2 100
0.0030267143249511717 20 16 1 100 2 100
0.0031586790084838865 20 16 1 100 2 100
0.0033031606674194334 20 16 1 100 2 100
0.0030333280563354494 20 16 1 100 2 100
0.004269406795501709 20 16 1 100 2 100
0.004283299446105957 20 16 1 100 2 100
0.005347893238067627 20 16 1 200 2 100
0.005215179920196533 20 16 1 200 2 100
0.004982819557189941 20 16 1 200 2 100
0.004829885959625244 20 16 1 200 2 100
0.007883901596069337 20 16 1 200 2 100
0.007803869247436523 20 16 1 200 2 100
0.005979280471801757 20 16 1 200 2 100
0.005985209941864014 20 16 1 200 2 100
0.006154940128326416 20 16 1 200 2 100
0.006295428276062011 20 16 1 200 2 100
0.008679494857788086 20 16 1 500 2 100
0.008731167316436767 20 16 1 500 2 100
0.007621049880981445 20 16 1 500 2 100
0.007549955844879151 20 16 1 500 2 100
0.008565828800201417 20 16 1 500 2 100
0.00853604793548584 20 16 1 500 2 100
0.0076049304008483885 20 16 1 500 2 100
0.008279407024383545 20 16 1 500 2 100
0.00869804859161377 20 16 1 500 2 100
0.008209798336029053 20 16 1 500 2 100
0.01794644832611084 20 16 1 1000 2 100
0.017799437046051025 20 16 1 1000 2 100
0.017964444160461425 20 16 1 1000 2 100
0.018102381229400635 20 16 1 1000 2 100
0.015561003684997559 20 16 1 1000 2 100
0.015772700309753418 20 16 1 1000 2 100
0.018699290752410887 20 16 1 1000 2 100
0.018761630058288573 20 16 1 1000 2 100
0.017878332138061524 20 16 1 1000 2 100
0.01788290023803711 20 16 1 1000 2 100
0.05776176929473877 20 16 1 2000 2 100
0.057537260055541994 20 16 1 2000 2 100
0.05852031707763672 20 16 1 2000 2 100
0.058041369915008544 20 16 1 2000 2 100
0.05835930109024048 20 16 1 2000 2 100
0.05851081848144531 20 16 1 2000 2 100
0.05867080688476563 20 16 1 2000 2 100
0.05872558116912842 20 16 1 2000 2 100
0.05712069034576416 20 16 1 2000 2 100
0.05678200483322143 20 16 1 2000 2 100
0.004594254493713379 20 16 2 100 2 100
0.004587364196777344 20 16 2 100 2 100
0.005614948272705078 20 16 2 100 2 100
0.0057154703140258785 20 16 2 100 2 100
0.004545032978057861 20 16 2 100 2 100
0.004633958339691162 20 16 2 100 2 100
0.004283504486083984 20 16 2 100 2 100
0.004393877983093261 20 16 2 100 2 100
0.004273731708526612 20 16 2 100 2 100
0.004449000358581543 20 16 2 100 2 100
0.006524934768676758 20 16 2 200 2 100
0.006501121520996094 20 16 2 200 2 100
0.007555603981018066 20 16 2 200 2 100
0.007559242248535156 20 16 2 200 2 100
0.006962878704071045 20 16 2 200 2 100
0.006748235225677491 20 16 2 200 2 100
0.007178184986114502 20 16 2 200 2 100
0.007262694835662842 20 16 2 200 2 100
0.009420077800750732 20 16 2 200 2 100
0.009516801834106445 20 16 2 200 2 100
0.013254070281982422 20 16 2 500 2 100
0.013001811504364014 20 16 2 500 2 100
0.012437045574188232 20 16 2 500 2 100
0.012658073902130126 20 16 2 500 2 100
0.013061778545379639 20 16 2 500 2 100
0.012985014915466308 20 16 2 500 2 100
0.013137428760528565 20 16 2 500 2 100
0.013202862739562988 20 16 2 500 2 100
0.01324390172958374 20 16 2 500 2 100
0.013084759712219238 20 16 2 500 2 100
0.029773483276367186 20 16 2 1000 2 100
0.030043747425079346 20 16 2 1000 2 100
0.030118885040283202 20 16 2 1000 2 100
0.02982039451599121 20 16 2 1000 2 100
0.030152416229248045 20 16 2 1000 2 100
0.030091147422790527 20 16 2 1000 2 100
0.030401999950408935 20 16 2 1000 2 100
0.030587854385375975 20 16 2 1000 2 100
0.02979989528656006 20 16 2 1000 2 100
0.029757168292999268 20 16 2 1000 2 100
0.1165995693206787 20 16 2 2000 2 100
0.11707673072814942 20 16 2 2000 2 100
0.11655560731887818 20 16 2 2000 2 100
0.11647836923599243 20 16 2 2000 2 100
0.1163739275932312 20 16 2 2000 2 100
0.11555194854736328 20 16 2 2000 2 100
0.11704168319702149 20 16 2 2000 2 100
0.11658071994781494 20 16 2 2000 2 100
0.11643573760986328 20 16 2 2000 2 100
0.11624118566513061 20 16 2 2000 2 100
0.00508836030960083 20 16 3 100 2 100
0.005082430839538574 20 16 3 100 2 100
0.005712764263153076 20 16 3 100 2 100
0.005719106197357177 20 16 3 100 2 100
0.005744514465332032 20 16 3 100 2 100
0.0057412290573120115 20 16 3 100 2 100
0.006169283390045166 20 16 3 100 2 100
0.006103222370147705 20 16 3 100 2 100
0.006086935997009277 20 16 3 100 2 100
0.005973052978515625 20 16 3 100 2 100
0.009160847663879394 20 16 3 200 2 100
0.009262242317199708 20 16 3 200 2 100
0.00808023452758789 20 16 3 200 2 100
0.008007981777191163 20 16 3 200 2 100
0.00909543752670288 20 16 3 200 2 100
0.008810386657714844 20 16 3 200 2 100
0.00805227279663086 20 16 3 200 2 100
0.009095854759216308 20 16 3 200 2 100
0.008696291446685791 20 16 3 200 2 100
0.009011459350585938 20 16 3 200 2 100
0.01742800235748291 20 16 3 500 2 100
0.01722222089767456 20 16 3 500 2 100
0.01792750835418701 20 16 3 500 2 100
0.017894206047058107 20 16 3 500 2 100
0.017700107097625734 20 16 3 500 2 100
0.017642147541046142 20 16 3 500 2 100
0.017558865547180176 20 16 3 500 2 100
0.017481973171234132 20 16 3 500 2 100
0.017066617012023926 20 16 3 500 2 100
0.0170135235786438 20 16 3 500 2 100
0.04245794773101807 20 16 3 1000 2 100
0.042263171672821044 20 16 3 1000 2 100
0.04277902126312256 20 16 3 1000 2 100
0.04282521724700928 20 16 3 1000 2 100
0.04191631078720093 20 16 3 1000 2 100
0.041898295879364014 20 16 3 1000 2 100
0.043514482975006104 20 16 3 1000 2 100
0.04343454122543335 20 16 3 1000 2 100
0.04312866687774658 20 16 3 1000 2 100
0.04313161373138428 20 16 3 1000 2 100
0.176510968208313 20 16 3 2000 2 100
0.17664937019348145 20 16 3 2000 2 100
0.17687485456466676 20 16 3 2000 2 100
0.17629510164260864 20 16 3 2000 2 100
0.17714839220046996 20 16 3 2000 2 100
0.17639760971069335 20 16 3 2000 2 100
0.17576618671417235 20 16 3 2000 2 100
0.1749402379989624 20 16 3 2000 2 100
0.17700165510177612 20 16 3 2000 2 100
0.17701153039932252 20 16 3 2000 2 100
0.0074369263648986815 20 16 4 100 2 100
0.007473907470703125 20 16 4 100 2 100
0.008386845588684083 20 16 4 100 2 100
0.00892615556716919 20 16 4 100 2 100
0.007612712383270263 20 16 4 100 2 100
0.006533379554748535 20 16 4 100 2 100
0.008359463214874267 20 16 4 100 2 100
0.008359620571136475 20 16 4 100 2 100
0.007705202102661133 20 16 4 100 2 100
0.007657759189605713 20 16 4 100 2 100
0.011797308921813965 20 16 4 200 2 100
0.011574735641479492 20 16 4 200 2 100
0.011919071674346924 20 16 4 200 2 100
0.011888234615325928 20 16 4 200 2 100
0.011868226528167724 20 16 4 200 2 100
0.012308378219604493 20 16 4 200 2 100
0.011564922332763673 20 16 4 200 2 100
0.01153364658355713 20 16 4 200 2 100
0.012056958675384522 20 16 4 200 2 100
0.012041993141174316 20 16 4 200 2 100
0.022490620613098145 20 16 4 500 2 100
0.022287182807922364 20 16 4 500 2 100
0.023369765281677245 20 16 4 500 2 100
0.023175132274627686 20 16 4 500 2 100
0.022428011894226073 20 16 4 500 2 100
0.022596375942230226 20 16 4 500 2 100
0.022553722858428955 20 16 4 500 2 100
0.022448174953460694 20 16 4 500 2 100
0.021058073043823244 20 16 4 500 2 100
0.021208627223968504 20 16 4 500 2 100
0.051828651428222655 20 16 4 1000 2 100
0.05118199586868286 20 16 4 1000 2 100
0.053889548778533934 20 16 4 1000 2 100
0.0548818039894104 20 16 4 1000 2 100
0.05505679368972778 20 16 4 1000 2 100
0.055582642555236816 20 16 4 1000 2 100
0.049694480895996096 20 16 4 1000 2 100
0.04953413963317871 20 16 4 1000 2 100
0.05604739904403686 20 16 4 1000 2 100
0.05600500822067261 20 16 4 1000 2 100
0.23681713104248048 20 16 4 2000 2 100
0.236490375995636 20 16 4 2000 2 100
0.23656630516052246 20 16 4 2000 2 100
0.23622220516204834 20 16 4 2000 2 100
0.23721163511276244 20 16 4 2000 2 100
0.23689836263656616 20 16 4 2000 2 100
0.2344156551361084 20 16 4 2000 2 100
0.23452200412750243 20 16 4 2000 2 100
0.23600443363189696 20 16 4 2000 2 100
0.23532448053359986 20 16 4 2000 2 100
0.0027641987800598143 20 32 1 100 2 100
0.0026937437057495115 20 32 1 100 2 100
0.005678436756134033 20 32 1 100 2 100
0.005641870498657227 20 32 1 100 2 100
0.0044112086296081545 20 32 1 100 2 100
0.004418098926544189 20 32 1 100 2 100
0.003501167297363281 20 32 1 100 2 100
0.003551180362701416 20 32 1 100 2 100
0.003480539321899414 20 32 1 100 2 100
0.003485312461853027 20 32 1 100 2 100
0.006198225021362305 20 32 1 200 2 100
0.0059988641738891605 20 32 1 200 2 100
0.008469388484954835 20 32 1 200 2 100
0.008433623313903809 20 32 1 200 2 100
0.004800665378570557 20 32 1 200 2 100
0.005731263160705566 20 32 1 200 2 100
0.0051859235763549805 20 32 1 200 2 100
0.005214302539825439 20 32 1 200 2 100
0.006064035892486572 20 32 1 200 2 100
0.006071240901947022 20 32 1 200 2 100
0.008957459926605224 20 32 1 500 2 100
0.009135010242462159 20 32 1 500 2 100
0.008271269798278809 20 32 1 500 2 100
0.008452932834625244 20 32 1 500 2 100
0.009091887474060058 20 32 1 500 2 100
0.009160184860229492 20 32 1 500 2 100
0.010467863082885743 20 32 1 500 2 100
0.010590574741363525 20 32 1 500 2 100
0.010005028247833251 20 32 1 500 2 100
0.010062601566314697 20 32 1 500 2 100
0.018822588920593263 20 32 1 1000 2 100
0.018751797676086427 20 32 1 1000 2 100
0.01782278060913086 20 32 1 1000 2 100
0.018094418048858644 20 32 1 1000 2 100
0.017695024013519287 20 32 1 1000 2 100
0.01756380558013916 20 32 1 1000 2 100
0.018577880859375 20 32 1 1000 2 100
0.018845484256744385 20 32 1 1000 2 100
0.01801988363265991 20 32 1 1000 2 100
0.01765000104904175 20 32 1 1000 2 100
0.05214273929595947 20 32 1 2000 2 100
0.052171244621276855 20 32 1 2000 2 100
0.05197396278381348 20 32 1 2000 2 100
0.05225040912628174 20 32 1 2000 2 100
0.050444598197937014 20 32 1 2000 2 100
0.05061334133148193 20 32 1 2000 2 100
0.05167634725570679 20 32 1 2000 2 100
0.05147284984588623 20 32 1 2000 2 100
0.05181509733200073 20 32 1 2000 2 100
0.05165234088897705 20 32 1 2000 2 100
0.00497603178024292 20 32 2 100 2 100
0.0037839031219482422 20 32 2 100 2 100
0.005702729225158691 20 32 2 100 2 100
0.005604724884033203 20 32 2 100 2 100
0.004646563529968261 20 32 2 100 2 100
0.004464170932769775 20 32 2 100 2 100
0.00574366569519043 20 32 2 100 2 100
0.005627505779266358 20 32 2 100 2 100
0.005682058334350586 20 32 2 100 2 100
0.005833723545074463 20 32 2 100 2 100
0.007546286582946777 20 32 2 200 2 100
0.007503232955932617 20 32 2 200 2 100
0.007579524517059327 20 32 2 200 2 100
0.007110536098480225 20 32 2 200 2 100
0.0079695725440979 20 32 2 200 2 100
0.00793417453765869 20 32 2 200 2 100
0.008089988231658936 20 32 2 200 2 100
0.008002376556396485 20 32 2 200 2 100
0.007852299213409424 20 32 2 200 2 100
0.007897186279296874 20 32 2 200 2 100
0.01415424108505249 20 32 2 500 2 100
0.014261457920074463 20 32 2 500 2 100
0.013544037342071533 20 32 2 500 2 100
0.013476424217224121 20 32 2 500 2 100
0.013059215545654297 20 32 2 500 2 100
0.013144993782043457 20 32 2 500 2 100
0.012956650257110595 20 32 2 500 2 100
0.013082637786865234 20 32 2 500 2 100
0.013248848915100097 20 32 2 500 2 100
0.013191039562225343 20 32 2 500 2 100
0.028868579864501955 20 32 2 1000 2 100
0.029589807987213133 20 32 2 1000 2 100
0.029488484859466552 20 32 2 1000 2 100
0.0295806884765625 20 32 2 1000 2 100
0.029377675056457518 20 32 2 1000 2 100
0.0294162917137146 20 32 2 1000 2 100
0.030287234783172606 20 32 2 1000 2 100
0.03002145290374756 20 32 2 1000 2 100
0.030075762271881103 20 32 2 1000 2 100
0.029915850162506103 20 32 2 1000 2 100
0.09181230306625367 20 32 2 2000 2 100
0.09139536380767822 20 32 2 2000 2 100
0.08856058597564698 20 32 2 2000 2 100
0.08970054388046264 20 32 2 2000 2 100
0.09084005117416381 20 32 2 2000 2 100
0.0912355875968933 20 32 2 2000 2 100
0.09380606174468994 20 32 2 2000 2 100
0.0939202880859375 20 32 2 2000 2 100
0.09075744390487671 20 32 2 2000 2 100
0.09077384948730469 20 32 2 2000 2 100
0.007066445350646973 20 32 3 100 2 100
0.007036550045013428 20 32 3 100 2 100
0.006482787132263183 20 32 3 100 2 100
0.005310571193695069 20 32 3 100 2 100
0.007573244571685791 20 32 3 100 2 100
0.007621533870697021 20 32 3 100 2 100
0.007724761962890625 20 32 3 100 2 100
0.007651040554046631 20 32 3 100 2 100
0.007140283584594727 20 32 3 100 2 100
0.00716723918914795 20 32 3 100 2 100
0.009498121738433838 20 32 3 200 2 100
0.00960188388824463 20 32 3 200 2 100
0.008716714382171632 20 32 3 200 2 100
0.008787822723388673 20 32 3 200 2 100
0.008589460849761962 20 32 3 200 2 100
0.009548721313476562 20 32 3 200 2 100
0.009248769283294678 20 32 3 200 2 100
0.009694314002990723 20 32 3 200 2 100
0.008420534133911133 20 32 3 200 2 100
0.007267696857452393 20 32 3 200 2 100
0.017105679512023925 20 32 3 500 2 100
0.016571345329284667 20 32 3 500 2 100
0.018362205028533935 20 32 3 500 2 100
0.018392980098724365 20 32 3 500 2 100
0.01686509132385254 20 32 3 500 2 100
0.017176597118377684 20 32 3 500 2 100
0.01854079246520996 20 32 3 500 2 100
0.018579049110412596 20 32 3 500 2 100
0.017314863204956055 20 32 3 500 2 100
0.017581567764282227 20 32 3 500 2 100
0.0409809947013855 20 32 3 1000 2 100
0.04056454658508301 20 32 3 1000 2 100
0.04011802911758423 20 32 3 1000 2 100
0.03985188007354736 20 32 3 1000 2 100
0.04021310091018677 20 32 3 1000 2 100
0.040662028789520265 20 32 3 1000 2 100
0.04098952531814575 20 32 3 1000 2 100
0.04129407167434693 20 32 3 1000 2 100
0.04164696455001831 20 32 3 1000 2 100
0.04183334827423096 20 32 3 1000 2 100
0.13220579147338868 20 32 3 2000 2 100
0.13201664209365846 20 32 3 2000 2 100
0.13103711366653442 20 32 3 2000 2 100
0.131233971118927 20 32 3 2000 2 100
0.13159882307052612 20 32 3 2000 2 100
0.13102441549301147 20 32 3 2000 2 100
0.13157038688659667 20 32 3 2000 2 100
0.13057278871536254 20 32 3 2000 2 100
0.1311557674407959 20 32 3 2000 2 100
0.1300356411933899 20 32 3 2000 2 100
0.007344205379486084 20 32 4 100 2 100
0.007394046783447266 20 32 4 100 2 100
0.007419447898864746 20 32 4 100 2 100
0.007357017993927002 20 32 4 100 2 100
0.007054014205932617 20 32 4 100 2 100
0.007061390876770019 20 32 4 100 2 100
0.008015816211700439 20 32 4 100 2 100
0.008218376636505128 20 32 4 100 2 100
0.008780736923217774 20 32 4 100 2 100
0.009489624500274659 20 32 4 100 2 100
0.012985141277313232 20 32 4 200 2 100
0.013407955169677735 20 32 4 200 2 100
0.010901679992675781 20 32 4 200 2 100
0.010753941535949708 20 32 4 200 2 100
0.011220817565917968 20 32 4 200 2 100
0.011862008571624756 20 32 4 200 2 100
0.012062177658081055 20 32 4 200 2 100
0.012161364555358887 20 32 4 200 2 100
0.013480362892150878 20 32 4 200 2 100
0.013453569412231445 20 32 4 200 2 100
0.020873353481292725 20 32 4 500 2 100
0.020769107341766357 20 32 4 500 2 100
0.020266125202178954 20 32 4 500 2 100
0.020644826889038084 20 32 4 500 2 100
0.020530619621276856 20 32 4 500 2 100
0.020633864402770995 20 32 4 500 2 100
0.01995654821395874 20 32 4 500 2 100
0.019957823753356932 20 32 4 500 2 100
0.02053150415420532 20 32 4 500 2 100
0.020646779537200927 20 32 4 500 2 100
0.05079222679138184 20 32 4 1000 2 100
0.050639874935150146 20 32 4 1000 2 100
0.05145331859588623 20 32 4 1000 2 100
0.051124026775360105 20 32 4 1000 2 100
0.051514036655426025 20 32 4 1000 2 100
0.051445960998535156 20 32 4 1000 2 100
0.051728880405426024 20 32 4 1000 2 100
0.05201580762863159 20 32 4 1000 2 100
0.05159315824508667 20 32 4 1000 2 100
0.05125999450683594 20 32 4 1000 2 100
0.17251959085464477 20 32 4 2000 2 100
0.17216915845870973 20 32 4 2000 2 100
0.17255544185638427 20 32 4 2000 2 100
0.1724945878982544 20 32 4 2000 2 100
0.1726348090171814 20 32 4 2000 2 100
0.17297664403915405 20 32 4 2000 2 100
0.1720760917663574 20 32 4 2000 2 100
0.17168004035949708 20 32 4 2000 2 100
0.17241350173950196 20 32 4 2000 2 100
0.17245657205581666 20 32 4 2000 2 100
0.003926312923431397 20 64 1 100 2 100
0.003885676860809326 20 64 1 100 2 100
0.0066194796562194826 20 64 1 100 2 100
0.006774284839630127 20 64 1 100 2 100
0.003889622688293457 20 64 1 100 2 100
0.003859982490539551 20 64 1 100 2 100
0.004928336143493652 20 64 1 100 2 100
0.004947276115417481 20 64 1 100 2 100
0.004838211536407471 20 64 1 100 2 100
0.0049552607536315916 20 64 1 100 2 100
0.005452544689178467 20 64 1 200 2 100
0.0054847002029418945 20 64 1 200 2 100
0.007163770198822021 20 64 1 200 2 100
0.007135164737701416 20 64 1 200 2 100
0.006906552314758301 20 64 1 200 2 100
0.006907200813293457 20 64 1 200 2 100
0.00681347131729126 20 64 1 200 2 100
0.006737964153289795 20 64 1 200 2 100
0.006552433967590332 20 64 1 200 2 100
0.006481094360351563 20 64 1 200 2 100
0.011452360153198242 20 64 1 500 2 100
0.011983084678649902 20 64 1 500 2 100
0.013614466190338135 20 64 1 500 2 100
0.013214330673217773 20 64 1 500 2 100
0.012502739429473877 20 64 1 500 2 100
0.012469441890716552 20 64 1 500 2 100
0.012031302452087403 20 64 1 500 2 100
0.012286601066589355 20 64 1 500 2 100
0.0119642972946167 20 64 1 500 2 100
0.012021048069000244 20 64 1 500 2 100
0.02961575746536255 20 64 1 1000 2 100
0.029732351303100587 20 64 1 1000 2 100
0.0300501012802124 20 64 1 1000 2 100
0.02994168519973755 20 64 1 1000 2 100
0.02945680618286133 20 64 1 1000 2 100
0.02959940433502197 20 64 1 1000 2 100
0.028887102603912352 20 64 1 1000 2 100
0.028537070751190184 20 64 1 1000 2 100
0.02963630199432373 20 64 1 1000 2 100
0.028879618644714354 20 64 1 1000 2 100
0.0835593843460083 20 64 1 2000 2 100
0.0836794400215149 20 64 1 2000 2 100
0.08448050737380981 20 64 1 2000 2 100
0.08352889776229859 20 64 1 2000 2 100
0.08218953132629395 20 64 1 2000 2 100
0.08161911725997925 20 64 1 2000 2 100
0.08324576616287231 20 64 1 2000 2 100
0.08366725921630859 20 64 1 2000 2 100
0.08224125146865845 20 64 1 2000 2 100
0.08165518045425416 20 64 1 2000 2 100
0.005793788433074951 20 64 2 100 2 100
0.0053258371353149415 20 64 2 100 2 100
0.00636183500289917 20 64 2 100 2 100
0.006372966766357422 20 64 2 100 2 100
0.006427922248840332 20 64 2 100 2 100
0.006583034992218018 20 64 2 100 2 100
0.005028316974639893 20 64 2 100 2 100
0.005184719562530518 20 64 2 100 2 100
0.007360916137695312 20 64 2 100 2 100
0.007526922225952149 20 64 2 100 2 100
0.006419079303741455 20 64 2 200 2 100
0.007381405830383301 20 64 2 200 2 100
0.00778240442276001 20 64 2 200 2 100
0.0075870704650878905 20 64 2 200 2 100
0.008970682621002197 20 64 2 200 2 100
0.008905413150787354 20 64 2 200 2 100
0.009750704765319824 20 64 2 200 2 100
0.009759197235107422 20 64 2 200 2 100
0.01006420612335205 20 64 2 200 2 100
0.009531276226043701 20 64 2 200 2 100
0.01744640588760376 20 64 2 500 2 100
0.016564185619354247 20 64 2 500 2 100
0.01776069641113281 20 64 2 500 2 100
0.017082290649414064 20 64 2 500 2 100
0.016940040588378905 20 64 2 500 2 100
0.016256606578826903 20 64 2 500 2 100
0.017492504119873048 20 64 2 500 2 100
0.017487516403198244 20 64 2 500 2 100
0.016270816326141357 20 64 2 500 2 100
0.016489496231079103 20 64 2 500 2 100
0.04746923923492432 20 64 2 1000 2 100
0.04739423036575317 20 64 2 1000 2 100
0.04507317781448364 20 64 2 1000 2 100
0.0447596001625061 20 64 2 1000 2 100
0.0467803955078125 20 64 2 1000 2 100
0.04654209852218628 20 64 2 1000 2 100
0.04737506866455078 20 64 2 1000 2 100
0.0471779990196228 20 64 2 1000 2 100
0.04662914991378784 20 64 2 1000 2 100
0.04678474187850952 20 64 2 1000 2 100
0.14799469470977783 20 64 2 2000 2 100
0.14759044885635375 20 64 2 2000 2 100
0.14925134181976318 20 64 2 2000 2 100
0.14851067781448365 20 64 2 2000 2 100
0.15151419162750243 20 64 2 2000 2 100
0.15182750940322876 20 64 2 2000 2 100
0.1508361005783081 20 64 2 2000 2 100
0.1504303979873657 20 64 2 2000 2 100
0.14963345289230345 20 64 2 2000 2 100
0.15050928831100463 20 64 2 2000 2 100
0.0072614169120788575 20 64 3 100 2 100
0.007250211238861084 20 64 3 100 2 100
0.009876699447631835 20 64 3 100 2 100
0.00975238561630249 20 64 3 100 2 100
0.006451084613800049 20 64 3 100 2 100
0.006406676769256592 20 64 3 100 2 100
0.00800886869430542 20 64 3 100 2 100
0.007948346138000488 20 64 3 100 2 100
0.007243883609771728 20 64 3 100 2 100
0.008302326202392579 20 64 3 100 2 100
0.01090024471282959 20 64 3 200 2 100
0.01077265739440918 20 64 3 200 2 100
0.011812994480133057 20 64 3 200 2 100
0.011838078498840332 20 64 3 200 2 100
0.010549862384796143 20 64 3 200 2 100
0.010592546463012695 20 64 3 200 2 100
0.011953434944152831 20 64 3 200 2 100
0.011981885433197021 20 64 3 200 2 100
0.010783236026763916 20 64 3 200 2 100
0.010723345279693604 20 64 3 200 2 100
0.02176374673843384 20 64 3 500 2 100
0.021792612075805663 20 64 3 500 2 100
0.02245246887207031 20 64 3 500 2 100
0.022413039207458497 20 64 3 500 2 100
0.023264293670654298 20 64 3 500 2 100
0.023087964057922364 20 64 3 500 2 100
0.02151238441467285 20 64 3 500 2 100
0.02120277166366577 20 64 3 500 2 100
0.02280226469039917 20 64 3 500 2 100
0.02258500337600708 20 64 3 500 2 100
0.06492096662521363 20 64 3 1000 2 100
0.06490697860717773 20 64 3 1000 2 100
0.06789713859558105 20 64 3 1000 2 100
0.06776899099349976 20 64 3 1000 2 100
0.06520660161972046 20 64 3 1000 2 100
0.06518691778182983 20 64 3 1000 2 100
0.06478302955627441 20 64 3 1000 2 100
0.06337532043457031 20 64 3 1000 2 100
0.06481598854064942 20 64 3 1000 2 100
0.06386305570602417 20 64 3 1000 2 100
0.21739762544631958 20 64 3 2000 2 100
0.21860676050186156 20 64 3 2000 2 100
0.2195299172401428 20 64 3 2000 2 100
0.22056353569030762 20 64 3 2000 2 100
0.22050321817398072 20 64 3 2000 2 100
0.22093433380126953 20 64 3 2000 2 100
0.2215278172492981 20 64 3 2000 2 100
0.2210120940208435 20 64 3 2000 2 100
0.2208194637298584 20 64 3 2000 2 100
0.22081846952438355 20 64 3 2000 2 100
0.007847013473510743 20 64 4 100 2 100
0.007773809432983399 20 64 4 100 2 100
0.008316214084625245 20 64 4 100 2 100
0.007854583263397217 20 64 4 100 2 100
0.007683413028717041 20 64 4 100 2 100
0.007699408531188965 20 64 4 100 2 100
0.007727131843566894 20 64 4 100 2 100
0.0087481689453125 20 64 4 100 2 100
0.0071382784843444826 20 64 4 100 2 100
0.008148500919342041 20 64 4 100 2 100
0.013324992656707764 20 64 4 200 2 100
0.013457775115966797 20 64 4 200 2 100
0.012856221199035645 20 64 4 200 2 100
0.012879600524902344 20 64 4 200 2 100
0.011615149974822998 20 64 4 200 2 100
0.011339433193206787 20 64 4 200 2 100
0.013364226818084716 20 64 4 200 2 100
0.013671274185180665 20 64 4 200 2 100
0.01324385404586792 20 64 4 200 2 100
0.013090624809265136 20 64 4 200 2 100
0.02716855764389038 20 64 4 500 2 100
0.027548706531524657 20 64 4 500 2 100
0.02945871353149414 20 64 4 500 2 100
0.02921029567718506 20 64 4 500 2 100
0.026705200672149657 20 64 4 500 2 100
0.026740376949310304 20 64 4 500 2 100
0.02729520797729492 20 64 4 500 2 100
0.02786041736602783 20 64 4 500 2 100
0.028615636825561522 20 64 4 500 2 100
0.028718957901000975 20 64 4 500 2 100
0.08377447843551636 20 64 4 1000 2 100
0.08362290382385254 20 64 4 1000 2 100
0.08387982130050659 20 64 4 1000 2 100
0.0833580207824707 20 64 4 1000 2 100
0.08242414236068725 20 64 4 1000 2 100
0.08245972156524659 20 64 4 1000 2 100
0.08164297580718995 20 64 4 1000 2 100
0.08268342018127442 20 64 4 1000 2 100
0.08577073097229004 20 64 4 1000 2 100
0.0853511619567871 20 64 4 1000 2 100
0.2915546917915344 20 64 4 2000 2 100
0.29207772970199586 20 64 4 2000 2 100
0.2958270001411438 20 64 4 2000 2 100
0.29470752000808714 20 64 4 2000 2 100
0.2935767531394958 20 64 4 2000 2 100
0.29354007959365847 20 64 4 2000 2 100
0.2910281038284302 20 64 4 2000 2 100
0.2914109754562378 20 64 4 2000 2 100
0.2903741478919983 20 64 4 2000 2 100
0.2898914337158203 20 64 4 2000 2 100
0.005889701843261719 20 128 1 100 2 100
0.005785632133483887 20 128 1 100 2 100
0.0068768906593322755 20 128 1 100 2 100
0.006885342597961426 20 128 1 100 2 100
0.005758764743804931 20 128 1 100 2 100
0.005649998188018799 20 128 1 100 2 100
0.005439713001251221 20 128 1 100 2 100
0.0052901792526245115 20 128 1 100 2 100
0.004679627418518066 20 128 1 100 2 100
0.005017151832580566 20 128 1 100 2 100
0.006440670490264893 20 128 1 200 2 100
0.007066848278045654 20 128 1 200 2 100
0.007427968978881836 20 128 1 200 2 100
0.007665174007415771 20 128 1 200 2 100
0.00810020685195923 20 128 1 200 2 100
0.007726962566375732 20 128 1 200 2 100
0.00811600923538208 20 128 1 200 2 100
0.008193025588989258 20 128 1 200 2 100
0.00815577507019043 20 128 1 200 2 100
0.008143858909606934 20 128 1 200 2 100
0.0163631272315979 20 128 1 500 2 100
0.016937077045440674 20 128 1 500 2 100
0.018338899612426757 20 128 1 500 2 100
0.018210973739624024 20 128 1 500 2 100
0.017771289348602295 20 128 1 500 2 100
0.01759671688079834 20 128 1 500 2 100
0.018095169067382812 20 128 1 500 2 100
0.018132705688476563 20 128 1 500 2 100
0.018236298561096192 20 128 1 500 2 100
0.017747666835784912 20 128 1 500 2 100
0.05099066495895386 20 128 1 1000 2 100
0.052023837566375734 20 128 1 1000 2 100
0.049237010478973386 20 128 1 1000 2 100
0.04807293891906738 20 128 1 1000 2 100
0.04992325782775879 20 128 1 1000 2 100
0.04898494482040405 20 128 1 1000 2 100
0.050459959506988526 20 128 1 1000 2 100
0.05047690629959106 20 128 1 1000 2 100
0.049823377132415775 20 128 1 1000 2 100
0.05002354621887207 20 128 1 1000 2 100
0.14765182495117188 20 128 1 2000 2 100
0.14829273462295534 20 128 1 2000 2 100
0.146105318069458 20 128 1 2000 2 100
0.14582289934158324 20 128 1 2000 2 100
0.14589981794357298 20 128 1 2000 2 100
0.14571297883987427 20 128 1 2000 2 100
0.1441309905052185 20 128 1 2000 2 100
0.14505883932113647 20 128 1 2000 2 100
0.14609808206558228 20 128 1 2000 2 100
0.14652459383010863 20 128 1 2000 2 100
0.007042150497436523 20 128 2 100 2 100
0.007032468318939209 20 128 2 100 2 100
0.007205514907836914 20 128 2 100 2 100
0.0072662258148193356 20 128 2 100 2 100
0.006227140426635742 20 128 2 100 2 100
0.0065492534637451175 20 128 2 100 2 100
0.0072615456581115725 20 128 2 100 2 100
0.006985800266265869 20 128 2 100 2 100
0.00702164888381958 20 128 2 100 2 100
0.007048051357269287 20 128 2 100 2 100
0.01090040922164917 20 128 2 200 2 100
0.01137751817703247 20 128 2 200 2 100
0.012540650367736817 20 128 2 200 2 100
0.01243265151977539 20 128 2 200 2 100
0.010518331527709961 20 128 2 200 2 100
0.011774578094482423 20 128 2 200 2 100
0.01175095796585083 20 128 2 200 2 100
0.011392295360565186 20 128 2 200 2 100
0.010601637363433837 20 128 2 200 2 100
0.010002925395965576 20 128 2 200 2 100
0.02504450798034668 20 128 2 500 2 100
0.02598243474960327 20 128 2 500 2 100
0.026159679889678954 20 128 2 500 2 100
0.025521931648254396 20 128 2 500 2 100
0.026051974296569823 20 128 2 500 2 100
0.026397542953491213 20 128 2 500 2 100
0.027530484199523926 20 128 2 500 2 100
0.026255042552948 20 128 2 500 2 100
0.02788386821746826 20 128 2 500 2 100
0.028056070804595948 20 128 2 500 2 100
0.08199414014816284 20 128 2 1000 2 100
0.0823790955543518 20 128 2 1000 2 100
0.08191741704940796 20 128 2 1000 2 100
0.08128690958023072 20 128 2 1000 2 100
0.08254426956176758 20 128 2 1000 2 100
0.08334073066711425 20 128 2 1000 2 100
0.08122839927673339 20 128 2 1000 2 100
0.08268029689788818 20 128 2 1000 2 100
0.08172765254974365 20 128 2 1000 2 100
0.08262470960617066 20 128 2 1000 2 100
0.2715515947341919 20 128 2 2000 2 100
0.27394033908843995 20 128 2 2000 2 100
0.2726426100730896 20 128 2 2000 2 100
0.2737602233886719 20 128 2 2000 2 100
0.2727413558959961 20 128 2 2000 2 100
0.2734447121620178 20 128 2 2000 2 100
0.27353644847869873 20 128 2 2000 2 100
0.27353193521499636 20 128 2 2000 2 100
0.2777887272834778 20 128 2 2000 2 100
0.27807265520095825 20 128 2 2000 2 100
0.009229607582092285 20 128 3 100 2 100
0.009097919464111329 20 128 3 100 2 100
0.008374474048614501 20 128 3 100 2 100
0.008385589122772217 20 128 3 100 2 100
0.00783733606338501 20 128 3 100 2 100
0.006726300716400147 20 128 3 100 2 100
0.00885169267654419 20 128 3 100 2 100
0.008501510620117187 20 128 3 100 2 100
0.0068591594696044925 20 128 3 100 2 100
0.006930873394012451 20 128 3 100 2 100
0.013671667575836181 20 128 3 200 2 100
0.013749415874481202 20 128 3 200 2 100
0.013131685256958008 20 128 3 200 2 100
0.013927643299102782 20 128 3 200 2 100
0.013513658046722412 20 128 3 200 2 100
0.013574187755584716 20 128 3 200 2 100
0.013034672737121581 20 128 3 200 2 100
0.012821223735809326 20 128 3 200 2 100
0.013398621082305908 20 128 3 200 2 100
0.013523402214050293 20 128 3 200 2 100
0.03631420373916626 20 128 3 500 2 100
0.0356899905204773 20 128 3 500 2 100
0.03723386287689209 20 128 3 500 2 100
0.03741636514663696 20 128 3 500 2 100
0.036366684436798094 20 128 3 500 2 100
0.03594401836395264 20 128 3 500 2 100
0.03560262441635132 20 128 3 500 2 100
0.035957944393157956 20 128 3 500 2 100
0.03654663324356079 20 128 3 500 2 100
0.03537523508071899 20 128 3 500 2 100
0.11506340503692628 20 128 3 1000 2 100
0.11505582094192505 20 128 3 1000 2 100
0.11626491069793701 20 128 3 1000 2 100
0.115792236328125 20 128 3 1000 2 100
0.1140805172920227 20 128 3 1000 2 100
0.1152214241027832 20 128 3 1000 2 100
0.11602961778640747 20 128 3 1000 2 100
0.11615687370300293 20 128 3 1000 2 100
0.11576715946197509 20 128 3 1000 2 100
0.11530745983123779 20 128 3 1000 2 100
0.4048932933807373 20 128 3 2000 2 100
0.4027407765388489 20 128 3 2000 2 100
0.40289194583892823 20 128 3 2000 2 100
0.4031268858909607 20 128 3 2000 2 100
0.406738224029541 20 128 3 2000 2 100
0.40692269563674927 20 128 3 2000 2 100
0.4037251567840576 20 128 3 2000 2 100
0.4027762055397034 20 128 3 2000 2 100
0.408275260925293 20 128 3 2000 2 100
0.4086410641670227 20 128 3 2000 2 100
0.00883126974105835 20 128 4 100 2 100
0.008678135871887207 20 128 4 100 2 100
0.01138817548751831 20 128 4 100 2 100
0.011540489196777344 20 128 4 100 2 100
0.011301817893981934 20 128 4 100 2 100
0.011377654075622558 20 128 4 100 2 100
0.011011848449707031 20 128 4 100 2 100
0.010863521099090577 20 128 4 100 2 100
0.009940569400787353 20 128 4 100 2 100
0.01088421106338501 20 128 4 100 2 100
0.01585236072540283 20 128 4 200 2 100
0.015455250740051269 20 128 4 200 2 100
0.01615747928619385 20 128 4 200 2 100
0.015954287052154542 20 128 4 200 2 100
0.015550034046173096 20 128 4 200 2 100
0.015425121784210205 20 128 4 200 2 100
0.01528693437576294 20 128 4 200 2 100
0.014909822940826416 20 128 4 200 2 100
0.015076553821563721 20 128 4 200 2 100
0.015543601512908935 20 128 4 200 2 100
0.04589052438735962 20 128 4 500 2 100
0.04596414804458618 20 128 4 500 2 100
0.04624861478805542 20 128 4 500 2 100
0.04614892482757568 20 128 4 500 2 100
0.046338207721710205 20 128 4 500 2 100
0.046544930934906005 20 128 4 500 2 100
0.04719005107879639 20 128 4 500 2 100
0.047093851566314696 20 128 4 500 2 100
0.04661091804504394 20 128 4 500 2 100
0.046130003929138186 20 128 4 500 2 100
0.15195554733276367 20 128 4 1000 2 100
0.15147114515304566 20 128 4 1000 2 100
0.15093494415283204 20 128 4 1000 2 100
0.15114104747772217 20 128 4 1000 2 100
0.15090649843215942 20 128 4 1000 2 100
0.15020326852798463 20 128 4 1000 2 100
0.1502186894416809 20 128 4 1000 2 100
0.15049001693725586 20 128 4 1000 2 100
0.14968076467514038 20 128 4 1000 2 100
0.14991854667663573 20 128 4 1000 2 100
0.5413529801368714 20 128 4 2000 2 100
0.5416325736045837 20 128 4 2000 2 100
0.5391670513153076 20 128 4 2000 2 100
0.5392639541625976 20 128 4 2000 2 100
0.542596116065979 20 128 4 2000 2 100
0.5426079201698303 20 128 4 2000 2 100
0.5375083994865417 20 128 4 2000 2 100
0.5399942564964294 20 128 4 2000 2 100
0.5401056456565857 20 128 4 2000 2 100
0.5396797752380371 20 128 4 2000 2 100
0.007785971164703369 50 16 1 100 2 100
0.007846326828002929 50 16 1 100 2 100
0.0061031198501586914 50 16 1 100 2 100
0.007180805206298828 50 16 1 100 2 100
0.008333020210266114 50 16 1 100 2 100
0.008307743072509765 50 16 1 100 2 100
0.006836488246917725 50 16 1 100 2 100
0.007369029521942139 50 16 1 100 2 100
0.007515919208526611 50 16 1 100 2 100
0.007594687938690186 50 16 1 100 2 100
0.011263227462768555 50 16 1 200 2 100
0.011170780658721924 50 16 1 200 2 100
0.009605913162231446 50 16 1 200 2 100
0.009509093761444092 50 16 1 200 2 100
0.009182994365692138 50 16 1 200 2 100
0.009293656349182128 50 16 1 200 2 100
0.009393949508666993 50 16 1 200 2 100
0.009362406730651855 50 16 1 200 2 100
0.010237226486206055 50 16 1 200 2 100
0.010120608806610108 50 16 1 200 2 100
0.01772702693939209 50 16 1 500 2 100
0.01842944383621216 50 16 1 500 2 100
0.01912891149520874 50 16 1 500 2 100
0.01900024652481079 50 16 1 500 2 100
0.017496237754821776 50 16 1 500 2 100
0.018123939037322997 50 16 1 500 2 100
0.018085672855377197 50 16 1 500 2 100
0.017220942974090575 50 16 1 500 2 100
0.016675574779510496 50 16 1 500 2 100
0.015502290725708008 50 16 1 500 2 100
0.03756763219833374 50 16 1 1000 2 100
0.03752189874649048 50 16 1 1000 2 100
0.037355628013610837 50 16 1 1000 2 100
0.03786791563034057 50 16 1 1000 2 100
0.03689281702041626 50 16 1 1000 2 100
0.03677129507064819 50 16 1 1000 2 100
0.03724623918533325 50 16 1 1000 2 100
0.03729365825653076 50 16 1 1000 2 100
0.03771691083908081 50 16 1 1000 2 100
0.0378089714050293 50 16 1 1000 2 100
0.12667802810668946 50 16 1 2000 2 100
0.127290301322937 50 16 1 2000 2 100
0.1278897190093994 50 16 1 2000 2 100
0.1281735110282898 50 16 1 2000 2 100
0.12762275218963623 50 16 1 2000 2 100
0.1273224711418152 50 16 1 2000 2 100
0.12671767950057983 50 16 1 2000 2 100
0.1270884394645691 50 16 1 2000 2 100
0.12692888498306273 50 16 1 2000 2 100
0.12664029359817505 50 16 1 2000 2 100
0.010562336444854737 50 16 2 100 2 100
0.010626444816589356 50 16 2 100 2 100
0.009816210269927978 50 16 2 100 2 100
0.009937417507171632 50 16 2 100 2 100
0.012922911643981934 50 16 2 100 2 100
0.012636406421661377 50 16 2 100 2 100
0.010957579612731933 50 16 2 100 2 100
0.010937652587890624 50 16 2 100 2 100
0.009203078746795655 50 16 2 100 2 100
0.009444975852966308 50 16 2 100 2 100
0.012609634399414062 50 16 2 200 2 100
0.012752788066864014 50 16 2 200 2 100
0.014337971210479736 50 16 2 200 2 100
0.014278531074523926 50 16 2 200 2 100
0.013452565670013428 50 16 2 200 2 100
0.01334153175354004 50 16 2 200 2 100
0.012869901657104492 50 16 2 200 2 100
0.012815859317779541 50 16 2 200 2 100
0.012978832721710205 50 16 2 200 2 100
0.012851164340972901 50 16 2 200 2 100
0.026129472255706786 50 16 2 500 2 100
0.026020889282226563 50 16 2 500 2 100
0.025637946128845214 50 16 2 500 2 100
0.025742919445037843 50 16 2 500 2 100
0.026181063652038573 50 16 2 500 2 100
0.026087231636047363 50 16 2 500 2 100
0.024748737812042235 50 16 2 500 2 100
0.02510575294494629 50 16 2 500 2 100
0.0263649845123291 50 16 2 500 2 100
0.026073520183563233 50 16 2 500 2 100
0.06127439975738525 50 16 2 1000 2 100
0.06097325563430786 50 16 2 1000 2 100
0.06012948036193848 50 16 2 1000 2 100
0.05971980094909668 50 16 2 1000 2 100
0.060422313213348386 50 16 2 1000 2 100
0.06043803930282593 50 16 2 1000 2 100
0.05978662252426147 50 16 2 1000 2 100
0.06019415140151978 50 16 2 1000 2 100
0.05958532810211182 50 16 2 1000 2 100
0.059980905055999754 50 16 2 1000 2 100
0.26826820611953733 50 16 2 2000 2 100
0.2683904671669006 50 16 2 2000 2 100
0.270186812877655 50 16 2 2000 2 100
0.2704367399215698 50 16 2 2000 2 100
0.27027201175689697 50 16 2 2000 2 100
0.26993865728378297 50 16 2 2000 2 100
0.26907087087631226 50 16 2 2000 2 100
0.26895604372024534 50 16 2 2000 2 100
0.2702293348312378 50 16 2 2000 2 100
0.2715930414199829 50 16 2 2000 2 100
0.013635988235473634 50 16 3 100 2 100
0.013436825275421142 50 16 3 100 2 100
0.012897794246673583 50 16 3 100 2 100
0.013004674911499023 50 16 3 100 2 100
0.012371752262115478 50 16 3 100 2 100
0.012625277042388916 50 16 3 100 2 100
0.014072210788726806 50 16 3 100 2 100
0.012922987937927247 50 16 3 100 2 100
0.013117668628692626 50 16 3 100 2 100
0.013111176490783692 50 16 3 100 2 100
0.016426942348480224 50 16 3 200 2 100
0.016513473987579345 50 16 3 200 2 100
0.016537599563598633 50 16 3 200 2 100
0.016641051769256593 50 16 3 200 2 100
0.015863749980926514 50 16 3 200 2 100
0.015684187412261963 50 16 3 200 2 100
0.01670937776565552 50 16 3 200 2 100
0.017178151607513428 50 16 3 200 2 100
0.016549646854400635 50 16 3 200 2 100
0.016689965724945067 50 16 3 200 2 100
0.0324360728263855 50 16 3 500 2 100
0.032616541385650635 50 16 3 500 2 100
0.033130555152893065 50 16 3 500 2 100
0.033152453899383545 50 16 3 500 2 100
0.031532821655273435 50 16 3 500 2 100
0.03139676809310913 50 16 3 500 2 100
0.030535986423492433 50 16 3 500 2 100
0.031166934967041017 50 16 3 500 2 100
0.03204548358917236 50 16 3 500 2 100
0.032101147174835205 50 16 3 500 2 100
0.0915137767791748 50 16 3 1000 2 100
0.091343994140625 50 16 3 1000 2 100
0.09132061719894409 50 16 3 1000 2 100
0.09111288070678711 50 16 3 1000 2 100
0.09036606788635254 50 16 3 1000 2 100
0.09077892780303955 50 16 3 1000 2 100
0.09068675518035889 50 16 3 1000 2 100
0.09053423643112182 50 16 3 1000 2 100
0.09000081777572631 50 16 3 1000 2 100
0.09146961212158203 50 16 3 1000 2 100
0.4206971263885498 50 16 3 2000 2 100
0.41850356101989744 50 16 3 2000 2 100
0.41987707853317263 50 16 3 2000 2 100
0.41775386333465575 50 16 3 2000 2 100
0.4239382028579712 50 16 3 2000 2 100
0.4236713147163391 50 16 3 2000 2 100
0.42145686388015746 50 16 3 2000 2 100
0.42102707624435426 50 16 3 2000 2 100
0.4226488018035889 50 16 3 2000 2 100
0.4224901533126831 50 16 3 2000 2 100
0.01621402978897095 50 16 4 100 2 100
0.016164870262145997 50 16 4 100 2 100
0.015709295272827148 50 16 4 100 2 100
0.01573833465576172 50 16 4 100 2 100
0.015607168674468994 50 16 4 100 2 100
0.015551667213439941 50 16 4 100 2 100
0.01508392095565796 50 16 4 100 2 100
0.01524444341659546 50 16 4 100 2 100
0.016207365989685057 50 16 4 100 2 100
0.016223278045654297 50 16 4 100 2 100
0.020221660137176512 50 16 4 200 2 100
0.020102853775024413 50 16 4 200 2 100
0.021051347255706787 50 16 4 200 2 100
0.021046419143676758 50 16 4 200 2 100
0.02101147413253784 50 16 4 200 2 100
0.020305061340332033 50 16 4 200 2 100
0.021275289058685302 50 16 4 200 2 100
0.021201837062835693 50 16 4 200 2 100
0.02169724941253662 50 16 4 200 2 100
0.02177239179611206 50 16 4 200 2 100
0.03919440507888794 50 16 4 500 2 100
0.03956776618957519 50 16 4 500 2 100
0.03963280916213989 50 16 4 500 2 100
0.03952122926712036 50 16 4 500 2 100
0.039914727210998535 50 16 4 500 2 100
0.040086369514465335 50 16 4 500 2 100
0.03972371339797973 50 16 4 500 2 100
0.03981061697006225 50 16 4 500 2 100
0.03984426259994507 50 16 4 500 2 100
0.03982643604278564 50 16 4 500 2 100
0.12711100101470948 50 16 4 1000 2 100
0.1275907564163208 50 16 4 1000 2 100
0.12695581912994386 50 16 4 1000 2 100
0.12696179389953613 50 16 4 1000 2 100
0.12683106899261476 50 16 4 1000 2 100
0.12674630641937257 50 16 4 1000 2 100
0.12660621643066405 50 16 4 1000 2 100
0.12701708793640137 50 16 4 1000 2 100
0.12745126724243164 50 16 4 1000 2 100
0.12664791822433472 50 16 4 1000 2 100
0.5622951626777649 50 16 4 2000 2 100
0.562230155467987 50 16 4 2000 2 100
0.5638425278663636 50 16 4 2000 2 100
0.5643964004516602 50 16 4 2000 2 100
0.5615177512168884 50 16 4 2000 2 100
0.5616383504867554 50 16 4 2000 2 100
0.5615945982933045 50 16 4 2000 2 100
0.5636606121063232 50 16 4 2000 2 100
0.5637080240249633 50 16 4 2000 2 100
0.565691328048706 50 16 4 2000 2 100
0.007407143115997315 50 32 1 100 2 100
0.007441091537475586 50 32 1 100 2 100
0.007665340900421143 50 32 1 100 2 100
0.00646470308303833 50 32 1 100 2 100
0.007575771808624268 50 32 1 100 2 100
0.007775356769561767 50 32 1 100 2 100
0.008026599884033203 50 32 1 100 2 100
0.008005492687225342 50 32 1 100 2 100
0.008895368576049804 50 32 1 100 2 100
0.008818247318267823 50 32 1 100 2 100
0.01067171335220337 50 32 1 200 2 100
0.010822341442108155 50 32 1 200 2 100
0.01307288408279419 50 32 1 200 2 100
0.012917804718017577 50 32 1 200 2 100
0.011488893032073975 50 32 1 200 2 100
0.011425788402557374 50 32 1 200 2 100
0.0115201735496521 50 32 1 200 2 100
0.010739848613739014 50 32 1 200 2 100
0.010052754878997802 50 32 1 200 2 100
0.010154719352722169 50 32 1 200 2 100
0.019948339462280272 50 32 1 500 2 100
0.018958277702331543 50 32 1 500 2 100
0.020051333904266357 50 32 1 500 2 100
0.02012638807296753 50 32 1 500 2 100
0.020494868755340578 50 32 1 500 2 100
0.020603272914886474 50 32 1 500 2 100
0.020392115116119384 50 32 1 500 2 100
0.02000542402267456 50 32 1 500 2 100
0.02010890007019043 50 32 1 500 2 100
0.01991055965423584 50 32 1 500 2 100
0.03884798526763916 50 32 1 1000 2 100
0.03927845239639282 50 32 1 1000 2 100
0.03965158462524414 50 32 1 1000 2 100
0.038749754428863525 50 32 1 1000 2 100
0.0401068902015686 50 32 1 1000 2 100
0.03944561004638672 50 32 1 1000 2 100
0.03706401824951172 50 32 1 1000 2 100
0.03776319980621338 50 32 1 1000 2 100
0.03946218729019165 50 32 1 1000 2 100
0.03843085765838623 50 32 1 1000 2 100
0.1065902328491211 50 32 1 2000 2 100
0.10481308221817016 50 32 1 2000 2 100
0.10959737062454224 50 32 1 2000 2 100
0.10956879615783692 50 32 1 2000 2 100
0.11099002838134765 50 32 1 2000 2 100
0.1107298731803894 50 32 1 2000 2 100
0.10844944953918458 50 32 1 2000 2 100
0.10863674640655517 50 32 1 2000 2 100
0.10926530122756958 50 32 1 2000 2 100
0.1087748646736145 50 32 1 2000 2 100
0.010787150859832763 50 32 2 100 2 100
0.010870904922485351 50 32 2 100 2 100
0.011656506061553955 50 32 2 100 2 100
0.01172335147857666 50 32 2 100 2 100
0.012357831001281738 50 32 2 100 2 100
0.01183797836303711 50 32 2 100 2 100
0.01081371784210205 50 32 2 100 2 100
0.011624934673309327 50 32 2 100 2 100
0.010846498012542725 50 32 2 100 2 100
0.010810809135437012 50 32 2 100 2 100
0.014061973094940186 50 32 2 200 2 100
0.012848355770111085 50 32 2 200 2 100
0.013613655567169189 50 32 2 200 2 100
0.014777297973632813 50 32 2 200 2 100
0.014816083908081056 50 32 2 200 2 100
0.01492893934249878 50 32 2 200 2 100
0.014375836849212646 50 32 2 200 2 100
0.0142551589012146 50 32 2 200 2 100
0.015376801490783692 50 32 2 200 2 100
0.014998784065246582 50 32 2 200 2 100
0.027930045127868654 50 32 2 500 2 100
0.028354291915893556 50 32 2 500 2 100
0.029597647190093994 50 32 2 500 2 100
0.02932520627975464 50 32 2 500 2 100
0.028590784072875977 50 32 2 500 2 100
0.028462369441986084 50 32 2 500 2 100
0.0271345853805542 50 32 2 500 2 100
0.026947689056396485 50 32 2 500 2 100
0.027582063674926757 50 32 2 500 2 100
0.028094215393066405 50 32 2 500 2 100
0.06292084455490113 50 32 2 1000 2 100
0.06251946926116943 50 32 2 1000 2 100
0.06269022941589356 50 32 2 1000 2 100
0.06349754095077514 50 32 2 1000 2 100
0.062341561317443846 50 32 2 1000 2 100
0.06236832857131958 50 32 2 1000 2 100
0.06128062963485718 50 32 2 1000 2 100
0.06200485229492188 50 32 2 1000 2 100
0.0635077714920044 50 32 2 1000 2 100
0.06314358949661254 50 32 2 1000 2 100
0.19188886880874634 50 32 2 2000 2 100
0.19084978342056275 50 32 2 2000 2 100
0.19128191709518433 50 32 2 2000 2 100
0.1921308994293213 50 32 2 2000 2 100
0.19161057472229004 50 32 2 2000 2 100
0.1915864086151123 50 32 2 2000 2 100
0.1914038372039795 50 32 2 2000 2 100
0.19226690530776977 50 32 2 2000 2 100
0.19171823024749757 50 32 2 2000 2 100
0.19205992221832274 50 32 2 2000 2 100
0.014160981178283691 50 32 3 100 2 100
0.01431983470916748 50 32 3 100 2 100
0.014849247932434083 50 32 3 100 2 100
0.01489821195602417 50 32 3 100 2 100
0.013642985820770264 50 32 3 100 2 100
0.013840711116790772 50 32 3 100 2 100
0.01412839412689209 50 32 3 100 2 100
0.01486560344696045 50 32 3 100 2 100
0.013504998683929443 50 32 3 100 2 100
0.012059102058410645 50 32 3 100 2 100
0.019174487590789796 50 32 3 200 2 100
0.019315829277038576 50 32 3 200 2 100
0.018550710678100588 50 32 3 200 2 100
0.017219631671905516 50 32 3 200 2 100
0.01846996307373047 50 32 3 200 2 100
0.018508241176605225 50 32 3 200 2 100
0.016949529647827147 50 32 3 200 2 100
0.016913752555847168 50 32 3 200 2 100
0.017966187000274657 50 32 3 200 2 100
0.01778759717941284 50 32 3 200 2 100
0.033119549751281736 50 32 3 500 2 100
0.03332223176956177 50 32 3 500 2 100
0.03068013668060303 50 32 3 500 2 100
0.03077735662460327 50 32 3 500 2 100
0.03372256755828858 50 32 3 500 2 100
0.033513236045837405 50 32 3 500 2 100
0.03137896537780762 50 32 3 500 2 100
0.03157186508178711 50 32 3 500 2 100
0.03373210430145264 50 32 3 500 2 100
0.03389936208724976 50 32 3 500 2 100
0.08359206438064576 50 32 3 1000 2 100
0.08354615926742553 50 32 3 1000 2 100
0.08358864784240723 50 32 3 1000 2 100
0.08323641300201416 50 32 3 1000 2 100
0.08393762588500976 50 32 3 1000 2 100
0.08294279098510743 50 32 3 1000 2 100
0.08391194105148315 50 32 3 1000 2 100
0.08341207981109619 50 32 3 1000 2 100
0.08393649578094482 50 32 3 1000 2 100
0.08418156385421753 50 32 3 1000 2 100
0.28523572683334353 50 32 3 2000 2 100
0.2851544427871704 50 32 3 2000 2 100
0.28295025825500486 50 32 3 2000 2 100
0.2832049870491028 50 32 3 2000 2 100
0.2829964566230774 50 32 3 2000 2 100
0.2818036103248596 50 32 3 2000 2 100
0.28384774923324585 50 32 3 2000 2 100
0.28341362476348875 50 32 3 2000 2 100
0.28621353149414064 50 32 3 2000 2 100
0.2855828356742859 50 32 3 2000 2 100
0.015948972702026366 50 32 4 100 2 100
0.01593757152557373 50 32 4 100 2 100
0.016426773071289064 50 32 4 100 2 100
0.016302378177642823 50 32 4 100 2 100
0.017915751934051514 50 32 4 100 2 100
0.01766958475112915 50 32 4 100 2 100
0.01738407850265503 50 32 4 100 2 100
0.01709461450576782 50 32 4 100 2 100
0.015274741649627686 50 32 4 100 2 100
0.016344714164733886 50 32 4 100 2 100
0.022966115474700927 50 32 4 200 2 100
0.023070454597473145 50 32 4 200 2 100
0.022047514915466308 50 32 4 200 2 100
0.021877052783966063 50 32 4 200 2 100
0.02149404525756836 50 32 4 200 2 100
0.01962974786758423 50 32 4 200 2 100
0.02336146116256714 50 32 4 200 2 100
0.023394269943237303 50 32 4 200 2 100
0.02091859817504883 50 32 4 200 2 100
0.02099301099777222 50 32 4 200 2 100
0.03960315704345703 50 32 4 500 2 100
0.03975642442703247 50 32 4 500 2 100
0.03952966451644897 50 32 4 500 2 100
0.04034877061843872 50 32 4 500 2 100
0.038959531784057616 50 32 4 500 2 100
0.03917151927947998 50 32 4 500 2 100
0.039868171215057376 50 32 4 500 2 100
0.03978872299194336 50 32 4 500 2 100
0.03921758651733399 50 32 4 500 2 100
0.040546841621398926 50 32 4 500 2 100
0.1062881088256836 50 32 4 1000 2 100
0.1067444634437561 50 32 4 1000 2 100
0.1058450436592102 50 32 4 1000 2 100
0.10606210708618163 50 32 4 1000 2 100
0.10883639335632324 50 32 4 1000 2 100
0.10853049039840698 50 32 4 1000 2 100
0.10549790620803833 50 32 4 1000 2 100
0.10627851724624633 50 32 4 1000 2 100
0.1064421534538269 50 32 4 1000 2 100
0.1066469669342041 50 32 4 1000 2 100
0.3738008761405945 50 32 4 2000 2 100
0.373366072177887 50 32 4 2000 2 100
0.37303915977478025 50 32 4 2000 2 100
0.3722461199760437 50 32 4 2000 2 100
0.37355013847351076 50 32 4 2000 2 100
0.3718364214897156 50 32 4 2000 2 100
0.37443450689315794 50 32 4 2000 2 100
0.37453508138656616 50 32 4 2000 2 100
0.37185375452041625 50 32 4 2000 2 100
0.37262127637863157 50 32 4 2000 2 100
0.007996487617492675 50 64 1 100 2 100
0.008039333820343018 50 64 1 100 2 100
0.0079243803024292 50 64 1 100 2 100
0.007992322444915772 50 64 1 100 2 100
0.009770991802215577 50 64 1 100 2 100
0.00967810869216919 50 64 1 100 2 100
0.008563685417175292 50 64 1 100 2 100
0.008617265224456787 50 64 1 100 2 100
0.008954646587371827 50 64 1 100 2 100
0.008969166278839112 50 64 1 100 2 100
0.013258049488067627 50 64 1 200 2 100
0.012969944477081299 50 64 1 200 2 100
0.013144574165344237 50 64 1 200 2 100
0.013047771453857422 50 64 1 200 2 100
0.01248016357421875 50 64 1 200 2 100
0.012551865577697753 50 64 1 200 2 100
0.013241493701934814 50 64 1 200 2 100
0.01309326171875 50 64 1 200 2 100
0.01395742893218994 50 64 1 200 2 100
0.012725472450256348 50 64 1 200 2 100
0.026353843212127685 50 64 1 500 2 100
0.02594590187072754 50 64 1 500 2 100
0.027097234725952147 50 64 1 500 2 100
0.026774771213531494 50 64 1 500 2 100
0.02670740842819214 50 64 1 500 2 100
0.026961095333099365 50 64 1 500 2 100
0.025125844478607176 50 64 1 500 2 100
0.025768024921417235 50 64 1 500 2 100
0.026870629787445068 50 64 1 500 2 100
0.02691115379333496 50 64 1 500 2 100
0.06329549074172974 50 64 1 1000 2 100
0.06489990472793579 50 64 1 1000 2 100
0.06586304426193237 50 64 1 1000 2 100
0.06545529127120972 50 64 1 1000 2 100
0.06430527210235595 50 64 1 1000 2 100
0.06434316873550415 50 64 1 1000 2 100
0.06437389373779297 50 64 1 1000 2 100
0.06426326990127564 50 64 1 1000 2 100
0.0645546007156372 50 64 1 1000 2 100
0.06427628040313721 50 64 1 1000 2 100
0.18367701530456543 50 64 1 2000 2 100
0.18371241807937622 50 64 1 2000 2 100
0.18044352293014526 50 64 1 2000 2 100
0.18207414627075194 50 64 1 2000 2 100
0.18278658866882325 50 64 1 2000 2 100
0.18356247425079344 50 64 1 2000 2 100
0.18413244009017946 50 64 1 2000 2 100
0.18397876501083374 50 64 1 2000 2 100
0.1836175036430359 50 64 1 2000 2 100
0.18220827579498292 50 64 1 2000 2 100
0.012445096969604491 50 64 2 100 2 100
0.012336165904998779 50 64 2 100 2 100
0.013063838481903076 50 64 2 100 2 100
0.012964866161346435 50 64 2 100 2 100
0.012154014110565185 50 64 2 100 2 100
0.012117996215820312 50 64 2 100 2 100
0.012579817771911622 50 64 2 100 2 100
0.012660567760467529 50 64 2 100 2 100
0.013240854740142822 50 64 2 100 2 100
0.0132916259765625 50 64 2 100 2 100
0.017384052276611328 50 64 2 200 2 100
0.017544336318969726 50 64 2 200 2 100
0.017964024543762207 50 64 2 200 2 100
0.01789513111114502 50 64 2 200 2 100
0.01767650842666626 50 64 2 200 2 100
0.018451926708221437 50 64 2 200 2 100
0.017916066646575926 50 64 2 200 2 100
0.017598299980163573 50 64 2 200 2 100
0.016800863742828367 50 64 2 200 2 100
0.016586737632751467 50 64 2 200 2 100
0.03695777893066406 50 64 2 500 2 100
0.036406619548797606 50 64 2 500 2 100
0.03444204568862915 50 64 2 500 2 100
0.035703589916229246 50 64 2 500 2 100
0.039599094390869144 50 64 2 500 2 100
0.0400522780418396 50 64 2 500 2 100
0.03466169118881226 50 64 2 500 2 100
0.034129548072814944 50 64 2 500 2 100
0.036511988639831544 50 64 2 500 2 100
0.036962625980377195 50 64 2 500 2 100
0.1039197826385498 50 64 2 1000 2 100
0.10379533767700196 50 64 2 1000 2 100
0.1034798789024353 50 64 2 1000 2 100
0.10366818189620972 50 64 2 1000 2 100
0.10402268886566163 50 64 2 1000 2 100
0.10421260356903077 50 64 2 1000 2 100
0.10202456235885621 50 64 2 1000 2 100
0.10233908653259277 50 64 2 1000 2 100
0.10415408372879029 50 64 2 1000 2 100
0.10430863380432129 50 64 2 1000 2 100
0.3396217679977417 50 64 2 2000 2 100
0.3393918204307556 50 64 2 2000 2 100
0.3410549473762512 50 64 2 2000 2 100
0.3408474826812744 50 64 2 2000 2 100
0.3365588164329529 50 64 2 2000 2 100
0.33800519704818727 50 64 2 2000 2 100
0.33884337186813357 50 64 2 2000 2 100
0.3387739014625549 50 64 2 2000 2 100
0.33647695541381833 50 64 2 2000 2 100
0.33759608268737795 50 64 2 2000 2 100
0.015903482437133788 50 64 3 100 2 100
0.01594721555709839 50 64 3 100 2 100
0.015872066020965577 50 64 3 100 2 100
0.014855365753173828 50 64 3 100 2 100
0.016113643646240235 50 64 3 100 2 100
0.016147170066833496 50 64 3 100 2 100
0.01549954891204834 50 64 3 100 2 100
0.015596723556518555 50 64 3 100 2 100
0.01676816463470459 50 64 3 100 2 100
0.01621407985687256 50 64 3 100 2 100
0.02073155403137207 50 64 3 200 2 100
0.02082893133163452 50 64 3 200 2 100
0.02174489974975586 50 64 3 200 2 100
0.02124932289123535 50 64 3 200 2 100
0.020814607143402098 50 64 3 200 2 100
0.020247929096221924 50 64 3 200 2 100
0.021547849178314208 50 64 3 200 2 100
0.021615328788757323 50 64 3 200 2 100
0.022173683643341064 50 64 3 200 2 100
0.022212533950805663 50 64 3 200 2 100
0.0478792405128479 50 64 3 500 2 100
0.04810958385467529 50 64 3 500 2 100
0.04701310634613037 50 64 3 500 2 100
0.046934385299682614 50 64 3 500 2 100
0.04705912351608276 50 64 3 500 2 100
0.0474187445640564 50 64 3 500 2 100
0.04634676933288574 50 64 3 500 2 100
0.04710522413253784 50 64 3 500 2 100
0.04768193244934082 50 64 3 500 2 100
0.048080289363861085 50 64 3 500 2 100
0.14470452785491944 50 64 3 1000 2 100
0.14468979358673095 50 64 3 1000 2 100
0.1437077045440674 50 64 3 1000 2 100
0.14463810443878175 50 64 3 1000 2 100
0.14218458890914917 50 64 3 1000 2 100
0.14208311557769776 50 64 3 1000 2 100
0.14115477085113526 50 64 3 1000 2 100
0.1416141128540039 50 64 3 1000 2 100
0.1444951057434082 50 64 3 1000 2 100
0.14457282543182373 50 64 3 1000 2 100
0.49485479831695556 50 64 3 2000 2 100
0.498525767326355 50 64 3 2000 2 100
0.5015228819847107 50 64 3 2000 2 100
0.5009067487716675 50 64 3 2000 2 100
0.5009462714195252 50 64 3 2000 2 100
0.5025778770446777 50 64 3 2000 2 100
0.5032329821586609 50 64 3 2000 2 100
0.503825535774231 50 64 3 2000 2 100
0.5016961193084717 50 64 3 2000 2 100
0.5016416692733765 50 64 3 2000 2 100
0.020051872730255126 50 64 4 100 2 100
0.019731695652008056 50 64 4 100 2 100
0.019081413745880127 50 64 4 100 2 100
0.019044098854064943 50 64 4 100 2 100
0.017374691963195802 50 64 4 100 2 100
0.017531299591064455 50 64 4 100 2 100
0.019109148979187012 50 64 4 100 2 100
0.019330811500549317 50 64 4 100 2 100
0.01821943759918213 50 64 4 100 2 100
0.01788048505783081 50 64 4 100 2 100
0.026713800430297852 50 64 4 200 2 100
0.02727005958557129 50 64 4 200 2 100
0.02717754602432251 50 64 4 200 2 100
0.0270746111869812 50 64 4 200 2 100
0.025172979831695558 50 64 4 200 2 100
0.02522764205932617 50 64 4 200 2 100
0.02678245782852173 50 64 4 200 2 100
0.026737804412841796 50 64 4 200 2 100
0.026263279914855955 50 64 4 200 2 100
0.02590337038040161 50 64 4 200 2 100
0.060018470287322996 50 64 4 500 2 100
0.05975041627883911 50 64 4 500 2 100
0.05785808086395264 50 64 4 500 2 100
0.058158690929412844 50 64 4 500 2 100
0.058439593315124515 50 64 4 500 2 100
0.05910185813903809 50 64 4 500 2 100
0.0593241024017334 50 64 4 500 2 100
0.05916492700576782 50 64 4 500 2 100
0.0605955171585083 50 64 4 500 2 100
0.06031852960586548 50 64 4 500 2 100
0.18319693088531494 50 64 4 1000 2 100
0.1828448271751404 50 64 4 1000 2 100
0.1852615284919739 50 64 4 1000 2 100
0.18400551080703736 50 64 4 1000 2 100
0.18393664121627806 50 64 4 1000 2 100
0.1830981755256653 50 64 4 1000 2 100
0.1823656415939331 50 64 4 1000 2 100
0.18182461261749266 50 64 4 1000 2 100
0.1848159384727478 50 64 4 1000 2 100
0.18575687885284423 50 64 4 1000 2 100
0.6707417464256287 50 64 4 2000 2 100
0.6706050848960876 50 64 4 2000 2 100
0.6640043950080872 50 64 4 2000 2 100
0.6640207886695861 50 64 4 2000 2 100
0.6650802111625671 50 64 4 2000 2 100
0.6671102833747864 50 64 4 2000 2 100
0.6631350660324097 50 64 4 2000 2 100
0.6637115120887757 50 64 4 2000 2 100
0.6633855485916138 50 64 4 2000 2 100
0.6632863807678223 50 64 4 2000 2 100
0.010262184143066407 50 128 1 100 2 100
0.009290580749511718 50 128 1 100 2 100
0.010900771617889405 50 128 1 100 2 100
0.010305075645446778 50 128 1 100 2 100
0.009887127876281739 50 128 1 100 2 100
0.009921982288360595 50 128 1 100 2 100
0.011769120693206786 50 128 1 100 2 100
0.011780247688293458 50 128 1 100 2 100
0.011346025466918945 50 128 1 100 2 100
0.01130218744277954 50 128 1 100 2 100
0.015103082656860351 50 128 1 200 2 100
0.0153895902633667 50 128 1 200 2 100
0.015771117210388184 50 128 1 200 2 100
0.01625692844390869 50 128 1 200 2 100
0.019148359298706053 50 128 1 200 2 100
0.01886730432510376 50 128 1 200 2 100
0.016719093322753908 50 128 1 200 2 100
0.01673590898513794 50 128 1 200 2 100
0.015954949855804444 50 128 1 200 2 100
0.015809481143951417 50 128 1 200 2 100
0.036756603717803954 50 128 1 500 2 100
0.0365563154220581 50 128 1 500 2 100
0.03653008222579956 50 128 1 500 2 100
0.03726770877838135 50 128 1 500 2 100
0.03742864370346069 50 128 1 500 2 100
0.03703566551208496 50 128 1 500 2 100
0.037058274745941165 50 128 1 500 2 100
0.03751391887664795 50 128 1 500 2 100
0.0363365650177002 50 128 1 500 2 100
0.0360860800743103 50 128 1 500 2 100
0.10981462001800538 50 128 1 1000 2 100
0.10988439559936523 50 128 1 1000 2 100
0.10820608139038086 50 128 1 1000 2 100
0.10769590854644776 50 128 1 1000 2 100
0.10927506923675537 50 128 1 1000 2 100
0.10818713665008545 50 128 1 1000 2 100
0.11045381784439087 50 128 1 1000 2 100
0.11083085298538208 50 128 1 1000 2 100
0.11010141611099243 50 128 1 1000 2 100
0.11048747062683105 50 128 1 1000 2 100
0.34123131036758425 50 128 1 2000 2 100
0.34063040018081664 50 128 1 2000 2 100
0.3383273768424988 50 128 1 2000 2 100
0.3404696798324585 50 128 1 2000 2 100
0.33919514179229737 50 128 1 2000 2 100
0.3387264108657837 50 128 1 2000 2 100
0.3440949773788452 50 128 1 2000 2 100
0.3440428614616394 50 128 1 2000 2 100
0.33963361501693723 50 128 1 2000 2 100
0.3411344408988953 50 128 1 2000 2 100
0.014171662330627442 50 128 2 100 2 100
0.014669160842895507 50 128 2 100 2 100
0.015534968376159667 50 128 2 100 2 100
0.015536341667175293 50 128 2 100 2 100
0.01531907320022583 50 128 2 100 2 100
0.01485536813735962 50 128 2 100 2 100
0.015235538482666016 50 128 2 100 2 100
0.015612306594848633 50 128 2 100 2 100
0.014908244609832763 50 128 2 100 2 100
0.014840908050537109 50 128 2 100 2 100
0.02190248727798462 50 128 2 200 2 100
0.02087963581085205 50 128 2 200 2 100
0.022728116512298585 50 128 2 200 2 100
0.022795536518096925 50 128 2 200 2 100
0.021534171104431152 50 128 2 200 2 100
0.02179535150527954 50 128 2 200 2 100
0.02527775049209595 50 128 2 200 2 100
0.025362727642059327 50 128 2 200 2 100
0.02136174440383911 50 128 2 200 2 100
0.02175762176513672 50 128 2 200 2 100
0.05838454484939575 50 128 2 500 2 100
0.05889815092086792 50 128 2 500 2 100
0.05551224946975708 50 128 2 500 2 100
0.05590939044952393 50 128 2 500 2 100
0.05900628089904785 50 128 2 500 2 100
0.05884392499923706 50 128 2 500 2 100
0.057773816585540774 50 128 2 500 2 100
0.058100681304931644 50 128 2 500 2 100
0.059259796142578126 50 128 2 500 2 100
0.05938402891159058 50 128 2 500 2 100
0.1859420657157898 50 128 2 1000 2 100
0.1845046591758728 50 128 2 1000 2 100
0.1818455481529236 50 128 2 1000 2 100
0.18061237573623656 50 128 2 1000 2 100
0.18580864429473876 50 128 2 1000 2 100
0.18644383668899536 50 128 2 1000 2 100
0.18392740488052367 50 128 2 1000 2 100
0.18285545349121093 50 128 2 1000 2 100
0.18508826494216918 50 128 2 1000 2 100
0.18363272190093993 50 128 2 1000 2 100
0.6505622315406799 50 128 2 2000 2 100
0.648857204914093 50 128 2 2000 2 100
0.6550509548187256 50 128 2 2000 2 100
0.6548358488082886 50 128 2 2000 2 100
0.6560228323936462 50 128 2 2000 2 100
0.6534267950057984 50 128 2 2000 2 100
0.6481525945663452 50 128 2 2000 2 100
0.6506141901016236 50 128 2 2000 2 100
0.6507887601852417 50 128 2 2000 2 100
0.6505155992507935 50 128 2 2000 2 100
0.019210004806518556 50 128 3 100 2 100
0.0195166015625 50 128 3 100 2 100
0.018938698768615723 50 128 3 100 2 100
0.018878273963928223 50 128 3 100 2 100
0.020374302864074708 50 128 3 100 2 100
0.020320863723754884 50 128 3 100 2 100
0.018792057037353517 50 128 3 100 2 100
0.018876941204071046 50 128 3 100 2 100
0.01819183349609375 50 128 3 100 2 100
0.018238303661346437 50 128 3 100 2 100
0.027448856830596925 50 128 3 200 2 100
0.026658170223236084 50 128 3 200 2 100
0.027187445163726807 50 128 3 200 2 100
0.02678867816925049 50 128 3 200 2 100
0.027133405208587646 50 128 3 200 2 100
0.027413578033447267 50 128 3 200 2 100
0.02770554780960083 50 128 3 200 2 100
0.027744860649108888 50 128 3 200 2 100
0.0283082914352417 50 128 3 200 2 100
0.028401505947113038 50 128 3 200 2 100
0.07926887512207031 50 128 3 500 2 100
0.07975298404693604 50 128 3 500 2 100
0.07849851846694947 50 128 3 500 2 100
0.07764459609985351 50 128 3 500 2 100
0.07824936866760254 50 128 3 500 2 100
0.07822959661483765 50 128 3 500 2 100
0.07963241100311279 50 128 3 500 2 100
0.0798260760307312 50 128 3 500 2 100
0.07832994699478149 50 128 3 500 2 100
0.07821544647216797 50 128 3 500 2 100
0.26220576524734496 50 128 3 1000 2 100
0.2641663408279419 50 128 3 1000 2 100
0.2671865510940552 50 128 3 1000 2 100
0.2658925700187683 50 128 3 1000 2 100
0.26885581493377686 50 128 3 1000 2 100
0.26878098011016843 50 128 3 1000 2 100
0.26495220422744753 50 128 3 1000 2 100
0.2657646131515503 50 128 3 1000 2 100
0.26464924573898313 50 128 3 1000 2 100
0.26486370801925657 50 128 3 1000 2 100
0.9623774814605713 50 128 3 2000 2 100
0.9588257217407227 50 128 3 2000 2 100
0.966276400089264 50 128 3 2000 2 100
0.9658872199058532 50 128 3 2000 2 100
0.966793622970581 50 128 3 2000 2 100
0.9671937680244446 50 128 3 2000 2 100
0.9613860559463501 50 128 3 2000 2 100
0.9643999433517456 50 128 3 2000 2 100
0.9600142955780029 50 128 3 2000 2 100
0.9646295976638793 50 128 3 2000 2 100
0.022571723461151123 50 128 4 100 2 100
0.022574002742767333 50 128 4 100 2 100
0.023075401782989502 50 128 4 100 2 100
0.02348773241043091 50 128 4 100 2 100
0.023498218059539795 50 128 4 100 2 100
0.023442809581756593 50 128 4 100 2 100
0.021357882022857665 50 128 4 100 2 100
0.02138430833816528 50 128 4 100 2 100
0.022736482620239258 50 128 4 100 2 100
0.021892130374908447 50 128 4 100 2 100
0.032014622688293456 50 128 4 200 2 100
0.03167466878890991 50 128 4 200 2 100
0.031456363201141355 50 128 4 200 2 100
0.03175462484359741 50 128 4 200 2 100
0.026796422004699706 50 128 4 200 2 100
0.02712587356567383 50 128 4 200 2 100
0.032408926486969 50 128 4 200 2 100
0.03197940349578857 50 128 4 200 2 100
0.0313892126083374 50 128 4 200 2 100
0.03138736963272095 50 128 4 200 2 100
0.10161128044128417 50 128 4 500 2 100
0.1011571741104126 50 128 4 500 2 100
0.10104780435562134 50 128 4 500 2 100
0.10072509765625 50 128 4 500 2 100
0.1015167236328125 50 128 4 500 2 100
0.10212644338607788 50 128 4 500 2 100
0.1008448338508606 50 128 4 500 2 100
0.09954044818878174 50 128 4 500 2 100
0.10122355222702026 50 128 4 500 2 100
0.10025877475738526 50 128 4 500 2 100
0.34974543333053587 50 128 4 1000 2 100
0.350051691532135 50 128 4 1000 2 100
0.34896546840667725 50 128 4 1000 2 100
0.3491776323318481 50 128 4 1000 2 100
0.3458637094497681 50 128 4 1000 2 100
0.34943242073059083 50 128 4 1000 2 100
0.3489911675453186 50 128 4 1000 2 100
0.3480091190338135 50 128 4 1000 2 100
0.34769105434417724 50 128 4 1000 2 100
0.34812533617019653 50 128 4 1000 2 100
0.5883979415893554 50 128 4 2000 1 100
