1 0.003125
2 0.009375
3 0.021875
4 0.028125
5 0.04375
6 0.0375
7 0.059375
8 0.046875
9 0.065625
10 0.109375
11 0.109375
12 0.1125
13 0.103125
14 0.1875
15 0.14375
16 0.103125
17 0.125
18 0.125
19 0.09375
20 0.096875
21 0.1125
22 0.121875
23 0.115625
24 0.103125
25 0.15
26 0.1625
27 0.11875
28 0.1375
29 0.171875
30 0.134375
31 0.159375
32 0.13125
33 0.134375
34 0.15625
35 0.134375
36 0.1625
37 0.140625
38 0.1375
39 0.10625
40 0.13125
41 0.171875
42 0.125
43 0.16875
44 0.128125
45 0.103125
46 0.134375
47 0.13125
48 0.11875
49 0.13125
50 0.10625
51 0.125
52 0.1375
53 0.128125
54 0.1375
55 0.134375
56 0.14375
57 0.140625
58 0.1125
59 0.140625
60 0.15625
61 0.115625
62 0.153125
63 0.14375
64 0.140625
65 0.1625
66 0.153125
67 0.1375
68 0.165625
69 0.15
70 0.146875
71 0.140625
72 0.134375
73 0.18125
74 0.171875
75 0.146875
76 0.196875
77 0.15625
78 0.11875
79 0.153125
80 0.15
81 0.1375
82 0.153125
83 0.1625
84 0.109375
85 0.128125
86 0.121875
87 0.1125
88 0.15
89 0.15625
90 0.146875
91 0.16875
92 0.16875
93 0.16875
94 0.1875
95 0.165625
96 0.171875
97 0.184375
98 0.1375
99 0.159375
100 0.16875
101 0.140625
102 0.159375
103 0.1625
104 0.190625
105 0.178125
106 0.175
107 0.175
108 0.18125
109 0.178125
110 0.2
111 0.221875
112 0.15625
113 0.21875
114 0.165625
115 0.159375
116 0.18125
117 0.209375
118 0.140625
119 0.19375
120 0.165625
121 0.18125
122 0.196875
123 0.16875
124 0.209375
125 0.1875
126 0.178125
127 0.240625
128 0.209375
129 0.184375
130 0.21875
131 0.1875
132 0.209375
133 0.228125
134 0.228125
135 0.240625
136 0.240625
137 0.203125
138 0.215625
139 0.171875
140 0.1875
141 0.228125
142 0.184375
143 0.225
144 0.225
145 0.209375
146 0.20625
147 0.215625
148 0.16875
149 0.2
150 0.18125
151 0.20625
152 0.153125
153 0.209375
154 0.20625
155 0.209375
156 0.2125
157 0.190625
158 0.228125
159 0.175
160 0.21875
161 0.18125
162 0.221875
163 0.221875
164 0.19375
165 0.20625
166 0.19375
167 0.2
168 0.20625
169 0.175
170 0.221875
171 0.25625
172 0.20625
173 0.209375
174 0.253125
175 0.221875
176 0.209375
177 0.25
178 0.21875
179 0.215625
180 0.20625
181 0.259375
182 0.25
183 0.21875
184 0.196875
185 0.2125
186 0.196875
187 0.221875
188 0.225
189 0.25
190 0.23125
191 0.26875
192 0.24375
193 0.2875
194 0.26875
195 0.209375
196 0.19375
197 0.20625
198 0.21875
199 0.2125
200 0.225
201 0.221875
202 0.26875
203 0.240625
204 0.215625
205 0.2375
206 0.215625
207 0.25
208 0.26875
209 0.25625
210 0.209375
211 0.2625
212 0.246875
213 0.2375
214 0.246875
215 0.228125
216 0.24375
217 0.265625
218 0.2625
219 0.225
220 0.24375
221 0.2875
222 0.2375
223 0.23125
224 0.215625
225 0.24375
226 0.284375
227 0.23125
228 0.184375
229 0.25
230 0.24375
231 0.23125
232 0.215625
233 0.278125
234 0.24375
235 0.234375
236 0.23125
237 0.228125
238 0.2625
239 0.271875
240 0.290625
241 0.2375
242 0.253125
243 0.24375
244 0.2625
245 0.3125
246 0.284375
247 0.24375
248 0.265625
249 0.203125
250 0.228125
251 0.296875
252 0.234375
253 0.25625
254 0.29375
255 0.3
256 0.275
257 0.2875
258 0.25625
259 0.253125
260 0.246875
261 0.278125
262 0.29375
263 0.28125
264 0.278125
265 0.25625
266 0.33125
267 0.275
268 0.275
269 0.296875
270 0.3
271 0.253125
272 0.275
273 0.246875
274 0.234375
275 0.290625
276 0.253125
277 0.228125
278 0.303125
279 0.253125
280 0.259375
281 0.246875
282 0.25
283 0.24375
284 0.25625
285 0.296875
286 0.278125
287 0.228125
288 0.246875
289 0.240625
290 0.184375
291 0.2375
292 0.21875
293 0.26875
294 0.240625
295 0.253125
296 0.246875
297 0.2375
298 0.23125
299 0.240625
300 0.265625
301 0.25625
302 0.234375
303 0.2625
304 0.25
305 0.2625
306 0.284375
307 0.21875
308 0.23125
309 0.253125
310 0.25
311 0.265625
312 0.246875
313 0.271875
314 0.275
315 0.3
316 0.221875
317 0.25
318 0.3
319 0.24375
320 0.209375
321 0.275
322 0.265625
323 0.225
324 0.275
325 0.275
326 0.290625
327 0.2375
328 0.259375
329 0.30625
330 0.259375
331 0.3
332 0.3125
333 0.29375
334 0.265625
335 0.253125
336 0.296875
337 0.278125
338 0.290625
339 0.303125
340 0.29375
341 0.2375
342 0.26875
343 0.303125
344 0.296875
345 0.303125
346 0.25625
347 0.228125
348 0.334375
349 0.275
350 0.271875
351 0.234375
352 0.303125
353 0.265625
354 0.259375
355 0.290625
356 0.240625
357 0.225
358 0.284375
359 0.246875
360 0.3
361 0.278125
362 0.284375
363 0.24375
364 0.325
365 0.3125
366 0.3
367 0.25625
368 0.3125
369 0.28125
370 0.240625
371 0.3125
372 0.275
373 0.278125
374 0.3125
375 0.303125
376 0.284375
377 0.303125
378 0.309375
379 0.278125
380 0.315625
381 0.28125
382 0.278125
383 0.28125
384 0.284375
385 0.228125
386 0.303125
387 0.30625
388 0.284375
389 0.3
390 0.30625
391 0.29375
392 0.315625
393 0.253125
394 0.26875
395 0.3
396 0.278125
397 0.315625
398 0.228125
399 0.303125
400 0.3
401 0.25
402 0.328125
403 0.278125
404 0.30625
405 0.26875
406 0.278125
407 0.290625
408 0.2625
409 0.3125
410 0.275
411 0.290625
412 0.3
413 0.28125
414 0.290625
415 0.225
416 0.2625
417 0.29375
418 0.303125
419 0.2625
420 0.33125
421 0.321875
422 0.315625
423 0.25
424 0.3
425 0.3
426 0.25
427 0.35
428 0.31875
429 0.25
430 0.278125
431 0.259375
432 0.3375
433 0.2625
434 0.321875
435 0.284375
436 0.3125
437 0.23125
438 0.265625
439 0.309375
440 0.278125
441 0.296875
442 0.275
443 0.28125
444 0.26875
445 0.3125
446 0.340625
447 0.296875
448 0.30625
449 0.3125
450 0.3125
451 0.371875
452 0.29375
453 0.290625
454 0.35
455 0.35
456 0.328125
457 0.321875
458 0.328125
459 0.334375
460 0.375
461 0.25
462 0.353125
463 0.346875
464 0.3125
465 0.3
466 0.321875
467 0.315625
468 0.309375
469 0.259375
470 0.234375
471 0.309375
472 0.24375
473 0.265625
474 0.303125
475 0.33125
476 0.26875
477 0.2875
478 0.340625
479 0.303125
480 0.334375
481 0.296875
482 0.275
483 0.275
484 0.2875
485 0.2875
486 0.303125
487 0.271875
488 0.284375
489 0.2625
490 0.3
491 0.303125
492 0.284375
493 0.296875
494 0.31875
495 0.2875
496 0.290625
497 0.26875
498 0.3
499 0.29375
500 0.3
501 0.2625
502 0.325
503 0.31875
504 0.375
505 0.29375
506 0.325
507 0.296875
508 0.29375
509 0.328125
510 0.275
511 0.309375
512 0.31875
513 0.334375
514 0.259375
515 0.30625
516 0.31875
517 0.309375
518 0.278125
519 0.26875
520 0.3
521 0.2625
522 0.31875
523 0.365625
524 0.29375
525 0.25625
526 0.303125
527 0.3
528 0.290625
529 0.309375
530 0.25625
531 0.3125
532 0.371875
533 0.31875
534 0.303125
535 0.26875
536 0.3
537 0.278125
538 0.265625
539 0.271875
540 0.265625
541 0.31875
542 0.284375
543 0.284375
544 0.246875
545 0.284375
546 0.234375
547 0.3
548 0.325
549 0.271875
550 0.3
551 0.29375
552 0.3
553 0.28125
554 0.278125
555 0.234375
556 0.246875
557 0.30625
558 0.328125
559 0.29375
560 0.25
561 0.23125
562 0.240625
563 0.3125
564 0.2375
565 0.284375
566 0.340625
567 0.296875
568 0.29375
569 0.31875
570 0.3
571 0.328125
572 0.278125
573 0.29375
574 0.265625
575 0.340625
576 0.2875
577 0.321875
578 0.25
579 0.328125
580 0.240625
581 0.275
582 0.328125
583 0.315625
584 0.303125
585 0.2625
586 0.2875
587 0.315625
588 0.296875
589 0.240625
590 0.34375
591 0.2625
592 0.271875
593 0.325
594 0.30625
595 0.29375
596 0.325
597 0.3125
598 0.28125
599 0.334375
600 0.346875
601 0.303125
602 0.30625
603 0.296875
604 0.340625
605 0.30625
606 0.3375
607 0.246875
608 0.35
609 0.3
610 0.2875
611 0.34375
612 0.303125
613 0.315625
614 0.31875
615 0.259375
616 0.371875
617 0.34375
618 0.284375
619 0.296875
620 0.26875
621 0.290625
622 0.234375
623 0.309375
624 0.3625
625 0.35
626 0.340625
627 0.34375
628 0.275
629 0.284375
630 0.31875
631 0.309375
632 0.26875
633 0.2375
634 0.271875
635 0.271875
636 0.303125
637 0.284375
638 0.271875
639 0.278125
640 0.278125
641 0.321875
642 0.265625
643 0.328125
644 0.296875
645 0.3125
646 0.290625
647 0.321875
648 0.259375
649 0.3125
650 0.2625
651 0.284375
652 0.290625
653 0.328125
654 0.29375
655 0.303125
656 0.315625
657 0.296875
658 0.334375
659 0.321875
660 0.315625
661 0.34375
662 0.3125
663 0.296875
664 0.31875
665 0.296875
666 0.321875
667 0.371875
668 0.321875
669 0.296875
670 0.33125
671 0.30625
672 0.28125
673 0.275
674 0.35625
675 0.371875
676 0.346875
677 0.325
678 0.325
679 0.3125
680 0.284375
681 0.271875
682 0.334375
683 0.278125
684 0.309375
685 0.296875
686 0.35
687 0.2625
688 0.334375
689 0.296875
690 0.35625
691 0.303125
692 0.325
693 0.28125
694 0.3
695 0.275
696 0.334375
697 0.259375
698 0.3
699 0.309375
700 0.303125
701 0.346875
702 0.328125
703 0.25
704 0.325
705 0.309375
706 0.328125
707 0.359375
708 0.234375
709 0.3375
710 0.2625
711 0.3375
712 0.284375
713 0.278125
714 0.315625
715 0.31875
716 0.296875
717 0.334375
718 0.30625
719 0.290625
720 0.265625
721 0.271875
722 0.3
723 0.328125
724 0.34375
725 0.359375
726 0.309375
727 0.3375
728 0.321875
729 0.315625
730 0.35625
731 0.31875
732 0.2875
733 0.2625
734 0.340625
735 0.3625
736 0.3125
737 0.278125
738 0.334375
739 0.296875
740 0.321875
741 0.33125
742 0.375
743 0.325
744 0.325
745 0.309375
746 0.2875
747 0.3
748 0.271875
749 0.284375
750 0.309375
751 0.3125
752 0.3375
753 0.3125
754 0.315625
755 0.28125
756 0.3125
757 0.35
758 0.325
759 0.353125
760 0.328125
761 0.325
762 0.309375
763 0.26875
764 0.28125
765 0.28125
766 0.28125
767 0.309375
768 0.3125
769 0.2625
770 0.35625
771 0.3375
772 0.315625
773 0.315625
774 0.309375
775 0.2875
776 0.325
777 0.325
778 0.346875
779 0.315625
780 0.3125
781 0.30625
782 0.315625
783 0.340625
784 0.3625
785 0.309375
786 0.3125
787 0.284375
788 0.315625
789 0.340625
790 0.371875
791 0.31875
792 0.296875
793 0.3125
794 0.3125
795 0.334375
796 0.321875
797 0.26875
798 0.2875
799 0.271875
800 0.325
801 0.28125
802 0.28125
803 0.265625
804 0.346875
805 0.321875
806 0.325
807 0.31875
808 0.328125
809 0.384375
810 0.334375
811 0.30625
812 0.375
813 0.340625
814 0.30625
815 0.3625
816 0.30625
817 0.30625
818 0.365625
819 0.3375
820 0.353125
821 0.309375
822 0.309375
823 0.296875
824 0.328125
825 0.340625
826 0.334375
827 0.2875
828 0.334375
829 0.315625
830 0.2875
831 0.321875
832 0.290625
833 0.440625
834 0.303125
835 0.353125
836 0.290625
837 0.31875
838 0.31875
839 0.29375
840 0.29375
841 0.34375
842 0.340625
843 0.303125
844 0.3125
845 0.371875
846 0.3125
847 0.2875
848 0.378125
849 0.340625
850 0.315625
851 0.28125
852 0.29375
853 0.296875
854 0.296875
855 0.29375
856 0.3
857 0.340625
858 0.290625
859 0.2875
860 0.35
861 0.328125
862 0.3375
863 0.234375
864 0.334375
865 0.375
866 0.328125
867 0.34375
868 0.3375
869 0.365625
870 0.31875
871 0.296875
872 0.315625
873 0.309375
874 0.315625
875 0.30625
876 0.346875
877 0.3375
878 0.26875
879 0.28125
880 0.31875
881 0.378125
882 0.3125
883 0.33125
884 0.340625
885 0.321875
886 0.33125
887 0.321875
888 0.30625
889 0.315625
890 0.3625
891 0.325
892 0.303125
893 0.325
894 0.321875
895 0.35
896 0.234375
897 0.3125
898 0.31875
899 0.309375
900 0.396875
901 0.3375
902 0.3375
903 0.31875
904 0.325
905 0.321875
906 0.375
907 0.3125
908 0.34375
909 0.3625
910 0.321875
911 0.359375
912 0.2875
913 0.296875
914 0.28125
915 0.353125
916 0.325
917 0.325
918 0.340625
919 0.33125
920 0.334375
921 0.259375
922 0.3125
923 0.33125
924 0.303125
925 0.309375
926 0.31875
927 0.33125
928 0.35
929 0.309375
930 0.334375
931 0.365625
932 0.359375
933 0.303125
934 0.371875
935 0.328125
936 0.334375
937 0.325
938 0.371875
939 0.315625
940 0.359375
941 0.36875
942 0.353125
943 0.265625
944 0.3125
945 0.321875
946 0.33125
947 0.30625
948 0.303125
949 0.309375
950 0.296875
951 0.290625
952 0.325
953 0.340625
954 0.365625
955 0.35
956 0.346875
957 0.3
958 0.29375
959 0.36875
960 0.365625
961 0.3125
962 0.375
963 0.328125
964 0.296875
965 0.325
966 0.2625
967 0.321875
968 0.39375
969 0.346875
970 0.33125
971 0.3
972 0.30625
973 0.371875
974 0.353125
975 0.340625
976 0.371875
977 0.340625
978 0.384375
979 0.315625
980 0.40625
981 0.371875
982 0.309375
983 0.365625
984 0.378125
985 0.33125
986 0.3625
987 0.340625
988 0.325
989 0.35625
990 0.325
991 0.346875
992 0.446875
993 0.365625
994 0.309375
995 0.33125
996 0.334375
997 0.378125
998 0.325
999 0.38125
1000 0.275
