1 7.707018
2 7.648559
3 7.566635
4 7.4714723
5 7.41329
6 7.25043
7 7.0492945
8 6.984557
9 6.7573524
10 6.5145526
11 6.2127934
12 6.0342755
13 5.891187
14 5.4932017
15 5.514227
16 5.7518997
17 5.3691196
18 5.647758
19 5.898679
20 5.4880924
21 5.576463
22 5.6881666
23 5.3955646
24 5.3857255
25 5.138618
26 5.082617
27 5.4132266
28 5.1477995
29 5.0653934
30 5.32896
31 5.154858
32 5.113598
33 5.1589327
34 5.1838565
35 5.2636495
36 5.3306904
37 5.210922
38 5.3172665
39 5.343188
40 4.8890905
41 5.1645336
42 5.24662
43 5.105274
44 5.299809
45 5.498166
46 5.2375054
47 5.111571
48 5.3479786
49 5.1409564
50 5.3419976
51 4.9773216
52 5.052893
53 5.344866
54 5.2685027
55 5.3353634
56 5.3018417
57 5.17995
58 5.173454
59 5.0731397
60 5.0537996
61 5.348311
62 5.0772543
63 5.038432
64 5.2435846
65 5.137657
66 5.031434
67 5.1596437
68 5.130558
69 5.0386996
70 5.22645
71 5.044186
72 4.9748735
73 4.9457293
74 4.7740574
75 4.851648
76 4.8366528
77 4.9392896
78 5.297315
79 5.0698667
80 4.9513974
81 5.0352535
82 4.8517923
83 4.9285035
84 5.102674
85 5.0986342
86 5.2437487
87 4.990817
88 5.160704
89 5.014053
90 5.2112164
91 4.9972563
92 4.948925
93 5.052786
94 4.7843933
95 4.940871
96 4.706953
97 4.6606784
98 4.9429584
99 4.918448
100 4.8653016
101 4.997451
102 4.7413917
103 4.977454
104 4.8011565
105 4.499807
106 4.674876
107 4.7492857
108 4.772484
109 4.786919
110 4.7039757
111 4.6462226
112 4.710928
113 4.6038756
114 4.7430854
115 4.864838
116 4.5748796
117 4.7521996
118 4.8199797
119 4.637077
120 4.7390437
121 4.773192
122 4.719192
123 4.715524
124 4.685954
125 4.7375364
126 4.8265576
127 4.424069
128 4.582275
129 4.6063404
130 4.5146456
131 4.58627
132 4.4477625
133 4.517188
134 4.6291456
135 4.3669133
136 4.583798
137 4.6831627
138 4.438348
139 4.744516
140 4.76479
141 4.4601965
142 4.573895
143 4.485825
144 4.4353037
145 4.5053015
146 4.622471
147 4.371905
148 4.6361594
149 4.4605217
150 4.7334304
151 4.6998267
152 4.796154
153 4.5083127
154 4.56629
155 4.7273355
156 4.674206
157 4.6654334
158 4.5067773
159 4.4280663
160 4.477726
161 4.617245
162 4.6034656
163 4.3391137
164 4.2887616
165 4.3094215
166 4.586038
167 4.495657
168 4.488933
169 4.428538
170 4.3977213
171 4.11742
172 4.424825
173 4.4133725
174 4.1805816
175 4.309005
176 4.298738
177 4.086073
178 4.2959743
179 4.4656734
180 4.338797
181 4.1977763
182 4.352754
183 4.28202
184 4.628607
185 4.6037383
186 4.644491
187 4.4762444
188 4.2910013
189 4.172003
190 4.324567
191 3.993472
192 4.161374
193 4.1354837
194 4.117099
195 4.1803913
196 4.3071566
197 4.309397
198 4.2988176
199 4.3405313
200 4.3375697
201 4.581776
202 4.053793
203 4.341486
204 4.3080583
205 4.127612
206 4.229334
207 4.1083775
208 4.217596
209 4.1694856
210 4.3647647
211 4.1979203
212 4.115285
213 4.2399225
214 4.2550807
215 4.4271092
216 4.251991
217 4.008002
218 3.8884025
219 4.2236075
220 4.081196
221 3.9167807
222 4.14239
223 4.183444
224 4.1338305
225 4.173433
226 3.9197829
227 4.1140685
228 4.2277045
229 3.9374487
230 4.059793
231 4.056173
232 4.3093686
233 4.075999
234 4.086973
235 4.109478
236 4.1521053
237 4.1371317
238 4.282582
239 3.9868078
240 3.9412322
241 4.221403
242 4.0022454
243 3.9999993
244 3.9374661
245 3.906314
246 4.0227995
247 4.0998545
248 3.827479
249 4.196064
250 4.1956263
251 3.8031638
252 4.212128
253 3.8607328
254 3.954343
255 3.8622339
256 3.8520057
257 3.9797552
258 4.0331216
259 3.9486604
260 3.8332653
261 3.9690514
262 3.8137445
263 3.933969
264 3.95589
265 3.9297931
266 3.840855
267 4.0083914
268 4.084065
269 3.973188
270 3.7871168
271 4.1092167
272 4.0158553
273 3.9386957
274 4.105834
275 3.9020138
276 4.07397
277 4.0630274
278 3.870838
279 3.988127
280 4.0936227
281 4.10026
282 4.105953
283 4.104788
284 4.120968
285 4.2282815
286 4.06437
287 4.1838274
288 4.077237
289 4.3774023
290 4.4244676
291 4.3020916
292 4.3383527
293 4.130786
294 4.3264422
295 4.261916
296 4.306441
297 4.3345366
298 4.4380264
299 4.2325926
300 4.004913
301 4.2367473
302 4.1372113
303 4.057769
304 4.19899
305 4.060672
306 3.8887725
307 4.314157
308 4.025098
309 4.1309075
310 4.0322165
311 3.9084468
312 4.1908875
313 4.037189
314 4.017725
315 4.0106587
316 3.9456809
317 3.905067
318 3.822648
319 4.24113
320 4.0689287
321 3.9494786
322 3.9112782
323 4.11688
324 4.0237536
325 3.9335191
326 4.002393
327 4.18782
328 4.102878
329 3.827428
330 4.0181894
331 3.9780843
332 3.897545
333 4.067046
334 3.9826663
335 4.0355544
336 3.772957
337 3.955742
338 3.9451957
339 3.8513086
340 3.8114672
341 4.0807934
342 4.059152
343 3.849382
344 4.1923847
345 4.03877
346 4.104648
347 4.257948
348 3.7530286
349 3.9158945
350 4.021115
351 4.138964
352 4.1407213
353 4.0154257
354 4.006412
355 4.094884
356 4.0981975
357 4.060445
358 3.8594446
359 4.0156827
360 3.6735332
361 4.024568
362 3.9034271
363 4.132156
364 3.7628877
365 3.730737
366 3.83449
367 3.9321508
368 3.8312984
369 3.8209052
370 4.0349236
371 3.7521448
372 3.9848304
373 4.0153017
374 3.715901
375 3.7798698
376 3.7983234
377 4.0048428
378 3.8879395
379 3.9024668
380 3.783037
381 3.763357
382 3.915937
383 3.761426
384 3.8886192
385 4.274641
386 3.7978852
387 3.7273583
388 3.686045
389 3.8077543
390 3.699802
391 3.723677
392 3.91769
393 4.0468593
394 3.8497663
395 3.982017
396 4.014809
397 3.7573593
398 4.180932
399 3.9524076
400 3.8537714
401 4.168709
402 3.723381
403 4.111049
404 3.924855
405 3.9998095
406 4.0136404
407 4.111077
408 4.0310855
409 3.7079544
410 3.9153922
411 3.7057974
412 3.7490487
413 3.974717
414 3.9725535
415 4.169939
416 3.9832041
417 3.7759304
418 3.9191964
419 4.0384192
420 3.836137
421 3.9334476
422 3.9754155
423 4.1034718
424 3.8402243
425 3.9608145
426 3.8760772
427 3.5925827
428 3.7817464
429 4.141204
430 3.708394
431 3.808114
432 3.5603352
433 3.8966105
434 3.7067935
435 3.7714612
436 3.810341
437 4.0250487
438 3.9824688
439 3.8346813
440 3.9544754
441 3.834822
442 3.8060317
443 3.6833572
444 3.8629377
445 3.8101223
446 3.5494735
447 3.8653026
448 3.6889803
449 3.664277
450 3.7627897
451 3.4268785
452 3.7671888
453 3.8468683
454 3.4504018
455 3.5430648
456 3.7054622
457 3.7445881
458 3.566023
459 3.645297
460 3.4575717
461 4.054105
462 3.4747589
463 3.5212162
464 3.6852949
465 3.7107546
466 3.8017473
467 3.7400918
468 3.7294242
469 3.9134545
470 4.074562
471 3.835309
472 4.14041
473 3.7194917
474 3.6860664
475 3.8584275
476 3.9618387
477 4.0017633
478 3.6811965
479 3.7786922
480 3.6809144
481 3.7522001
482 3.8875024
483 3.7785482
484 3.7303886
485 3.8295026
486 3.571244
487 3.9528155
488 3.6954978
489 3.9183404
490 3.647238
491 3.8624334
492 3.7347116
493 3.8236375
494 3.7569294
495 3.9753084
496 4.017121
497 3.8380232
498 3.755023
499 3.933469
500 3.8181586
501 3.9621425
502 3.8650975
503 3.8068957
504 3.3798764
505 3.7377763
506 3.7125237
507 3.8628428
508 3.7767286
509 3.8785155
510 4.0072703
511 3.9281044
512 3.7236793
513 3.6635613
514 3.8424997
515 3.7095742
516 3.840964
517 3.8725398
518 3.9985917
519 3.7846522
520 3.7452173
521 3.954055
522 3.683221
523 3.5445042
524 3.7996829
525 3.8943284
526 3.8181348
527 3.7504776
528 3.598748
529 3.7860246
530 3.9749784
531 3.6485891
532 3.4872692
533 3.7381027
534 3.8077705
535 4.0731487
536 3.8759093
537 4.0073133
538 4.004912
539 3.9976459
540 3.9781997
541 3.7763162
542 3.926866
543 3.8898385
544 3.8042648
545 3.8299236
546 3.9609537
547 3.7126248
548 3.689688
549 3.8501797
550 3.9626637
551 3.7029
552 3.7251215
553 3.9759407
554 3.9467325
555 3.996418
556 4.122997
557 3.9166324
558 3.576588
559 3.722954
560 3.7770202
561 3.9636517
562 3.9704144
563 3.8792675
564 4.0394235
565 3.7237232
566 3.6334667
567 3.6440475
568 3.8185124
569 3.637765
570 3.8871827
571 3.682233
572 3.8019152
573 3.6414719
574 3.8236785
575 3.6846402
576 3.9365644
577 3.68161
578 4.044088
579 3.6352484
580 3.9996083
581 3.8047404
582 3.6637702
583 3.6662319
584 3.7193077
585 3.7419403
586 3.9067352
587 3.8253472
588 3.7835286
589 3.9811332
590 3.7798195
591 3.8929133
592 3.9581223
593 3.6409593
594 3.8479652
595 3.7263548
596 3.5536652
597 3.6656592
598 3.8940356
599 3.51868
600 3.6030269
601 3.7734826
602 3.7672806
603 3.6632507
604 3.6528447
605 3.730168
606 3.6338365
607 4.0213737
608 3.5956128
609 3.7470899
610 3.8110795
611 3.585098
612 3.8672872
613 3.8930137
614 3.8972232
615 3.9862924
616 3.4338589
617 3.6523907
618 3.715982
619 3.6943693
620 3.746556
621 3.829581
622 4.0288105
623 3.6781118
624 3.636623
625 3.6971145
626 3.7282088
627 3.6823163
628 3.9526942
629 3.8775628
630 3.725507
631 3.7862978
632 3.9155402
633 4.1096153
634 3.9032528
635 3.976504
636 3.8883839
637 4.105415
638 3.79142
639 3.9969234
640 3.9752655
641 3.8490746
642 3.8296418
643 3.5976846
644 3.587287
645 3.6700692
646 3.8633597
647 3.4881177
648 3.8894398
649 3.9076412
650 3.943324
651 3.8646922
652 3.7552388
653 3.8211687
654 3.7661338
655 3.6926305
656 3.7465794
657 3.7790256
658 3.6791997
659 3.7144685
660 3.6414285
661 3.6431944
662 3.7039363
663 3.736376
664 3.6803863
665 3.8290815
666 3.6214979
667 3.497035
668 3.560844
669 3.7858932
670 3.7464108
671 3.7415385
672 3.7559197
673 3.9539478
674 3.4545407
675 3.7276986
676 3.6489987
677 3.57671
678 3.5979617
679 3.679463
680 3.742383
681 3.894576
682 3.5515347
683 3.8599558
684 3.734091
685 3.8010445
686 3.5536647
687 3.9008505
688 3.7355924
689 3.7097118
690 3.4990737
691 3.7329068
692 3.6695335
693 3.8246746
694 3.564581
695 3.851599
696 3.519096
697 3.9483604
698 3.7157853
699 3.62965
700 3.8536155
701 3.410944
702 3.5419261
703 3.8876238
704 3.646489
705 3.664058
706 3.6821933
707 3.5781078
708 4.13488
709 3.6112933
710 3.8002527
711 3.5666325
712 3.857848
713 3.7817323
714 3.8307123
715 3.677756
716 3.772781
717 3.7045455
718 3.700342
719 3.7434437
720 3.7774286
721 3.5790277
722 3.7322316
723 3.7160459
724 3.6532452
725 3.4592795
726 3.557909
727 3.7472692
728 3.634194
729 3.6880696
730 3.48117
731 3.5381927
732 3.7829792
733 3.859888
734 3.5786777
735 3.5487154
736 3.5494611
737 3.7906406
738 3.7573645
739 3.7803385
740 3.6878512
741 3.588625
742 3.358751
743 3.7280717
744 3.646352
745 3.750806
746 3.8492248
747 3.7066753
748 3.9543605
749 3.8369539
750 3.5976756
751 3.729241
752 3.3940854
753 3.6004333
754 3.8490074
755 3.9148114
756 3.7403398
757 3.555965
758 3.6013896
759 3.4799612
760 3.557243
761 3.6486287
762 3.5256102
763 3.9883642
764 3.837646
765 3.947114
766 3.7659638
767 3.9045944
768 3.6961691
769 3.8202672
770 3.6447647
771 3.6900322
772 3.640626
773 3.6472588
774 3.5891821
775 3.8641686
776 3.5286615
777 3.5892262
778 3.5087526
779 3.7164638
780 3.7957966
781 3.7877462
782 3.7034311
783 3.6259875
784 3.4143605
785 3.851582
786 3.8304255
787 3.7025003
788 3.624245
789 3.537994
790 3.5388312
791 3.6777706
792 3.8607981
793 3.8070703
794 3.8966455
795 3.8123016
796 3.7662897
797 4.1634007
798 3.7704835
799 3.8712342
800 3.8035724
801 3.7890549
802 4.0582147
803 3.9397323
804 3.728546
805 3.6151323
806 3.7900882
807 3.7011454
808 3.5337892
809 3.50839
810 3.4277773
811 3.6539178
812 3.408241
813 3.5316482
814 3.6701975
815 3.5422668
816 3.62996
817 3.8359725
818 3.5392797
819 3.6932726
820 3.5913894
821 3.8324513
822 3.7674088
823 3.637375
824 3.5187683
825 3.6315699
826 3.599113
827 3.6949654
828 3.519022
829 3.7081165
830 3.7665985
831 3.6148603
832 3.7934396
833 3.289826
834 3.9139721
835 3.6917334
836 3.9955752
837 3.7306926
838 3.676505
839 3.765999
840 3.7721236
841 3.6140552
842 3.4997818
843 3.8759398
844 3.7474327
845 3.3293295
846 3.6363626
847 3.8146548
848 3.5566514
849 3.7461226
850 3.5714316
851 3.8875751
852 3.6154718
853 3.5539176
854 3.740373
855 3.9226735
856 3.651818
857 3.4728897
858 3.5504634
859 3.6281357
860 3.60837
861 3.7721267
862 3.6344035
863 4.0305376
864 3.623091
865 3.619089
866 3.6559405
867 3.5776155
868 3.5780542
869 3.2894228
870 3.6259997
871 3.5950086
872 3.634493
873 3.8699129
874 3.7624485
875 3.6840272
876 3.5404077
877 3.5500064
878 3.6847396
879 3.897594
880 3.638152
881 3.3887048
882 3.7643566
883 3.5489452
884 3.5163405
885 3.6383002
886 3.4789546
887 3.5037706
888 3.6723497
889 3.6856947
890 3.5299497
891 3.511669
892 3.6101003
893 3.7248266
894 3.7652466
895 3.6195014
896 3.9506433
897 3.6310427
898 3.6850286
899 3.672633
900 3.4621181
901 3.6150298
902 3.6127813
903 3.688634
904 3.6375177
905 3.5276957
906 3.4262803
907 3.723203
908 3.4486914
909 3.6028056
910 3.9046972
911 3.5052013
912 3.7802124
913 3.4825778
914 3.5159492
915 3.4682581
916 3.6190178
917 3.698925
918 3.7698205
919 3.6106484
920 3.5920274
921 3.9703
922 3.7304728
923 3.5050497
924 3.7769198
925 3.7423184
926 3.6630828
927 3.7457669
928 3.5604427
929 3.6043766
930 3.4424748
931 3.4748485
932 3.5086489
933 3.595882
934 3.4711847
935 3.6061335
936 3.6710968
937 3.791275
938 3.6168122
939 3.7983558
940 3.5061684
941 3.476004
942 3.6740434
943 3.8412116
944 3.752785
945 3.7204933
946 3.7105553
947 3.7974656
948 3.8072941
949 3.805524
950 3.8131588
951 3.9085777
952 3.5953047
953 3.5054197
954 3.4815679
955 3.5039427
956 3.5795403
957 3.6495867
958 3.7543895
959 3.375025
960 3.4685767
961 3.6844869
962 3.297995
963 3.5774326
964 3.7826703
965 3.694685
966 3.9960792
967 3.6594138
968 3.369729
969 3.3509545
970 3.4954114
971 3.5112066
972 3.6480622
973 3.342675
974 3.447125
975 3.461492
976 3.41592
977 3.6001961
978 3.3588212
979 3.6179738
980 3.2544558
981 3.541541
982 3.5179553
983 3.4100041
984 3.410007
985 3.56138
986 3.3761053
987 3.7189968
988 3.7053342
989 3.442843
990 3.6279938
991 3.5137396
992 3.1582098
993 3.303885
994 3.5412858
995 3.4299035
996 3.384394
997 3.4941037
998 3.7035208
999 3.491235
1000 3.8879035
