1 5.3420978
2 5.301577
3 5.244792
4 5.17883
5 5.138501
6 5.025615
7 4.8861985
8 4.841326
9 4.68384
10 4.515544
11 4.3063803
12 4.182641
13 4.08346
14 3.8075974
15 3.8221707
16 3.986913
17 3.72159
18 3.9147277
19 4.0886526
20 3.8040557
21 3.86531
22 3.9427369
23 3.7399204
24 3.7331004
25 3.5618186
26 3.5230014
27 3.752163
28 3.5681827
29 3.511063
30 3.6937537
31 3.5730755
32 3.544476
33 3.5758996
34 3.5931754
35 3.648484
36 3.6949532
37 3.6119359
38 3.6856484
39 3.7036157
40 3.3888593
41 3.579782
42 3.63668
43 3.5387063
44 3.6735477
45 3.8110385
46 3.630362
47 3.543071
48 3.7069364
49 3.5634396
50 3.7027905
51 3.4500165
52 3.5023987
53 3.7047787
54 3.6518478
55 3.6981921
56 3.6749566
57 3.590468
58 3.585965
59 3.5164325
60 3.503027
61 3.7071667
62 3.5192845
63 3.4923751
64 3.634576
65 3.5611527
66 3.4875245
67 3.5763924
68 3.5562317
69 3.4925606
70 3.6226993
71 3.4963634
72 3.4483197
73 3.4281185
74 3.3091245
75 3.3629062
76 3.3525124
77 3.4236546
78 3.671819
79 3.514164
80 3.4320474
81 3.490172
82 3.363006
83 3.4161782
84 3.536904
85 3.534104
86 3.6346898
87 3.4593709
88 3.5771275
89 3.4754765
90 3.6121402
91 3.4638343
92 3.4303334
93 3.5023243
94 3.3162887
95 3.4247508
96 3.2626114
97 3.230536
98 3.4261975
99 3.4092083
100 3.3723702
101 3.463969
102 3.2864823
103 3.4501083
104 3.3279083
105 3.1190283
106 3.2403774
107 3.291954
108 3.3080337
109 3.3180397
110 3.2605476
111 3.2205162
112 3.2653663
113 3.1911635
114 3.2876563
115 3.3720489
116 3.1710649
117 3.293974
118 3.3409553
119 3.2141767
120 3.284855
121 3.3085246
122 3.2710948
123 3.2685523
124 3.248056
125 3.2838101
126 3.3455148
127 3.066531
128 3.1761909
129 3.1928718
130 3.129314
131 3.17896
132 3.082954
133 3.131076
134 3.2086792
135 3.0269136
136 3.1772468
137 3.2461212
138 3.0764282
139 3.288648
140 3.3027008
141 3.0915728
142 3.1703825
143 3.109337
144 3.0743182
145 3.122837
146 3.2040527
147 3.0303736
148 3.213541
149 3.091798
150 3.280964
151 3.2576718
152 3.3244407
153 3.1249244
154 3.165111
155 3.2767391
156 3.2399125
157 3.2338321
158 3.12386
159 3.0693018
160 3.103723
161 3.2004304
162 3.190879
163 3.0076444
164 2.972743
165 2.9870634
166 3.1787994
167 3.116152
168 3.1114914
169 3.0696285
170 3.048268
171 2.8539784
172 3.067055
173 3.0591168
174 2.8977585
175 2.9867747
176 2.9796581
177 2.83225
178 2.9777424
179 3.0953689
180 3.007425
181 2.9096768
182 3.0170994
183 2.9680703
184 3.2083058
185 3.1910684
186 3.219316
187 3.1026964
188 2.9742954
189 2.891812
190 2.9975615
191 2.768064
192 2.8844447
193 2.866499
194 2.8537555
195 2.8976264
196 2.9854934
197 2.9870467
198 2.9797134
199 3.0086272
200 3.0065744
201 3.1758451
202 2.8098752
203 3.0092888
204 2.9861183
205 2.8610427
206 2.931551
207 2.8477104
208 2.923415
209 2.8900673
210 3.0254245
211 2.9097767
212 2.8524983
213 2.9388905
214 2.9493973
215 3.0686383
216 2.9472554
217 2.7781353
218 2.6952353
219 2.9275818
220 2.8288696
221 2.7149055
222 2.871286
223 2.8997424
224 2.8653529
225 2.8928032
226 2.7169864
227 2.851655
228 2.9304216
229 2.7292316
230 2.8140342
231 2.8115249
232 2.9870267
233 2.825267
234 2.8328738
235 2.848473
236 2.87802
237 2.8676412
238 2.9684596
239 2.7634447
240 2.731854
241 2.9260538
242 2.7741451
243 2.7725883
244 2.7292435
245 2.7076504
246 2.7883923
247 2.8418026
248 2.6530063
249 2.90849
250 2.9081864
251 2.6361523
252 2.9196248
253 2.6760561
254 2.7409418
255 2.6770966
256 2.670007
257 2.7585561
258 2.795547
259 2.7370028
260 2.657017
261 2.7511368
262 2.6434863
263 2.7268195
264 2.742014
265 2.723925
266 2.6622777
267 2.7784052
268 2.8308582
269 2.754004
270 2.6250293
271 2.8482919
272 2.7835789
273 2.7300959
274 2.8459473
275 2.70467
276 2.823861
277 2.816276
278 2.6830604
279 2.764359
280 2.8374832
281 2.8420835
282 2.84603
283 2.8452222
284 2.8564372
285 2.9308214
286 2.8172069
287 2.9000082
288 2.8261254
289 3.034184
290 3.0668073
291 2.9819827
292 3.007117
293 2.8632426
294 2.9988613
295 2.9541352
296 2.9849975
297 3.0044718
298 3.0762055
299 2.9338098
300 2.775994
301 2.9366894
302 2.8676963
303 2.8126311
304 2.910518
305 2.8146431
306 2.6954918
307 2.9903457
308 2.7899852
309 2.863327
310 2.7949195
311 2.7091289
312 2.9049017
313 2.798366
314 2.7848747
315 2.7799768
316 2.7349377
317 2.7067862
318 2.6496577
319 2.9397273
320 2.8203664
321 2.73757
322 2.7110915
323 2.8536038
324 2.7890537
325 2.7265077
326 2.7742474
327 2.9027758
328 2.8438983
329 2.652971
330 2.7851968
331 2.757398
332 2.7015724
333 2.8190618
334 2.7605739
335 2.7972333
336 2.6152146
337 2.7419114
338 2.7346013
339 2.6695237
340 2.6419077
341 2.8285904
342 2.8135898
343 2.6681883
344 2.9059396
345 2.7994623
346 2.8451252
347 2.9513845
348 2.6014013
349 2.7142913
350 2.7872243
351 2.8689113
352 2.8701293
353 2.783281
354 2.7770333
355 2.8383572
356 2.840654
357 2.814486
358 2.6751633
359 2.7834592
360 2.5462992
361 2.789618
362 2.7056496
363 2.8641922
364 2.6082351
365 2.58595
366 2.657866
367 2.7255592
368 2.6556537
369 2.6484497
370 2.796796
371 2.6007886
372 2.762074
373 2.783195
374 2.5756662
375 2.620006
376 2.6327972
377 2.7759454
378 2.6949143
379 2.704984
380 2.6222014
381 2.6085603
382 2.7143207
383 2.6072218
384 2.6953855
385 2.9629555
386 2.6324935
387 2.583608
388 2.5549717
389 2.6393342
390 2.5645072
391 2.581056
392 2.7155359
393 2.805069
394 2.6684546
395 2.760124
396 2.7828536
397 2.604403
398 2.8980012
399 2.7396002
400 2.6712308
401 2.8895288
402 2.580851
403 2.8495622
404 2.7205021
405 2.7724566
406 2.7820435
407 2.8495812
408 2.7941356
409 2.5701582
410 2.713943
411 2.5686631
412 2.5986426
413 2.7550638
414 2.7535644
415 2.8903816
416 2.7609468
417 2.6172755
418 2.71658
419 2.799219
420 2.6590075
421 2.726458
422 2.755548
423 2.84431
424 2.6618407
425 2.7454274
426 2.686692
427 2.4901886
428 2.621307
429 2.8704638
430 2.570463
431 2.6395836
432 2.4678364
433 2.7009246
434 2.5693536
435 2.6141777
436 2.641127
437 2.7899513
438 2.760437
439 2.6579986
440 2.7410336
441 2.658096
442 2.6381402
443 2.5531087
444 2.6775844
445 2.6409755
446 2.4603076
447 2.6792235
448 2.5570064
449 2.5398834
450 2.6081672
451 2.3753312
452 2.6112163
453 2.666446
454 2.3916364
455 2.4558654
456 2.5684307
457 2.5955508
458 2.4717789
459 2.5267274
460 2.3966062
461 2.8100915
462 2.4085193
463 2.440721
464 2.5544517
465 2.5720992
466 2.6351705
467 2.5924342
468 2.5850399
469 2.7126
470 2.8242712
471 2.6584337
472 2.8699136
473 2.5781553
474 2.5549865
475 2.6744583
476 2.7461374
477 2.7738109
478 2.551611
479 2.61919
480 2.5514154
481 2.600827
482 2.6946113
483 2.61909
484 2.5857084
485 2.654409
486 2.4753978
487 2.739883
488 2.561524
489 2.7159867
490 2.5280728
491 2.677235
492 2.5887048
493 2.6503437
494 2.604105
495 2.7554739
496 2.784456
497 2.660315
498 2.6027837
499 2.726473
500 2.646546
501 2.746348
502 2.6790814
503 2.638739
504 2.3427517
505 2.5908291
506 2.5733254
507 2.6775186
508 2.6178288
509 2.6883821
510 2.7776282
511 2.7227545
512 2.5810578
513 2.5393872
514 2.6634178
515 2.571281
516 2.6623535
517 2.68424
518 2.7716126
519 2.623321
520 2.5959868
521 2.7407422
522 2.5530143
523 2.4568632
524 2.6337395
525 2.6993427
526 2.6465294
527 2.599633
528 2.494462
529 2.6242723
530 2.7552452
531 2.5290093
532 2.4171908
533 2.5910554
534 2.6393454
535 2.8232915
536 2.6865757
537 2.777658
538 2.7759936
539 2.770957
540 2.757478
541 2.617543
542 2.7218962
543 2.6962306
544 2.6369154
545 2.6547008
546 2.745524
547 2.5733955
548 2.5574968
549 2.6687412
550 2.746709
551 2.5666547
552 2.5820575
553 2.755912
554 2.7356665
555 2.7701058
556 2.8578436
557 2.7148027
558 2.479102
559 2.5805552
560 2.618031
561 2.747394
562 2.7520816
563 2.6889033
564 2.799915
565 2.5810883
566 2.5185273
567 2.5258613
568 2.6467912
569 2.5215065
570 2.6943898
571 2.5523295
572 2.6352868
573 2.524076
574 2.650372
575 2.553998
576 2.7286186
577 2.5518978
578 2.8031483
579 2.5197623
580 2.7723172
581 2.6372452
582 2.539532
583 2.5412383
584 2.5780277
585 2.5937154
586 2.7079425
587 2.6515286
588 2.6225421
589 2.7595112
590 2.6199713
591 2.6983619
592 2.7435613
593 2.5237207
594 2.6672063
595 2.5829124
596 2.463213
597 2.5408413
598 2.6991398
599 2.4389632
600 2.497428
601 2.615579
602 2.61128
603 2.539172
604 2.531959
605 2.5855556
606 2.5187836
607 2.787404
608 2.4922888
609 2.5972848
610 2.641639
611 2.4850006
612 2.6805992
613 2.6984315
614 2.7013493
615 2.7630873
616 2.3801696
617 2.5316443
618 2.5757225
619 2.5607417
620 2.5969148
621 2.6544633
622 2.7925587
623 2.5494728
624 2.520715
625 2.5626445
626 2.5841975
627 2.5523872
628 2.7397988
629 2.6877217
630 2.5823247
631 2.6244617
632 2.7140458
633 2.8485684
634 2.7055287
635 2.7563026
636 2.6952224
637 2.8456569
638 2.6280122
639 2.7704563
640 2.755444
641 2.6679752
642 2.6545055
643 2.493725
644 2.486518
645 2.543898
646 2.677877
647 2.417779
648 2.6959543
649 2.7085705
650 2.733304
651 2.6788006
652 2.6029332
653 2.6486323
654 2.610485
655 2.5595365
656 2.596931
657 2.619421
658 2.550227
659 2.5746734
660 2.524046
661 2.52527
662 2.567373
663 2.5898585
664 2.5510495
665 2.654117
666 2.510231
667 2.42396
668 2.468189
669 2.6241813
670 2.5968142
671 2.593437
672 2.6034052
673 2.7406678
674 2.3945053
675 2.5838437
676 2.5292933
677 2.4791865
678 2.493917
679 2.5504093
680 2.5940223
681 2.6995144
682 2.4617362
683 2.6755176
684 2.5882747
685 2.6346834
686 2.4632127
687 2.7038636
688 2.5893154
689 2.5713763
690 2.425373
691 2.5874538
692 2.543527
693 2.6510625
694 2.4707792
695 2.669725
696 2.4392514
697 2.736795
698 2.575586
699 2.5158818
700 2.6711228
701 2.3642862
702 2.4550762
703 2.6946955
704 2.5275536
705 2.5397315
706 2.552302
707 2.4801555
708 2.8660805
709 2.5031579
710 2.6341345
711 2.4722013
712 2.6740565
713 2.6212971
714 2.6552474
715 2.5492263
716 2.6150925
717 2.5677953
718 2.5648816
719 2.5947576
720 2.618314
721 2.480793
722 2.5869858
723 2.5757668
724 2.5322366
725 2.39779
726 2.4661546
727 2.597409
728 2.5190313
729 2.556375
730 2.4129632
731 2.4524884
732 2.6221614
733 2.6754706
734 2.4805503
735 2.4597821
736 2.460299
737 2.627472
738 2.6044066
739 2.620331
740 2.5562236
741 2.4874454
742 2.3281088
743 2.5841024
744 2.5274587
745 2.5998607
746 2.6680794
747 2.5692716
748 2.740954
749 2.6595738
750 2.4937186
751 2.5849128
752 2.3526008
753 2.4956303
754 2.6679287
755 2.7135406
756 2.592606
757 2.464807
758 2.496293
759 2.4121253
760 2.465693
761 2.5290368
762 2.4437668
763 2.7645235
764 2.6600535
765 2.735931
766 2.6103673
767 2.7064586
768 2.5619893
769 2.6480074
770 2.5263584
771 2.5577354
772 2.5234897
773 2.5280871
774 2.4878316
775 2.6784377
776 2.4458818
777 2.487862
778 2.432082
779 2.5760565
780 2.6310458
781 2.6254656
782 2.5670228
783 2.513343
784 2.3666544
785 2.6697133
786 2.6550486
787 2.5663776
788 2.5121353
789 2.4523506
790 2.452931
791 2.5492363
792 2.6761014
793 2.63886
794 2.700949
795 2.642486
796 2.610593
797 2.8858495
798 2.6135
799 2.683335
800 2.6364355
801 2.6263728
802 2.8129401
803 2.7308145
804 2.5844312
805 2.5058188
806 2.627089
807 2.5654385
808 2.449436
809 2.4318306
810 2.3759542
811 2.532703
812 2.3624127
813 2.447952
814 2.543987
815 2.4553123
816 2.5160966
817 2.6588936
818 2.4532418
819 2.5599816
820 2.4893615
821 2.656453
822 2.611369
823 2.5212364
824 2.4390244
825 2.5172124
826 2.494715
827 2.5611548
828 2.4392002
829 2.5702705
830 2.6108072
831 2.5056303
832 2.629412
833 2.2803335
834 2.7129588
835 2.5589147
836 2.7695217
837 2.5859191
838 2.5483592
839 2.6103916
840 2.614637
841 2.505072
842 2.425864
843 2.6865969
844 2.5975225
845 2.3077154
846 2.5205345
847 2.6441174
848 2.465283
849 2.5966144
850 2.4755278
851 2.6946619
852 2.5060542
853 2.463388
854 2.592629
855 2.71899
856 2.5312474
857 2.4072237
858 2.4609938
859 2.514832
860 2.5011315
861 2.614639
862 2.5191765
863 2.7937558
864 2.5113354
865 2.5085614
866 2.5341048
867 2.479814
868 2.4801183
869 2.280054
870 2.5133514
871 2.4918702
872 2.5192387
873 2.6824193
874 2.6079307
875 2.5535731
876 2.4540236
877 2.460677
878 2.554067
879 2.7016063
880 2.5217748
881 2.3488712
882 2.6092532
883 2.4599414
884 2.4373415
885 2.5218775
886 2.4114275
887 2.4286287
888 2.5454788
889 2.554729
890 2.4467747
891 2.4341035
892 2.5023308
893 2.5818532
894 2.6098702
895 2.5088472
896 2.7383773
897 2.5168471
898 2.5542672
899 2.5456753
900 2.3997574
901 2.5057478
902 2.5041893
903 2.5567663
904 2.5213351
905 2.4452124
906 2.3749166
907 2.5807276
908 2.3904507
909 2.4972746
910 2.7065299
911 2.4296205
912 2.6202435
913 2.413939
914 2.4370704
915 2.4040134
916 2.508512
917 2.5638995
918 2.6130404
919 2.5027108
920 2.4898038
921 2.7520022
922 2.5857668
923 2.4295154
924 2.6179614
925 2.5939775
926 2.5390556
927 2.5963678
928 2.4679108
929 2.4983635
930 2.3861418
931 2.4085815
932 2.4320102
933 2.4924755
934 2.4060419
935 2.4995813
936 2.5446105
937 2.6279116
938 2.5069833
939 2.6328197
940 2.4302907
941 2.4093823
942 2.5466528
943 2.662525
944 2.6012323
945 2.5788496
946 2.571961
947 2.6322026
948 2.6390152
949 2.6377883
950 2.6430802
951 2.7092197
952 2.4920754
953 2.429772
954 2.413239
955 2.4287481
956 2.4811482
957 2.5297008
958 2.6023445
959 2.339389
960 2.4042342
961 2.5538917
962 2.285996
963 2.4796875
964 2.6219473
965 2.5609605
966 2.769871
967 2.5365124
968 2.3357182
969 2.3227048
970 2.4228346
971 2.433783
972 2.528644
973 2.3169658
974 2.389365
975 2.3993235
976 2.3677354
977 2.4954658
978 2.3281574
979 2.5077884
980 2.255817
981 2.4548092
982 2.4384608
983 2.3636348
984 2.3636367
985 2.4685605
986 2.340138
987 2.5778122
988 2.568342
989 2.386397
990 2.5147338
991 2.4355388
992 2.1891043
993 2.2900786
994 2.4546323
995 2.377428
996 2.3458831
997 2.4219282
998 2.567085
999 2.4199398
1000 2.6948893
