1 204.453
2 203.55746
3 202.68059
4 201.60275
5 198.95898
6 194.81612
7 187.92429
8 178.27475
9 167.54977
10 152.76913
11 134.7487
12 112.73711
13 91.715065
14 72.72905
15 56.35431
16 44.61489
17 38.88804
18 35.50203
19 33.89872
20 33.117756
21 33.596664
22 34.712654
23 35.959686
24 37.17429
25 38.014732
26 38.573586
27 39.015305
28 39.139336
29 39.217766
30 38.730904
31 38.387653
32 38.228172
33 38.032867
34 37.84587
35 37.758125
36 37.32025
37 37.137703
38 37.051796
39 36.46667
40 36.141773
41 35.813915
42 35.354057
43 34.95931
44 34.425476
45 34.561455
46 34.994606
47 35.652557
48 36.725315
49 38.10506
50 39.269825
51 39.88348
52 41.081444
53 41.881977
54 41.95255
55 42.14751
56 43.409916
57 43.62789
58 43.775524
59 41.76933
60 42.14524
61 40.98155
62 40.99982
63 41.69262
64 41.64136
65 41.266075
66 41.73887
67 44.190933
68 44.734943
69 44.26828
70 42.237457
71 37.356133
72 36.12484
73 35.08497
74 35.171585
75 34.21786
76 34.313637
77 35.615086
78 37.82176
79 39.760155
80 38.812984
81 39.97569
82 38.67559
83 34.492897
84 33.65964
85 34.620323
86 35.664276
87 36.908092
88 37.947853
89 39.334938
90 40.596424
91 42.02354
92 43.366325
93 42.4488
94 42.14157
95 39.001488
96 37.86727
97 34.768917
98 34.603092
99 35.061356
100 34.20337
101 31.983099
102 30.20668
103 35.54001
104 34.78689
105 33.96613
106 33.143604
107 34.024635
108 35.974007
109 34.815178
110 34.631264
111 34.880486
112 35.188087
113 33.918205
114 33.07135
115 34.038063
116 34.625618
117 32.98292
118 34.410545
119 34.036537
120 33.912178
121 32.59681
122 33.200935
123 33.06359
124 31.908863
125 32.058617
126 30.467749
127 30.514652
128 29.933218
129 30.405432
130 30.54794
131 30.868473
132 31.319538
133 31.416721
134 31.236958
135 30.48588
136 30.322315
137 28.633734
138 29.986805
139 28.480026
140 29.21632
141 29.763226
142 28.6945
143 30.558132
144 32.450626
145 30.089413
146 30.924871
147 30.581348
148 30.002817
149 28.970526
150 28.932444
151 28.497742
152 29.140377
153 27.271412
154 26.827509
155 28.691082
156 30.260098
157 31.81983
158 31.391895
159 31.78891
160 31.130945
161 30.12119
162 29.792078
163 29.327312
164 28.274532
165 28.439585
166 27.04985
167 29.003317
168 27.368038
169 26.796549
170 26.212128
171 26.024704
172 26.290829
173 25.977879
174 26.010284
175 25.241104
176 26.234324
177 27.43906
178 27.100225
179 28.725819
180 28.346851
181 26.783138
182 27.971786
183 25.863125
184 27.23429
185 26.72704
186 27.23702
187 27.029041
188 25.981531
189 25.281052
190 26.753443
191 25.483725
192 24.917347
193 27.659313
194 25.94617
195 26.071115
196 26.62092
197 24.939692
198 25.992651
199 25.359848
200 26.242676
201 26.488926
202 25.50159
203 24.0664
204 24.460278
205 25.183598
206 25.562458
207 24.77681
208 24.433908
209 24.140598
210 24.135525
211 26.855602
212 24.685991
213 24.90077
214 26.41687
215 26.287348
216 25.063301
217 24.552921
218 22.70722
219 21.608105
220 23.352207
221 22.389164
222 22.779995
223 24.20945
224 21.144016
225 22.012724
226 22.85434
227 23.156216
228 22.067616
229 22.9968
230 23.619522
231 22.248524
232 23.363745
233 23.368536
234 21.46062
235 21.64674
236 22.778255
237 21.708902
238 23.530571
239 22.590622
240 21.988586
241 22.724606
242 22.802313
243 22.753757
244 23.214542
245 23.849504
246 22.705261
247 23.830738
248 22.589901
249 21.13136
250 21.922672
251 21.011988
252 21.311335
253 21.375504
254 20.80976
255 21.098667
256 20.427715
257 21.91634
258 21.297663
259 20.530506
260 20.269466
261 21.483995
262 20.059357
263 20.532593
264 19.17464
265 20.566822
266 20.02769
267 19.674595
268 20.807566
269 20.562994
270 19.657932
271 20.910172
272 21.130314
273 19.761166
274 19.596186
275 20.476248
276 19.187952
277 20.2683
278 19.983082
279 19.232061
280 20.138182
281 19.68191
282 21.38821
283 21.261124
284 21.277407
285 22.401142
286 22.43462
287 23.039707
288 23.821365
289 24.31892
290 24.376728
291 24.622623
292 23.764202
293 24.310968
294 23.376392
295 22.238798
296 21.660854
297 22.403961
298 23.41622
299 24.243393
300 22.738754
301 23.310486
302 22.820751
303 22.937115
304 24.084164
305 24.08302
306 22.536991
307 22.864765
308 24.019428
309 22.264841
310 23.306263
311 23.33609
312 23.406227
313 22.861794
314 22.68172
315 22.315018
316 23.232573
317 22.482077
318 21.785343
319 22.333576
320 21.560883
321 21.765598
322 20.993114
323 20.760605
324 21.638035
325 21.341635
326 20.72878
327 21.809776
328 22.761929
329 22.313305
330 23.043795
331 22.113623
332 21.876173
333 21.2285
334 20.775173
335 20.956882
336 20.97713
337 20.089853
338 20.620836
339 20.203749
340 20.100607
341 20.56708
342 21.29292
343 20.854334
344 21.952744
345 21.9439
346 21.700125
347 23.01511
348 21.031094
349 20.829002
350 22.226408
351 22.878895
352 22.681402
353 23.046885
354 22.057774
355 23.515026
356 21.861597
357 20.122524
358 19.990154
359 19.112873
360 18.2832
361 19.53721
362 18.64963
363 19.473211
364 19.419056
365 17.905888
366 19.88492
367 19.171288
368 20.35135
369 20.33115
370 21.529512
371 19.669949
372 19.254429
373 20.405943
374 19.37988
375 18.544418
376 18.053814
377 19.98135
378 21.287683
379 19.471481
380 18.403309
381 19.004215
382 18.90347
383 19.337448
384 20.362705
385 20.607214
386 19.123419
387 18.255495
388 18.435648
389 19.578562
390 18.33569
391 18.678928
392 18.269897
393 20.356762
394 20.15403
395 21.053343
396 20.57108
397 19.38504
398 20.513332
399 19.950691
400 19.416452
401 19.719349
402 20.178423
403 20.017378
404 20.486801
405 18.944866
406 20.989786
407 22.15368
408 21.446283
409 20.234486
410 20.857244
411 20.259365
412 20.783117
413 20.267166
414 21.250214
415 20.291739
416 21.20975
417 19.411465
418 20.278065
419 21.195042
420 21.37216
421 20.195324
422 22.161821
423 21.36115
424 20.617908
425 20.0495
426 20.620502
427 19.043964
428 20.677094
429 22.262169
430 20.101334
431 19.78484
432 18.137867
433 19.631735
434 18.25748
435 18.013418
436 18.778515
437 17.30513
438 17.628468
439 18.229115
440 17.932415
441 19.219622
442 17.607111
443 18.788654
444 18.696438
445 20.778267
446 19.146069
447 19.15693
448 18.883799
449 18.231024
450 19.16829
451 17.898697
452 18.646729
453 19.004547
454 18.646078
455 18.663586
456 18.609291
457 18.38171
458 17.537472
459 17.858288
460 17.925686
461 18.741083
462 17.663437
463 18.312107
464 17.670132
465 16.482264
466 16.957531
467 18.067244
468 18.312855
469 17.82317
470 17.530264
471 17.519753
472 17.719395
473 18.152939
474 18.66059
475 18.9174
476 18.920837
477 18.82959
478 19.67336
479 18.76173
480 18.980368
481 18.779778
482 18.206253
483 19.521976
484 20.198086
485 19.511547
486 18.241236
487 19.430609
488 19.48118
489 20.422766
490 20.24796
491 19.62508
492 19.575039
493 19.708675
494 20.488333
495 20.248795
496 20.435272
497 19.798557
498 19.663462
499 19.159098
500 19.725546
501 18.530825
502 19.690805
503 19.398703
504 18.613304
505 19.731949
506 19.46441
507 18.891132
508 19.40798
509 20.394104
510 20.505163
511 20.226221
512 19.482346
513 18.964338
514 18.520824
515 18.575842
516 18.878922
517 19.473297
518 19.245564
519 18.298124
520 18.153912
521 19.5189
522 17.981647
523 17.837383
524 19.43443
525 18.65295
526 19.467407
527 19.550188
528 19.721336
529 19.019554
530 19.471178
531 18.195358
532 18.75788
533 18.909185
534 19.04069
535 19.987064
536 19.129095
537 18.819939
538 19.915249
539 19.5039
540 19.052526
541 18.674475
542 18.402029
543 19.167603
544 18.718542
545 19.170135
546 19.435925
547 18.773144
548 19.276348
549 19.618414
550 18.974056
551 19.08997
552 20.370615
553 19.226337
554 20.318192
555 20.66284
556 21.589853
557 20.802738
558 19.446041
559 18.354599
560 19.482428
561 19.784763
562 20.84555
563 19.98656
564 19.503893
565 17.876963
566 18.69553
567 18.137613
568 19.00922
569 19.02682
570 20.36561
571 19.284607
572 18.330969
573 18.28387
574 17.837223
575 18.343958
576 18.67819
577 17.616201
578 18.286882
579 17.476107
580 19.145138
581 18.849707
582 17.965504
583 19.653854
584 18.283491
585 19.84203
586 20.212255
587 18.347013
588 17.57051
589 18.337606
590 18.209156
591 17.879705
592 19.271362
593 18.050701
594 18.435783
595 17.385008
596 17.922382
597 17.128275
598 18.04327
599 18.543716
600 17.351398
601 18.22182
602 18.110907
603 17.651188
604 18.642637
605 18.341665
606 18.133286
607 19.739199
608 18.288061
609 19.113869
610 17.212872
611 17.43379
612 18.329992
613 20.233862
614 20.13776
615 19.658432
616 19.646015
617 19.501534
618 18.87171
619 18.310598
620 18.164852
621 19.49231
622 18.693924
623 17.457819
624 18.560375
625 18.08263
626 18.843039
627 18.454111
628 18.960653
629 19.163113
630 18.738499
631 19.36958
632 19.8894
633 19.754227
634 20.725477
635 19.646559
636 19.854462
637 19.82024
638 19.356106
639 19.7753
640 20.295305
641 20.454254
642 19.701536
643 19.130333
644 18.516428
645 18.26192
646 18.711771
647 17.769932
648 17.431631
649 18.472637
650 19.069298
651 17.716839
652 17.048374
653 17.633078
654 18.523487
655 19.144985
656 19.142658
657 19.506105
658 18.808302
659 18.616127
660 18.240356
661 18.731272
662 18.160557
663 18.150385
664 18.662088
665 18.57404
666 18.0723
667 18.240364
668 16.570953
669 17.527723
670 17.952784
671 17.839779
672 16.91307
673 18.682386
674 16.971565
675 18.751171
676 17.25452
677 17.410809
678 17.369322
679 18.173855
680 18.438663
681 18.696255
682 18.544632
683 17.652897
684 17.621069
685 17.51123
686 18.156681
687 18.396357
688 19.83133
689 18.561264
690 18.56643
691 19.653034
692 18.597906
693 18.341589
694 17.462553
695 17.805187
696 17.08847
697 17.097681
698 17.083485
699 17.962433
700 17.528484
701 17.086294
702 16.031797
703 17.701035
704 18.609943
705 17.541485
706 17.469187
707 17.721075
708 18.830557
709 18.325968
710 18.451351
711 17.260046
712 18.760614
713 19.568914
714 18.0721
715 18.356354
716 17.807283
717 17.21304
718 17.146534
719 17.062939
720 17.903105
721 17.808233
722 18.520245
723 18.572056
724 18.445969
725 17.289845
726 17.993778
727 18.504465
728 18.399097
729 18.252506
730 17.31693
731 17.292183
732 17.684118
733 17.225689
734 16.653698
735 16.293161
736 16.462872
737 17.19077
738 16.897503
739 16.516098
740 17.52482
741 16.50557
742 17.106348
743 16.913565
744 17.87267
745 17.756954
746 17.716251
747 17.997711
748 18.506504
749 18.7689
750 18.19718
751 16.68841
752 17.659155
753 18.22033
754 18.939192
755 18.994785
756 18.41418
757 16.121845
758 16.757269
759 16.468525
760 14.975817
761 16.53292
762 17.040722
763 16.960474
764 17.380253
765 18.626863
766 17.493391
767 17.64162
768 18.315228
769 18.380875
770 17.93406
771 18.02678
772 18.384802
773 18.816788
774 17.928122
775 17.70585
776 17.025421
777 17.887386
778 17.275698
779 17.798292
780 18.568203
781 18.185581
782 18.245066
783 18.193146
784 17.571674
785 18.04801
786 17.823345
787 17.683796
788 17.93951
789 16.706755
790 16.217337
791 18.200142
792 17.634876
793 17.611616
794 19.173992
795 18.107906
796 18.844204
797 18.306576
798 17.55918
799 17.947773
800 17.81579
801 18.120005
802 17.591578
803 19.862875
804 18.372238
805 17.862848
806 17.805557
807 17.47326
808 17.16455
809 16.367579
810 17.111124
811 16.674072
812 16.563549
813 16.733517
814 16.804356
815 16.770683
816 17.374569
817 17.505894
818 16.847303
819 17.778065
820 17.372448
821 18.601572
822 18.806305
823 17.930258
824 17.263584
825 18.545116
826 18.185007
827 17.598146
828 17.859768
829 17.745571
830 17.661646
831 16.123009
832 16.588022
833 16.419037
834 17.476414
835 16.242462
836 17.880955
837 17.549702
838 16.164768
839 18.504587
840 16.280416
841 16.907684
842 17.191837
843 18.409206
844 17.655243
845 16.994928
846 17.334394
847 18.755436
848 18.280237
849 18.332047
850 17.706549
851 17.45754
852 18.146069
853 17.833149
854 19.011951
855 17.732012
856 16.958675
857 16.615524
858 16.7235
859 17.344524
860 17.2854
861 17.803257
862 18.46607
863 17.166363
864 16.518806
865 16.745703
866 17.715237
867 17.324793
868 16.149889
869 14.913709
870 16.741404
871 17.603268
872 17.098736
873 17.000141
874 17.354988
875 17.28327
876 16.605608
877 17.271406
878 17.040258
879 17.516933
880 16.366764
881 17.574478
882 17.474796
883 17.035505
884 16.386932
885 17.308273
886 16.713078
887 16.074871
888 17.419506
889 16.837912
890 15.988707
891 16.015308
892 16.052067
893 16.242523
894 16.50019
895 15.579491
896 17.003798
897 16.193367
898 17.397259
899 16.15425
900 17.203068
901 16.669119
902 16.704449
903 16.40039
904 16.107367
905 16.761454
906 16.539028
907 18.10519
908 16.42561
909 17.784363
910 17.63507
911 17.525036
912 17.957458
913 17.619139
914 16.394547
915 16.240788
916 16.559483
917 15.178345
918 16.011738
919 17.185654
920 16.217934
921 19.012022
922 17.042805
923 17.13367
924 17.589918
925 17.478125
926 18.120243
927 17.753786
928 16.483639
929 16.916027
930 16.197964
931 16.888538
932 16.395931
933 17.316124
934 16.774939
935 16.272373
936 16.145918
937 16.296665
938 16.482769
939 17.30387
940 15.745952
941 16.725325
942 17.004944
943 17.686655
944 15.756398
945 17.666527
946 16.436743
947 17.63432
948 17.38472
949 16.980698
950 18.430748
951 18.213968
952 18.082012
953 16.518906
954 17.042782
955 16.7533
956 16.523266
957 17.923458
958 17.810585
959 16.335281
960 16.778126
961 16.346893
962 16.134928
963 16.512842
964 16.494549
965 16.704426
966 17.542065
967 15.425699
968 16.382326
969 15.45726
970 14.854869
971 16.235138
972 15.533763
973 15.518323
974 15.84936
975 16.086674
976 16.583069
977 16.729246
978 15.923078
979 15.783518
980 15.911379
981 16.848438
982 15.0687275
983 15.88754
984 16.37303
985 16.830597
986 14.898227
987 15.528379
988 15.686241
989 15.977903
990 16.858007
991 16.041151
992 16.63916
993 16.378893
994 16.425116
995 15.810417
996 14.988342
997 16.038212
998 18.273052
999 16.747211
1000 17.580317
