1 0.003125
2 0.01875
3 0.071875
4 0.103125
5 0.13125
6 0.11875
7 0.121875
8 0.0875
9 0.11875
10 0.1125
11 0.109375
12 0.103125
13 0.121875
14 0.1125
15 0.11875
16 0.10625
17 0.115625
18 0.11875
19 0.1375
20 0.125
21 0.109375
22 0.11875
23 0.153125
24 0.140625
25 0.140625
26 0.10625
27 0.109375
28 0.128125
29 0.10625
30 0.090625
31 0.13125
32 0.115625
33 0.096875
34 0.090625
35 0.128125
36 0.1125
37 0.115625
38 0.134375
39 0.0875
40 0.13125
41 0.134375
42 0.1
43 0.1125
44 0.14375
45 0.13125
46 0.096875
47 0.109375
48 0.090625
49 0.1125
50 0.125
51 0.103125
52 0.11875
53 0.125
54 0.146875
55 0.121875
56 0.153125
57 0.171875
58 0.128125
59 0.128125
60 0.109375
61 0.125
62 0.08125
63 0.115625
64 0.134375
65 0.109375
66 0.125
67 0.153125
68 0.165625
69 0.15
70 0.140625
71 0.13125
72 0.18125
73 0.1625
74 0.128125
75 0.15
76 0.15
77 0.153125
78 0.165625
79 0.190625
80 0.165625
81 0.184375
82 0.159375
83 0.175
84 0.184375
85 0.15625
86 0.096875
87 0.171875
88 0.13125
89 0.175
90 0.18125
91 0.175
92 0.175
93 0.1875
94 0.2
95 0.171875
96 0.1625
97 0.171875
98 0.18125
99 0.2
100 0.165625
101 0.15625
102 0.171875
103 0.2
104 0.178125
105 0.1875
106 0.178125
107 0.1625
108 0.165625
109 0.20625
110 0.221875
111 0.178125
112 0.221875
113 0.23125
114 0.175
115 0.2
116 0.178125
117 0.209375
118 0.21875
119 0.19375
120 0.215625
121 0.209375
122 0.2125
123 0.2
124 0.178125
125 0.23125
126 0.209375
127 0.196875
128 0.196875
129 0.234375
130 0.265625
131 0.203125
132 0.184375
133 0.21875
134 0.240625
135 0.225
136 0.1875
137 0.190625
138 0.1875
139 0.2125
140 0.18125
141 0.19375
142 0.184375
143 0.18125
144 0.209375
145 0.234375
146 0.184375
147 0.225
148 0.24375
149 0.225
150 0.246875
151 0.209375
152 0.225
153 0.175
154 0.209375
155 0.16875
156 0.225
157 0.203125
158 0.215625
159 0.203125
160 0.215625
161 0.234375
162 0.215625
163 0.225
164 0.2
165 0.153125
166 0.246875
167 0.265625
168 0.2125
169 0.21875
170 0.203125
171 0.20625
172 0.225
173 0.253125
174 0.225
175 0.2375
176 0.253125
177 0.215625
178 0.2375
179 0.246875
180 0.21875
181 0.221875
182 0.246875
183 0.234375
184 0.315625
185 0.26875
186 0.2125
187 0.165625
188 0.284375
189 0.2125
190 0.28125
191 0.2125
192 0.259375
193 0.23125
194 0.240625
195 0.225
196 0.253125
197 0.23125
198 0.259375
199 0.30625
200 0.26875
201 0.2375
202 0.2375
203 0.2125
204 0.25625
205 0.259375
206 0.275
207 0.215625
208 0.253125
209 0.24375
210 0.253125
211 0.271875
212 0.2125
213 0.23125
214 0.240625
215 0.240625
216 0.265625
217 0.215625
218 0.2875
219 0.2125
220 0.271875
221 0.234375
222 0.19375
223 0.221875
224 0.20625
225 0.225
226 0.1875
227 0.253125
228 0.253125
229 0.2625
230 0.265625
231 0.253125
232 0.215625
233 0.25625
234 0.246875
235 0.2375
236 0.221875
237 0.234375
238 0.21875
239 0.271875
240 0.184375
241 0.225
242 0.25625
243 0.24375
244 0.253125
245 0.215625
246 0.2625
247 0.246875
248 0.221875
249 0.234375
250 0.253125
251 0.203125
252 0.24375
253 0.165625
254 0.228125
255 0.265625
256 0.31875
257 0.28125
258 0.28125
259 0.221875
260 0.25
261 0.25625
262 0.25625
263 0.246875
264 0.28125
265 0.2875
266 0.28125
267 0.28125
268 0.225
269 0.203125
270 0.25625
271 0.2625
272 0.2625
273 0.271875
274 0.2
275 0.253125
276 0.2375
277 0.259375
278 0.225
279 0.2625
280 0.225
281 0.2625
282 0.3
283 0.2875
284 0.296875
285 0.315625
286 0.246875
287 0.275
288 0.2625
289 0.221875
290 0.21875
291 0.2625
292 0.28125
293 0.240625
294 0.259375
295 0.25625
296 0.259375
297 0.29375
298 0.271875
299 0.296875
300 0.2625
301 0.275
302 0.29375
303 0.275
304 0.24375
305 0.3
306 0.215625
307 0.3
308 0.275
309 0.31875
310 0.234375
311 0.240625
312 0.290625
313 0.278125
314 0.271875
315 0.3125
316 0.26875
317 0.21875
318 0.29375
319 0.275
320 0.30625
321 0.309375
322 0.28125
323 0.278125
324 0.246875
325 0.278125
326 0.275
327 0.290625
328 0.296875
329 0.2875
330 0.2375
331 0.2625
332 0.296875
333 0.28125
334 0.271875
335 0.284375
336 0.228125
337 0.28125
338 0.353125
339 0.296875
340 0.23125
341 0.296875
342 0.2875
343 0.2875
344 0.2625
345 0.296875
346 0.284375
347 0.265625
348 0.321875
349 0.28125
350 0.246875
351 0.359375
352 0.221875
353 0.271875
354 0.259375
355 0.290625
356 0.2875
357 0.25
358 0.275
359 0.296875
360 0.296875
361 0.290625
362 0.25
363 0.240625
364 0.284375
365 0.2625
366 0.275
367 0.2375
368 0.265625
369 0.246875
370 0.25625
371 0.240625
372 0.303125
373 0.328125
374 0.25
375 0.290625
376 0.26875
377 0.25625
378 0.3125
379 0.278125
380 0.29375
381 0.3125
382 0.30625
383 0.25625
384 0.2375
385 0.234375
386 0.296875
387 0.278125
388 0.31875
389 0.246875
390 0.296875
391 0.315625
392 0.2875
393 0.246875
394 0.246875
395 0.26875
396 0.284375
397 0.2625
398 0.3
399 0.234375
400 0.278125
401 0.3
402 0.24375
403 0.2875
404 0.284375
405 0.25
406 0.25625
407 0.271875
408 0.315625
409 0.29375
410 0.309375
411 0.29375
412 0.26875
413 0.259375
414 0.3375
415 0.28125
416 0.271875
417 0.2875
418 0.278125
419 0.25
420 0.3
421 0.334375
422 0.290625
423 0.325
424 0.271875
425 0.259375
426 0.215625
427 0.278125
428 0.33125
429 0.334375
430 0.29375
431 0.2875
432 0.259375
433 0.246875
434 0.25625
435 0.271875
436 0.328125
437 0.271875
438 0.340625
439 0.271875
440 0.3375
441 0.321875
442 0.253125
443 0.234375
444 0.309375
445 0.259375
446 0.240625
447 0.3125
448 0.296875
449 0.303125
450 0.221875
451 0.26875
452 0.309375
453 0.328125
454 0.2875
455 0.2875
456 0.3375
457 0.3125
458 0.240625
459 0.29375
460 0.303125
461 0.2875
462 0.278125
463 0.325
464 0.271875
465 0.3
466 0.275
467 0.34375
468 0.30625
469 0.328125
470 0.284375
471 0.278125
472 0.315625
473 0.296875
474 0.284375
475 0.296875
476 0.365625
477 0.31875
478 0.309375
479 0.334375
480 0.33125
481 0.3
482 0.36875
483 0.265625
484 0.321875
485 0.303125
486 0.30625
487 0.2625
488 0.31875
489 0.290625
490 0.353125
491 0.3875
492 0.290625
493 0.353125
494 0.321875
495 0.246875
496 0.315625
497 0.30625
498 0.3
499 0.3125
500 0.315625
501 0.284375
502 0.3375
503 0.315625
504 0.334375
505 0.275
506 0.253125
507 0.325
508 0.290625
509 0.2875
510 0.3
511 0.309375
512 0.29375
513 0.3
514 0.3
515 0.321875
516 0.290625
517 0.30625
518 0.29375
519 0.296875
520 0.278125
521 0.315625
522 0.275
523 0.296875
524 0.328125
525 0.325
526 0.359375
527 0.309375
528 0.33125
529 0.35625
530 0.26875
531 0.3375
532 0.296875
533 0.303125
534 0.3
535 0.34375
536 0.29375
537 0.2875
538 0.30625
539 0.321875
540 0.284375
541 0.31875
542 0.353125
543 0.290625
544 0.284375
545 0.334375
546 0.346875
547 0.309375
548 0.31875
549 0.259375
550 0.328125
551 0.334375
552 0.321875
553 0.321875
554 0.325
555 0.340625
556 0.26875
557 0.321875
558 0.29375
559 0.3375
560 0.35625
561 0.3125
562 0.346875
563 0.34375
564 0.359375
565 0.334375
566 0.315625
567 0.309375
568 0.284375
569 0.23125
570 0.296875
571 0.25625
572 0.309375
573 0.33125
574 0.321875
575 0.34375
576 0.309375
577 0.309375
578 0.359375
579 0.340625
580 0.3625
581 0.30625
582 0.3375
583 0.325
584 0.28125
585 0.2875
586 0.334375
587 0.30625
588 0.29375
589 0.334375
590 0.275
591 0.3
592 0.29375
593 0.25
594 0.253125
595 0.309375
596 0.3
597 0.33125
598 0.359375
599 0.33125
600 0.290625
601 0.25625
602 0.26875
603 0.26875
604 0.3
605 0.259375
606 0.340625
607 0.2875
608 0.315625
609 0.3
610 0.3625
611 0.375
612 0.375
613 0.290625
614 0.26875
615 0.340625
616 0.26875
617 0.265625
618 0.340625
619 0.371875
620 0.321875
621 0.328125
622 0.325
623 0.36875
624 0.309375
625 0.309375
626 0.275
627 0.2875
628 0.35625
629 0.253125
630 0.346875
631 0.359375
632 0.371875
633 0.3375
634 0.36875
635 0.34375
636 0.33125
637 0.28125
638 0.246875
639 0.3125
640 0.2625
641 0.29375
642 0.23125
643 0.3
644 0.296875
645 0.31875
646 0.30625
647 0.34375
648 0.33125
649 0.296875
650 0.30625
651 0.33125
652 0.296875
653 0.284375
654 0.325
655 0.321875
656 0.34375
657 0.375
658 0.34375
659 0.359375
660 0.340625
661 0.3
662 0.31875
663 0.34375
664 0.34375
665 0.325
666 0.296875
667 0.31875
668 0.303125
669 0.328125
670 0.334375
671 0.315625
672 0.3125
673 0.328125
674 0.35625
675 0.309375
676 0.3375
677 0.303125
678 0.3
679 0.303125
680 0.296875
681 0.325
682 0.28125
683 0.3125
684 0.25
685 0.303125
686 0.325
687 0.30625
688 0.3125
689 0.275
690 0.33125
691 0.290625
692 0.31875
693 0.35625
694 0.334375
695 0.3375
696 0.33125
697 0.31875
698 0.315625
699 0.321875
700 0.35625
701 0.321875
702 0.296875
703 0.275
704 0.2625
705 0.34375
706 0.321875
707 0.278125
708 0.334375
709 0.3375
710 0.365625
711 0.309375
712 0.35
713 0.325
714 0.246875
715 0.334375
716 0.29375
717 0.31875
718 0.328125
719 0.346875
720 0.296875
721 0.3
722 0.29375
723 0.296875
724 0.359375
725 0.265625
726 0.375
727 0.303125
728 0.346875
729 0.4
730 0.353125
731 0.334375
732 0.3375
733 0.33125
734 0.35
735 0.334375
736 0.35625
737 0.340625
738 0.3125
739 0.290625
740 0.29375
741 0.3
742 0.29375
743 0.290625
744 0.2625
745 0.315625
746 0.3125
747 0.28125
748 0.278125
749 0.31875
750 0.396875
751 0.353125
752 0.3125
753 0.340625
754 0.2375
755 0.3125
756 0.3875
757 0.334375
758 0.275
759 0.36875
760 0.321875
761 0.325
762 0.29375
763 0.275
764 0.365625
765 0.390625
766 0.34375
767 0.31875
768 0.353125
769 0.29375
770 0.375
771 0.34375
772 0.3625
773 0.309375
774 0.340625
775 0.296875
776 0.29375
777 0.28125
778 0.278125
779 0.39375
780 0.35
781 0.35625
782 0.328125
783 0.33125
784 0.33125
785 0.259375
786 0.365625
787 0.325
788 0.325
789 0.321875
790 0.31875
791 0.353125
792 0.371875
793 0.328125
794 0.39375
795 0.3625
796 0.35
797 0.38125
798 0.390625
799 0.328125
800 0.325
801 0.28125
802 0.26875
803 0.309375
804 0.325
805 0.3
806 0.4125
807 0.29375
808 0.340625
809 0.38125
810 0.346875
811 0.375
812 0.35625
813 0.346875
814 0.29375
815 0.36875
816 0.33125
817 0.35625
818 0.328125
819 0.365625
820 0.259375
821 0.303125
822 0.328125
823 0.3375
824 0.3125
825 0.31875
826 0.315625
827 0.328125
828 0.321875
829 0.4125
830 0.3375
831 0.3125
832 0.3625
833 0.33125
834 0.353125
835 0.353125
836 0.35
837 0.4
838 0.3
839 0.3625
840 0.346875
841 0.409375
842 0.353125
843 0.34375
844 0.290625
845 0.3125
846 0.30625
847 0.35
848 0.359375
849 0.325
850 0.3375
851 0.378125
852 0.353125
853 0.29375
854 0.325
855 0.3375
856 0.36875
857 0.340625
858 0.328125
859 0.340625
860 0.340625
861 0.35
862 0.35625
863 0.275
864 0.29375
865 0.353125
866 0.303125
867 0.2875
868 0.30625
869 0.321875
870 0.325
871 0.321875
872 0.3625
873 0.34375
874 0.3875
875 0.36875
876 0.334375
877 0.3375
878 0.271875
879 0.3125
880 0.2625
881 0.265625
882 0.29375
883 0.296875
884 0.321875
885 0.334375
886 0.290625
887 0.359375
888 0.359375
889 0.334375
890 0.365625
891 0.428125
892 0.353125
893 0.3625
894 0.33125
895 0.296875
896 0.3875
897 0.33125
898 0.346875
899 0.375
900 0.334375
901 0.38125
902 0.33125
903 0.34375
904 0.346875
905 0.35625
906 0.396875
907 0.365625
908 0.315625
909 0.35625
910 0.409375
911 0.35625
912 0.346875
913 0.35
914 0.36875
915 0.296875
916 0.3
917 0.334375
918 0.31875
919 0.31875
920 0.325
921 0.340625
922 0.359375
923 0.3
924 0.3375
925 0.371875
926 0.375
927 0.378125
928 0.3625
929 0.390625
930 0.365625
931 0.309375
932 0.38125
933 0.346875
934 0.340625
935 0.359375
936 0.315625
937 0.3
938 0.303125
939 0.359375
940 0.375
941 0.278125
942 0.321875
943 0.346875
944 0.346875
945 0.3875
946 0.375
947 0.4
948 0.328125
949 0.375
950 0.35625
951 0.39375
952 0.353125
953 0.36875
954 0.35
955 0.28125
956 0.31875
957 0.340625
958 0.340625
959 0.328125
960 0.3375
961 0.3125
962 0.30625
963 0.365625
964 0.31875
965 0.35
966 0.3375
967 0.309375
968 0.340625
969 0.375
970 0.321875
971 0.375
972 0.321875
973 0.353125
974 0.328125
975 0.378125
976 0.334375
977 0.34375
978 0.290625
979 0.359375
980 0.353125
981 0.35625
982 0.375
983 0.36875
984 0.34375
985 0.31875
986 0.290625
987 0.3375
988 0.415625
989 0.346875
990 0.328125
991 0.34375
992 0.35625
993 0.346875
994 0.353125
995 0.415625
996 0.375
997 0.3875
998 0.328125
999 0.334375
1000 0.353125
