1 7.7001805
2 7.5942516
3 7.4741664
4 7.429526
5 7.226184
6 6.9675784
7 6.783507
8 6.642296
9 6.4981847
10 6.0096097
11 6.208955
12 5.8169913
13 5.969328
14 6.1260734
15 5.7159
16 5.6731305
17 5.6055813
18 5.5314546
19 5.247009
20 5.4041142
21 5.50066
22 5.1235657
23 5.236466
24 5.200434
25 4.843134
26 5.2178035
27 5.2660904
28 5.3702836
29 5.3537345
30 5.19211
31 5.1143184
32 5.205039
33 5.298777
34 5.478579
35 5.2731557
36 5.5237846
37 5.1580563
38 5.4754686
39 5.4947042
40 5.362465
41 5.1716046
42 5.416284
43 5.2425485
44 5.213739
45 5.1326847
46 4.99074
47 5.4893723
48 5.3331747
49 5.154284
50 5.103014
51 5.054446
52 5.2737722
53 5.231026
54 5.045781
55 5.193778
56 5.0422916
57 4.9419446
58 4.9831734
59 4.9856753
60 5.1878514
61 5.055338
62 5.2282276
63 5.3252
64 4.9131527
65 4.9598494
66 4.9455543
67 5.0407624
68 5.084906
69 4.9777555
70 4.884641
71 4.8072886
72 4.7075825
73 4.898276
74 4.880754
75 5.0087996
76 4.8632345
77 4.8314185
78 4.9825473
79 4.8793387
80 4.9457355
81 4.833617
82 4.869494
83 4.8095274
84 4.745109
85 4.9115453
86 5.0377407
87 4.774224
88 4.9797134
89 4.8263707
90 4.9269056
91 4.924968
92 4.8580117
93 4.6655464
94 4.7849574
95 4.8063464
96 4.5764446
97 4.793658
98 4.6719604
99 4.621605
100 4.7584124
101 4.9303694
102 4.6735125
103 4.674749
104 4.6972313
105 4.4939723
106 4.942757
107 4.673885
108 4.763635
109 4.4667506
110 4.6472554
111 4.765312
112 4.529397
113 4.494898
114 4.8890057
115 4.6793666
116 4.6565704
117 4.755345
118 4.65856
119 4.6687407
120 4.559435
121 4.5311904
122 4.5526333
123 4.494515
124 4.5710306
125 4.2772636
126 4.4816236
127 4.481479
128 4.3190155
129 4.4237823
130 4.412172
131 4.4973907
132 4.600029
133 4.678219
134 4.54215
135 4.4711204
136 4.639081
137 4.5699277
138 4.630301
139 4.6745095
140 4.699448
141 4.546059
142 4.512851
143 4.736608
144 4.4989705
145 4.365331
146 4.718657
147 4.4443603
148 4.3815365
149 4.5493555
150 4.4228735
151 4.668095
152 4.4469047
153 4.601368
154 4.8157454
155 4.6064663
156 4.361146
157 4.5891557
158 4.658256
159 4.5667496
160 4.5578957
161 4.465443
162 4.691205
163 4.53225
164 4.7106276
165 4.6113605
166 4.38916
167 4.55245
168 4.599013
169 4.4146357
170 4.73498
171 4.636895
172 4.325158
173 4.3503604
174 4.370742
175 4.364056
176 4.4246464
177 4.703949
178 4.414177
179 4.49
180 4.5815935
181 4.4523826
182 4.489045
183 4.2927566
184 4.0961046
185 4.1382623
186 4.537085
187 4.5297565
188 4.259097
189 4.2995186
190 4.097631
191 4.3796005
192 4.207564
193 4.1573477
194 4.4132886
195 4.241321
196 4.4646616
197 4.0724864
198 4.2843924
199 4.11301
200 4.258638
201 4.2842913
202 4.3104014
203 4.572522
204 4.122791
205 4.286058
206 4.341209
207 4.409413
208 4.1977005
209 4.392789
210 3.962781
211 4.046127
212 4.270565
213 4.149086
214 4.2940493
215 4.2171535
216 4.2387743
217 4.4449987
218 4.1053066
219 4.264841
220 4.129128
221 4.138428
222 4.3994904
223 4.354541
224 4.3047376
225 4.37491
226 4.5689883
227 4.304757
228 4.489737
229 4.397523
230 4.152012
231 4.2194414
232 4.299732
233 4.2754426
234 4.139948
235 4.224164
236 4.2534213
237 4.300314
238 4.307443
239 4.205985
240 4.486432
241 4.544954
242 4.275693
243 4.4656653
244 4.372519
245 4.4688435
246 4.284631
247 4.309449
248 4.3216186
249 4.2456565
250 4.229759
251 4.6424265
252 4.4655013
253 4.4782085
254 4.271942
255 4.1811666
256 4.1422367
257 4.1156087
258 4.0998635
259 4.2624364
260 4.139306
261 4.045426
262 4.1155725
263 4.0425034
264 3.9907787
265 4.0036407
266 3.9067516
267 4.121016
268 4.1648726
269 4.4332976
270 4.155284
271 3.9174116
272 4.001512
273 3.9793775
274 4.3738832
275 4.07787
276 4.1280093
277 4.075528
278 4.4463916
279 4.2132077
280 4.201672
281 4.1296053
282 3.9846368
283 4.0393057
284 4.099587
285 3.8205512
286 4.072437
287 4.041356
288 3.9950583
289 4.1528115
290 4.1968656
291 3.9622903
292 4.0452995
293 4.1802716
294 4.0215635
295 3.9861312
296 4.267981
297 4.080062
298 3.9990664
299 3.951467
300 4.1159563
301 4.0869756
302 3.9640467
303 3.8595607
304 4.263894
305 3.938043
306 4.2018056
307 3.9958663
308 4.0846405
309 3.972756
310 4.2186103
311 4.1737256
312 4.1576257
313 4.089348
314 4.160205
315 3.9951005
316 4.079166
317 4.113553
318 3.763676
319 3.928815
320 3.7938216
321 3.7724016
322 3.9786317
323 3.9186738
324 4.183723
325 4.134771
326 3.978874
327 3.9834106
328 3.8980248
329 4.1365767
330 4.2190566
331 4.0695662
332 3.8811414
333 4.050162
334 4.036406
335 3.8503985
336 4.182521
337 3.942097
338 3.7235916
339 4.0615416
340 4.030904
341 4.0286846
342 3.8599997
343 3.9063606
344 4.1711426
345 3.9015598
346 3.774177
347 3.9269948
348 3.7364957
349 3.899688
350 3.8881214
351 3.7600725
352 4.1871457
353 4.030766
354 4.0138845
355 3.9657125
356 3.9371457
357 4.063263
358 3.8445861
359 4.004685
360 4.075813
361 4.162117
362 4.3162227
363 4.2060328
364 4.0765343
365 4.1750674
366 3.895282
367 4.1964955
368 4.072293
369 4.237229
370 4.2235656
371 4.0972257
372 3.786866
373 3.5584133
374 4.125444
375 4.095419
376 4.01627
377 4.077024
378 3.851091
379 3.8808322
380 3.9654984
381 3.8922548
382 3.8186421
383 4.098533
384 4.249451
385 4.277418
386 3.9650724
387 4.0918574
388 4.0170326
389 4.2222133
390 3.8262718
391 3.7313187
392 3.7927423
393 4.266772
394 4.115834
395 3.9869244
396 3.869344
397 4.147236
398 3.8508725
399 3.993318
400 3.8035607
401 3.962917
402 3.964589
403 3.797034
404 3.9040625
405 4.027883
406 4.040681
407 3.9760435
408 3.9090085
409 3.8409116
410 3.7951996
411 3.8764071
412 3.954194
413 3.9428844
414 3.777539
415 4.0377946
416 4.054274
417 3.9020643
418 3.9973156
419 4.0314445
420 3.829229
421 3.7334275
422 3.9890144
423 3.7230089
424 3.982733
425 4.060273
426 4.1047
427 4.0244136
428 3.8072517
429 3.6601062
430 3.9019818
431 3.93891
432 4.1442504
433 4.213924
434 4.112208
435 3.8918064
436 3.723688
437 4.0620236
438 3.602926
439 4.0443473
440 3.6187701
441 3.6216083
442 3.9668267
443 4.1331143
444 3.7819078
445 4.2593274
446 4.1058145
447 3.8949585
448 3.9320138
449 3.9188406
450 4.329484
451 3.8841603
452 3.8771968
453 3.790879
454 3.8780267
455 3.8497043
456 3.7664125
457 3.8203073
458 4.095236
459 3.77728
460 3.9016416
461 3.909381
462 4.0272255
463 3.9149835
464 3.9282792
465 3.8816473
466 3.9904737
467 3.6454773
468 4.048712
469 3.7916448
470 4.10906
471 3.9287324
472 3.905804
473 3.7354968
474 3.748416
475 3.7588286
476 3.5990567
477 3.6149082
478 3.7091894
479 3.7032723
480 3.7768896
481 3.8456492
482 3.6396134
483 3.8340783
484 3.7194395
485 3.7468748
486 3.7328758
487 3.9319267
488 3.7950609
489 3.8198495
490 3.630699
491 3.4518468
492 3.811431
493 3.5159142
494 3.6832802
495 4.161782
496 3.8376625
497 3.7886236
498 3.8549433
499 3.7563095
500 3.6515634
501 3.874932
502 3.7441978
503 3.6517668
504 3.5876424
505 4.0998187
506 3.8985057
507 3.7875633
508 3.6957192
509 3.8125992
510 3.8541594
511 3.7289052
512 3.7995408
513 3.9410577
514 3.6756692
515 3.6765697
516 3.7786741
517 3.9194484
518 3.6983151
519 3.9409277
520 3.9409692
521 3.877318
522 4.0328135
523 3.8163424
524 3.7787664
525 3.6595383
526 3.3873708
527 3.6368766
528 3.6372583
529 3.6063063
530 3.8300526
531 3.6294487
532 3.7673016
533 3.9269478
534 3.8929992
535 3.5872424
536 3.9096212
537 4.041283
538 3.791954
539 3.8680694
540 3.8880925
541 3.6859343
542 3.8294437
543 3.917016
544 3.6423943
545 3.5834892
546 3.7233696
547 3.8088
548 3.8137393
549 3.8740082
550 3.7153976
551 3.548295
552 3.577363
553 3.6936886
554 3.5608742
555 3.6488729
556 3.9386961
557 3.6902182
558 3.7158978
559 3.5805323
560 3.5144482
561 3.8219311
562 3.5295181
563 3.5721834
564 3.4430387
565 3.7358184
566 3.7228425
567 3.804138
568 3.926172
569 4.038966
570 3.7568984
571 3.9077802
572 3.8923948
573 3.7270408
574 3.783779
575 3.578861
576 3.5407512
577 3.7721326
578 3.4303174
579 3.5423603
580 3.6379342
581 3.7178538
582 3.5541255
583 3.6262689
584 3.7304258
585 3.8863473
586 3.5658104
587 3.6255684
588 3.7724676
589 3.6016965
590 3.92371
591 3.6163993
592 3.899622
593 4.110088
594 4.1488614
595 3.8386507
596 3.801231
597 3.6466534
598 3.39204
599 3.6490433
600 3.8030357
601 4.004211
602 3.9523325
603 3.8695786
604 3.7352698
605 3.8460968
606 3.7381067
607 3.9102113
608 3.7040648
609 3.678045
610 3.5321906
611 3.4188082
612 3.5380924
613 3.7058153
614 3.851411
615 3.5615246
616 3.9052331
617 3.9468844
618 3.5944583
619 3.5509677
620 3.5668678
621 3.5181327
622 3.7494528
623 3.5157578
624 3.6593556
625 3.628742
626 3.8321903
627 3.6774836
628 3.4632006
629 3.8526635
630 3.5901127
631 3.430292
632 3.4770846
633 3.5417178
634 3.3256333
635 3.5885208
636 3.6509244
637 3.8211772
638 4.0026636
639 3.7686262
640 3.973436
641 3.8536339
642 4.0907984
643 3.7336745
644 3.746999
645 3.6083696
646 3.788429
647 3.4461703
648 3.5855434
649 3.6441004
650 3.6853456
651 3.4747348
652 3.758018
653 3.7340894
654 3.733657
655 3.808092
656 3.5450914
657 3.3386655
658 3.7596233
659 3.5473773
660 3.552821
661 3.8527756
662 3.6751268
663 3.5620546
664 3.7557251
665 3.5101912
666 3.7185335
667 3.7735739
668 3.9703057
669 3.6534047
670 3.4412417
671 3.6822207
672 3.5723872
673 3.542957
674 3.5575936
675 3.6832175
676 3.503309
677 3.6998718
678 3.7095919
679 3.7285256
680 3.8115847
681 3.6337776
682 4.1317863
683 3.8268664
684 4.0873456
685 3.6709325
686 3.5834765
687 3.7001276
688 3.7853034
689 3.8119016
690 3.5491943
691 3.8362446
692 3.7622807
693 3.5605705
694 3.5876398
695 3.49251
696 3.569672
697 3.5862124
698 3.627577
699 3.84612
700 3.6804407
701 3.7442718
702 3.7324576
703 3.7590086
704 3.9476175
705 3.5312283
706 3.726086
707 3.5415416
708 3.6349134
709 3.7876296
710 3.353363
711 3.7904325
712 3.8376338
713 3.8980486
714 4.11995
715 3.64995
716 4.0213485
717 3.6809137
718 3.6381216
719 3.5711358
720 3.7829866
721 3.7246885
722 3.7620327
723 3.6199012
724 3.6128488
725 3.7929342
726 3.5653315
727 3.8812428
728 3.4238753
729 3.2341728
730 3.2570715
731 3.4438164
732 3.647801
733 3.533815
734 3.4939153
735 3.5046508
736 3.3695047
737 3.681281
738 3.7963872
739 3.8831608
740 3.8366153
741 3.55828
742 3.9053538
743 3.82483
744 4.0060396
745 3.716758
746 3.620097
747 3.9669895
748 4.034279
749 3.6200457
750 3.2627556
751 3.5709493
752 3.8937993
753 3.746441
754 3.997374
755 3.6611402
756 3.5514727
757 3.5427809
758 3.7350264
759 3.537888
760 3.5614
761 3.6847155
762 3.7419083
763 3.6753826
764 3.4636476
765 3.52467
766 3.6007628
767 3.7823923
768 3.4521837
769 3.7146819
770 3.3398013
771 3.6015484
772 3.6122432
773 3.4800172
774 3.8184657
775 3.8190546
776 3.7596889
777 3.7055666
778 3.7324848
779 3.3839123
780 3.5125592
781 3.4667401
782 3.5758536
783 3.5831912
784 3.6190116
785 3.6166024
786 3.4698892
787 3.6436052
788 3.4902399
789 3.475829
790 3.7342417
791 3.6664655
792 3.3491938
793 3.7340415
794 3.1910067
795 3.5117419
796 3.4570453
797 3.3198555
798 3.3062212
799 3.7577305
800 3.707311
801 3.7767587
802 3.699159
803 3.6814024
804 3.680759
805 3.6194353
806 3.2089937
807 3.6430554
808 3.5298593
809 3.3187902
810 3.472308
811 3.5066526
812 3.6523762
813 3.5963373
814 3.9636426
815 3.4353118
816 3.6834102
817 3.4764209
818 3.3588324
819 3.4505746
820 3.831911
821 3.6410112
822 3.552827
823 3.556767
824 3.5849917
825 3.6403582
826 3.7032192
827 3.5725288
828 3.4956312
829 3.379322
830 3.4858716
831 3.5400777
832 3.4361558
833 3.5077722
834 3.3074706
835 3.4966962
836 3.392804
837 3.3594232
838 3.658608
839 3.3369377
840 3.4420311
841 3.347883
842 3.419038
843 3.5221992
844 3.7302094
845 3.6859274
846 3.6567755
847 3.4335074
848 3.66952
849 3.6195438
850 3.5107567
851 3.3394551
852 3.3628738
853 3.6977136
854 3.526544
855 3.6817281
856 3.5007436
857 3.5656295
858 3.7297099
859 3.5976396
860 3.4981353
861 3.3569548
862 3.5464067
863 3.7355182
864 3.7069294
865 3.4884045
866 3.7800694
867 3.9406805
868 3.8004155
869 3.731806
870 3.7248712
871 3.5729089
872 3.6082778
873 3.5383253
874 3.3643224
875 3.5269287
876 3.4763782
877 3.533398
878 3.8012238
879 3.853506
880 4.010003
881 4.045696
882 3.755368
883 3.735161
884 3.5561292
885 3.5075524
886 3.758743
887 3.5259085
888 3.3060486
889 3.5072029
890 3.4080117
891 3.1097374
892 3.427625
893 3.3667085
894 3.4181352
895 3.7643943
896 3.6143026
897 3.6686878
898 3.59996
899 3.3887258
900 3.5141098
901 3.387192
902 3.5575485
903 3.3286161
904 3.513104
905 3.4947789
906 3.4201279
907 3.2059443
908 3.5570517
909 3.4053128
910 3.226719
911 3.3295245
912 3.4941916
913 3.415428
914 3.3876815
915 3.7398949
916 3.657141
917 3.55908
918 3.451906
919 3.6277022
920 3.683168
921 3.4597385
922 3.4536283
923 3.554479
924 3.532502
925 3.328091
926 3.4037051
927 3.3054452
928 3.311369
929 3.426566
930 3.404795
931 3.466064
932 3.157829
933 3.5455916
934 3.3301108
935 3.418688
936 3.4542096
937 3.6224878
938 3.5674589
939 3.3949811
940 3.3139625
941 3.756091
942 3.4727368
943 3.496357
944 3.4536393
945 3.2342594
946 3.4492712
947 3.427423
948 3.5768056
949 3.2767684
950 3.4615698
951 3.402983
952 3.3631954
953 3.4440305
954 3.5604377
955 3.7212126
956 3.70234
957 3.6269004
958 3.4707322
959 3.5624413
960 3.6567893
961 3.6365933
962 3.760587
963 3.4783077
964 3.570139
965 3.7311726
966 3.4399424
967 3.6381192
968 3.4899616
969 3.398301
970 3.7658594
971 3.402402
972 3.6605804
973 3.5014012
974 3.5281713
975 3.4801297
976 3.6522353
977 3.5075057
978 3.6855793
979 3.519831
980 3.3748784
981 3.3150833
982 3.5101154
983 3.4797666
984 3.6269526
985 3.475532
986 3.5908735
987 3.5609877
988 3.2090693
989 3.4225345
990 3.4404967
991 3.5957696
992 3.4979286
993 3.437649
994 3.4895916
995 3.2367933
996 3.3578086
997 3.4227705
998 3.7350817
999 3.361761
1000 3.378605
