1 5.3373585
2 5.263934
3 5.1806974
4 5.149755
5 5.008809
6 4.8295574
7 4.7019687
8 4.604089
9 4.5041986
10 4.165544
11 4.3037195
12 4.032031
13 4.137623
14 4.2462707
15 3.9619598
16 3.9323146
17 3.885493
18 3.8341122
19 3.6369495
20 3.7458465
21 3.812767
22 3.5513852
23 3.6296418
24 3.6046662
25 3.3570046
26 3.6167057
27 3.6501758
28 3.7223969
29 3.710926
30 3.5988965
31 3.5449753
32 3.6078582
33 3.6728325
34 3.7974617
35 3.6550732
36 3.8287957
37 3.575292
38 3.7953057
39 3.8086388
40 3.7169774
41 3.5846832
42 3.754282
43 3.6338577
44 3.6138885
45 3.557706
46 3.4593174
47 3.804943
48 3.696675
49 3.5726776
50 3.53714
51 3.5034752
52 3.6555004
53 3.6258712
54 3.497469
55 3.6000526
56 3.4950504
57 3.4254951
58 3.4540725
59 3.4558067
60 3.5959446
61 3.5040932
62 3.6239312
63 3.6911476
64 3.405538
65 3.4379056
66 3.427997
67 3.4939904
68 3.5245883
69 3.4503174
70 3.3857753
71 3.3321586
72 3.2630477
73 3.395226
74 3.383081
75 3.4718354
76 3.3709373
77 3.348884
78 3.4536386
79 3.3820999
80 3.4281228
81 3.350408
82 3.375276
83 3.3337104
84 3.2890592
85 3.404424
86 3.4918957
87 3.3092399
88 3.4516742
89 3.3453853
90 3.4150708
91 3.4137275
92 3.3673172
93 3.2339103
94 3.3166797
95 3.3315055
96 3.1721497
97 3.3227105
98 3.238356
99 3.2034526
100 3.2982802
101 3.4174716
102 3.239432
103 3.240289
104 3.2558727
105 3.1149843
106 3.4260583
107 3.2396903
108 3.3019004
109 3.0961156
110 3.221232
111 3.303063
112 3.1395388
113 3.1156259
114 3.3888004
115 3.2434897
116 3.2276886
117 3.296154
118 3.2290676
119 3.2361245
120 3.1603596
121 3.1407819
122 3.155645
123 3.1153605
124 3.1683972
125 2.9647732
126 3.1064248
127 3.1063247
128 2.9937134
129 3.0663323
130 3.0582845
131 3.1173537
132 3.1884973
133 3.2426941
134 3.1483784
135 3.0991445
136 3.215566
137 3.1676326
138 3.2094803
139 3.240123
140 3.2574093
141 3.151088
142 3.12807
143 3.2831664
144 3.1184487
145 3.025817
146 3.2707238
147 3.0805957
148 3.0370498
149 3.153373
150 3.0657022
151 3.235677
152 3.0823593
153 3.1894252
154 3.3380203
155 3.192959
156 3.022916
157 3.1809604
158 3.228857
159 3.1654296
160 3.1592927
161 3.0952094
162 3.2516956
163 3.1415162
164 3.2651582
165 3.1963515
166 3.042334
167 3.155518
168 3.1877928
169 3.0599923
170 3.2820382
171 3.214051
172 2.9979713
173 3.01544
174 3.0295675
175 3.024933
176 3.0669312
177 3.260529
178 3.0596745
179 3.1122308
180 3.1757188
181 3.0861564
182 3.1115692
183 2.975512
184 2.8392034
185 2.868425
186 3.144868
187 3.139788
188 2.9521813
189 2.9801993
190 2.8402615
191 3.035708
192 2.9164612
193 2.8816538
194 3.0590587
195 2.9398599
196 3.0946677
197 2.8228326
198 2.9697146
199 2.8509212
200 2.951863
201 2.9696445
202 2.9877427
203 3.1694307
204 2.8577008
205 2.970869
206 3.0090966
207 3.0563722
208 2.9096243
209 3.0448492
210 2.7467904
211 2.8045616
212 2.9601302
213 2.8759274
214 2.9764082
215 2.923108
216 2.9380944
217 3.0810385
218 2.8455818
219 2.9561627
220 2.8620934
221 2.8685398
222 3.0494943
223 3.0183377
224 2.9838166
225 3.0324564
226 3.1669815
227 2.9838305
228 3.1120486
229 3.0481305
230 2.8779552
231 2.924694
232 2.9803472
233 2.963511
234 2.8695931
235 2.9279675
236 2.948247
237 2.9807506
238 2.985692
239 2.9153666
240 3.109758
241 3.150322
242 2.9636846
243 3.0953634
244 3.0307994
245 3.0975661
246 2.9698799
247 2.9870827
248 2.9955177
249 2.942865
250 2.9318457
251 3.2178848
252 3.0952497
253 3.1040578
254 2.9610848
255 2.8981638
256 2.8711798
257 2.8527226
258 2.8418088
259 2.954496
260 2.8691483
261 2.8040755
262 2.8526974
263 2.8020499
264 2.766197
265 2.7751124
266 2.707954
267 2.8564706
268 2.88687
269 3.072928
270 2.8802235
271 2.7153428
272 2.7736368
273 2.7582943
274 3.0317447
275 2.826564
276 2.861318
277 2.824941
278 3.0820038
279 2.9203732
280 2.912377
281 2.8624244
282 2.7619398
283 2.7998335
284 2.841617
285 2.6482043
286 2.8227983
287 2.8012547
288 2.7691634
289 2.8785095
290 2.9090457
291 2.7464504
292 2.803988
293 2.8975434
294 2.7875354
295 2.7629757
296 2.9583392
297 2.8280835
298 2.7719417
299 2.7389483
300 2.8529637
301 2.8328757
302 2.7476678
303 2.6752436
304 2.9555063
305 2.7296436
306 2.9124696
307 2.7697234
308 2.831257
309 2.7537045
310 2.9241178
311 2.893006
312 2.8818467
313 2.8345199
314 2.8836343
315 2.7691927
316 2.8274624
317 2.8512979
318 2.6087813
319 2.723247
320 2.6296768
321 2.6148295
322 2.7577775
323 2.7162178
324 2.899936
325 2.866005
326 2.7579453
327 2.7610898
328 2.701905
329 2.8672566
330 2.9244273
331 2.8208084
332 2.6902022
333 2.8073583
334 2.7978234
335 2.6688929
336 2.8991027
337 2.7324533
338 2.580997
339 2.815246
340 2.7940097
341 2.7924714
342 2.6755478
343 2.7076828
344 2.8912158
345 2.7043552
346 2.6160603
347 2.7219853
348 2.5899415
349 2.7030578
350 2.6950405
351 2.6062837
352 2.9023082
353 2.793914
354 2.7822127
355 2.7488225
356 2.7290215
357 2.8164394
358 2.664864
359 2.7758362
360 2.825138
361 2.8849597
362 2.9917777
363 2.9153998
364 2.8256383
365 2.8939362
366 2.7000039
367 2.9087892
368 2.8226984
369 2.9370234
370 2.9275527
371 2.8399804
372 2.6248555
373 2.466504
374 2.8595397
375 2.8387282
376 2.7838664
377 2.8259776
378 2.6693728
379 2.689988
380 2.7486742
381 2.6979055
382 2.646881
383 2.8408866
384 2.9454951
385 2.9648805
386 2.7483788
387 2.8362596
388 2.7843947
389 2.9266152
390 2.6521695
391 2.586353
392 2.6289287
393 2.957501
394 2.8528788
395 2.7635255
396 2.682025
397 2.874645
398 2.6692214
399 2.7679572
400 2.6364274
401 2.7468848
402 2.7480438
403 2.6319034
404 2.70609
405 2.791916
406 2.8007867
407 2.7559834
408 2.7095182
409 2.662317
410 2.630632
411 2.6869206
412 2.7408385
413 2.7329993
414 2.6183906
415 2.798786
416 2.8102088
417 2.704705
418 2.770728
419 2.7943845
420 2.6542194
421 2.5878148
422 2.764974
423 2.580593
424 2.76062
425 2.8143668
426 2.8451614
427 2.789511
428 2.6389859
429 2.5369923
430 2.7046478
431 2.7302444
432 2.8725755
433 2.9208696
434 2.8503654
435 2.6975946
436 2.5810637
437 2.8155801
438 2.497358
439 2.8033278
440 2.5083404
441 2.5103076
442 2.7495947
443 2.8648567
444 2.6214187
445 2.9523408
446 2.8459337
447 2.6997795
448 2.7254643
449 2.7163334
450 3.0009696
451 2.6922948
452 2.687468
453 2.6276371
454 2.6880434
455 2.6684117
456 2.6106782
457 2.6480353
458 2.838601
459 2.618211
460 2.704412
461 2.7097764
462 2.79146
463 2.7136598
464 2.7228756
465 2.690553
466 2.7659857
467 2.5268524
468 2.806353
469 2.6281679
470 2.8481832
471 2.7231898
472 2.707297
473 2.5892491
474 2.598204
475 2.6054215
476 2.494676
477 2.5056634
478 2.5710142
479 2.566913
480 2.6179404
481 2.665601
482 2.5227878
483 2.6575806
484 2.578119
485 2.5971358
486 2.5874324
487 2.725404
488 2.6305358
489 2.647718
490 2.5166087
491 2.392638
492 2.6418827
493 2.437046
494 2.5530553
495 2.8847275
496 2.660065
497 2.6260738
498 2.672043
499 2.6036754
500 2.531071
501 2.6858983
502 2.5952802
503 2.5312119
504 2.4867642
505 2.8417778
506 2.7022383
507 2.6253388
508 2.5616775
509 2.6426923
510 2.6714997
511 2.58468
512 2.633641
513 2.731733
514 2.5477798
515 2.548404
516 2.6191773
517 2.7167547
518 2.5634768
519 2.731643
520 2.7316718
521 2.687552
522 2.7953334
523 2.645287
524 2.6192412
525 2.5365987
526 2.3479466
527 2.5208907
528 2.5211554
529 2.499701
530 2.6547902
531 2.515742
532 2.6112945
533 2.721953
534 2.6984215
535 2.486487
536 2.709943
537 2.8012042
538 2.6283822
539 2.6811414
540 2.6950204
541 2.554895
542 2.6543682
543 2.7150686
544 2.5247154
545 2.4838855
546 2.5808432
547 2.640059
548 2.6434827
549 2.685258
550 2.5753174
551 2.4594908
552 2.479639
553 2.5602698
554 2.46821
555 2.529206
556 2.730096
557 2.5578644
558 2.575664
559 2.4818358
560 2.43603
561 2.6491609
562 2.4464755
563 2.476049
564 2.3865325
565 2.589472
566 2.5804777
567 2.6368275
568 2.721415
569 2.7995982
570 2.6040835
571 2.7086668
572 2.6980026
573 2.5833879
574 2.6227157
575 2.4806774
576 2.4542618
577 2.614643
578 2.3777149
579 2.455377
580 2.5216238
581 2.57702
582 2.4635322
583 2.5135381
584 2.5857341
585 2.6938107
586 2.4716315
587 2.5130525
588 2.6148753
589 2.4965057
590 2.7197087
591 2.506697
592 2.703012
593 2.8488958
594 2.8757715
595 2.66075
596 2.6348126
597 2.5276675
598 2.351183
599 2.529324
600 2.6360636
601 2.7755077
602 2.7395482
603 2.6821876
604 2.5890918
605 2.6659112
606 2.5910583
607 2.710352
608 2.5674622
609 2.5494266
610 2.448328
611 2.3697374
612 2.4524188
613 2.5686755
614 2.6695948
615 2.4686608
616 2.7069013
617 2.735772
618 2.4914887
619 2.4613433
620 2.4723644
621 2.4385839
622 2.5989227
623 2.4369376
624 2.536472
625 2.5152524
626 2.656272
627 2.5490375
628 2.4005077
629 2.6704628
630 2.4884765
631 2.3776972
632 2.4101315
633 2.4549317
634 2.3051534
635 2.487373
636 2.530628
637 2.6486382
638 2.774435
639 2.6122127
640 2.7541761
641 2.6711354
642 2.8355255
643 2.587986
644 2.5972219
645 2.5011313
646 2.625939
647 2.3887033
648 2.4853094
649 2.525898
650 2.554487
651 2.4085026
652 2.6048596
653 2.5882735
654 2.5879738
655 2.6395683
656 2.4572701
657 2.3141866
658 2.6059723
659 2.4588547
660 2.462628
661 2.6705406
662 2.5474038
663 2.4690282
664 2.6032703
665 2.4330792
666 2.577491
667 2.615642
668 2.7520063
669 2.5323472
670 2.385287
671 2.552321
672 2.47619
673 2.4557908
674 2.465936
675 2.553012
676 2.4283087
677 2.5645556
678 2.571293
679 2.584417
680 2.6419892
681 2.5187428
682 2.863936
683 2.6525817
684 2.8331323
685 2.5444965
686 2.4838767
687 2.564733
688 2.6237724
689 2.6422088
690 2.460114
691 2.6590822
692 2.6078143
693 2.4679995
694 2.4867625
695 2.4208236
696 2.4743083
697 2.485773
698 2.5144448
699 2.6659274
700 2.5510871
701 2.5953314
702 2.5871425
703 2.6055462
704 2.73628
705 2.447661
706 2.582726
707 2.4548097
708 2.51953
709 2.6253848
710 2.3243742
711 2.6273277
712 2.6600451
713 2.7019215
714 2.8557315
715 2.5299525
716 2.7873864
717 2.551415
718 2.5217538
719 2.4753227
720 2.6221666
721 2.5817573
722 2.6076424
723 2.5091243
724 2.504236
725 2.6290617
726 2.4712994
727 2.6902726
728 2.3732495
729 2.2417579
730 2.2576299
731 2.3870716
732 2.528463
733 2.4494538
734 2.4217975
735 2.4292388
736 2.3355627
737 2.5516696
738 2.6314552
739 2.691602
740 2.6593392
741 2.4664118
742 2.706985
743 2.6511703
744 2.7767751
745 2.5762603
746 2.50926
747 2.7497077
748 2.796349
749 2.5092244
750 2.26157
751 2.4751935
752 2.698976
753 2.596835
754 2.7707686
755 2.537709
756 2.4616933
757 2.4556687
758 2.588923
759 2.4522772
760 2.4685743
761 2.5540502
762 2.5936933
763 2.5475812
764 2.4008176
765 2.443115
766 2.4958587
767 2.6217546
768 2.3928714
769 2.5748212
770 2.3149738
771 2.4964032
772 2.5038161
773 2.4121642
774 2.6467588
775 2.647167
776 2.6060178
777 2.5685031
778 2.5871613
779 2.3455493
780 2.4347205
781 2.4029613
782 2.4785929
783 2.4836788
784 2.5085077
785 2.5068378
786 2.405144
787 2.5255547
788 2.41925
789 2.409261
790 2.5883791
791 2.5414002
792 2.3214843
793 2.5882404
794 2.2118373
795 2.434154
796 2.3962412
797 2.3011484
798 2.291698
799 2.6046603
800 2.5697122
801 2.6178496
802 2.5640616
803 2.5517538
804 2.5513077
805 2.5088015
806 2.224305
807 2.5251737
808 2.446712
809 2.30041
810 2.4068205
811 2.4306264
812 2.5316343
813 2.4927912
814 2.7473876
815 2.3811767
816 2.5531454
817 2.4096713
818 2.3281653
819 2.391756
820 2.6560783
821 2.5237567
822 2.462632
823 2.465363
824 2.484927
825 2.523304
826 2.566876
827 2.4762883
828 2.422987
829 2.3423676
830 2.416222
831 2.453795
832 2.3817618
833 2.4314024
834 2.292564
835 2.4237251
836 2.3517125
837 2.3285747
838 2.5359538
839 2.312989
840 2.3858342
841 2.3205757
842 2.3698967
843 2.4414024
844 2.5855842
845 2.5548902
846 2.5346837
847 2.379926
848 2.5435174
849 2.5088766
850 2.4334712
851 2.314734
852 2.3309665
853 2.5630598
854 2.4444141
855 2.5519795
856 2.4265306
857 2.471506
858 2.585238
859 2.4936938
860 2.4247227
861 2.3268638
862 2.4581819
863 2.589264
864 2.5694478
865 2.4179778
866 2.6201444
867 2.7314715
868 2.6342473
869 2.586691
870 2.581884
871 2.4765518
872 2.5010676
873 2.4525802
874 2.3319707
875 2.4446807
876 2.4096417
877 2.4491649
878 2.6348076
879 2.671047
880 2.7795224
881 2.8042626
882 2.6030228
883 2.5890164
884 2.464921
885 2.43125
886 2.6053622
887 2.4439735
888 2.2915783
889 2.4310079
890 2.3622537
891 2.1555057
892 2.3758485
893 2.3336246
894 2.3692708
895 2.6092794
896 2.5052438
897 2.5429406
898 2.4953022
899 2.3488858
900 2.4357953
901 2.3478227
902 2.4659047
903 2.307221
904 2.4350982
905 2.4223962
906 2.370652
907 2.2221913
908 2.4655604
909 2.360383
910 2.236591
911 2.3078506
912 2.4219892
913 2.3673942
914 2.348162
915 2.5922976
916 2.534937
917 2.4669662
918 2.392679
919 2.5145316
920 2.5529776
921 2.398108
922 2.3938727
923 2.463777
924 2.4485438
925 2.3068569
926 2.3592687
927 2.29116
928 2.2952662
929 2.3751144
930 2.360024
931 2.4024925
932 2.1888404
933 2.4576168
934 2.3082569
935 2.369654
936 2.3942757
937 2.5109172
938 2.472774
939 2.3532217
940 2.2970638
941 2.603524
942 2.4071178
943 2.42349
944 2.3938804
945 2.2418177
946 2.3908527
947 2.3757086
948 2.4792528
949 2.271283
950 2.3993773
951 2.358768
952 2.3311894
953 2.3872201
954 2.4679074
955 2.579348
956 2.5662665
957 2.5139759
958 2.4057283
959 2.4692962
960 2.5346932
961 2.5206945
962 2.6066403
963 2.4109793
964 2.4746318
965 2.5862517
966 2.3843863
967 2.521752
968 2.4190571
969 2.3555226
970 2.6102948
971 2.3583653
972 2.537321
973 2.4269865
974 2.445542
975 2.4122422
976 2.5315366
977 2.4312177
978 2.5546489
979 2.439761
980 2.3392875
981 2.2978406
982 2.4330266
983 2.4119904
984 2.514012
985 2.4090552
986 2.489004
987 2.4682887
988 2.2243574
989 2.3723202
990 2.3847706
991 2.4923975
992 2.4245794
993 2.3827968
994 2.4188006
995 2.2435741
996 2.3274555
997 2.3724837
998 2.5889614
999 2.3301952
1000 2.3418705
