1 204.11626
2 202.92467
3 202.09663
4 200.81805
5 197.29362
6 191.03651
7 179.61234
8 164.07797
9 142.10745
10 115.214455
11 89.21585
12 68.15028
13 56.006523
14 48.35791
15 46.15069
16 45.00223
17 44.317204
18 44.881714
19 44.529114
20 44.003975
21 42.755898
22 41.413643
23 40.34445
24 38.792675
25 37.42269
26 35.80705
27 34.77592
28 33.848125
29 33.275784
30 32.99164
31 32.87731
32 32.944214
33 33.127808
34 33.630337
35 34.367332
36 35.603485
37 36.29776
38 37.60759
39 38.695488
40 39.887714
41 40.41084
42 41.39257
43 41.52664
44 41.722603
45 41.22799
46 41.244164
47 41.555656
48 42.17822
49 42.084362
50 41.640587
51 41.428307
52 41.3535
53 41.308243
54 40.152214
55 39.28192
56 40.214977
57 39.26787
58 38.224785
59 37.051987
60 37.758923
61 36.741356
62 38.230232
63 39.840263
64 38.87708
65 39.187206
66 39.14743
67 41.953003
68 43.39261
69 36.573162
70 34.45524
71 33.340176
72 31.648315
73 33.3726
74 33.669502
75 32.571953
76 34.63372
77 33.769997
78 35.40254
79 38.03562
80 38.75774
81 36.96313
82 39.897896
83 36.929913
84 37.01626
85 34.026802
86 31.799347
87 31.169088
88 32.886276
89 34.12163
90 36.251762
91 39.676758
92 38.921837
93 36.83185
94 37.277424
95 38.537647
96 35.0394
97 31.53136
98 30.319218
99 32.015457
100 30.602554
101 30.114697
102 30.659626
103 31.567703
104 30.516525
105 29.17796
106 32.0479
107 33.632942
108 34.703728
109 33.903675
110 34.99298
111 36.09967
112 33.72937
113 31.661398
114 34.489902
115 32.329784
116 32.617542
117 33.02079
118 31.625843
119 31.501337
120 32.42997
121 30.642628
122 31.695688
123 32.15007
124 31.402805
125 30.401577
126 27.727116
127 28.24844
128 26.43578
129 25.795624
130 26.079193
131 27.248493
132 28.557415
133 31.070032
134 30.905598
135 31.657343
136 33.06553
137 30.551636
138 32.783123
139 32.482903
140 34.172607
141 31.158436
142 30.214375
143 32.823784
144 31.44868
145 30.424671
146 31.026012
147 31.789429
148 30.77327
149 29.121563
150 29.498774
151 28.459616
152 28.829388
153 29.75033
154 29.795868
155 29.412003
156 29.689194
157 30.949732
158 30.355984
159 29.580769
160 28.789434
161 31.856897
162 29.516418
163 29.956457
164 30.17696
165 28.828863
166 27.219706
167 28.14602
168 30.414707
169 28.255987
170 30.077276
171 30.74794
172 30.173687
173 30.378855
174 30.316833
175 30.479687
176 30.264736
177 31.40466
178 29.15318
179 29.721973
180 29.451614
181 30.690266
182 28.155252
183 27.817755
184 26.653402
185 27.333017
186 28.175495
187 26.414368
188 26.270374
189 25.547766
190 24.940954
191 25.605783
192 26.739716
193 25.789038
194 26.080658
195 25.92681
196 26.775127
197 24.864826
198 26.62994
199 24.381197
200 26.93154
201 25.431116
202 25.023865
203 25.94891
204 24.851158
205 25.602161
206 25.179571
207 25.14874
208 23.354832
209 23.689814
210 22.199562
211 22.967
212 23.19005
213 23.810486
214 24.07989
215 24.080173
216 24.17425
217 26.403885
218 25.41386
219 24.844675
220 24.153675
221 25.80239
222 25.82287
223 26.639286
224 25.190113
225 24.938797
226 25.729767
227 25.175053
228 27.011572
229 27.586945
230 26.031666
231 25.141966
232 27.334818
233 28.06892
234 26.361893
235 26.340918
236 25.305685
237 25.056835
238 25.970516
239 23.979992
240 23.926697
241 25.394518
242 23.990702
243 24.82958
244 26.21375
245 26.688452
246 26.610294
247 27.2571
248 26.669743
249 27.800564
250 27.90424
251 27.277197
252 27.865635
253 26.719135
254 25.893976
255 27.084614
256 26.912598
257 25.045202
258 25.142721
259 24.618872
260 24.343494
261 25.279615
262 24.420092
263 23.170177
264 22.531607
265 23.13106
266 22.514444
267 23.304047
268 23.112085
269 25.252296
270 24.400385
271 24.383173
272 25.162586
273 24.617508
274 26.017996
275 26.148367
276 25.389019
277 25.010319
278 25.569553
279 22.616455
280 24.015406
281 21.983707
282 23.147608
283 23.246151
284 22.624113
285 21.137735
286 21.904913
287 23.201746
288 24.821615
289 24.294388
290 24.544024
291 23.956396
292 23.890554
293 24.911716
294 22.93661
295 22.710918
296 23.124277
297 23.164734
298 22.452366
299 21.038843
300 20.656036
301 21.891819
302 22.942646
303 21.45881
304 23.976128
305 23.71709
306 23.511423
307 23.917715
308 24.138065
309 24.038273
310 22.401926
311 22.852947
312 21.89488
313 22.081186
314 21.60088
315 21.112371
316 21.07134
317 22.354355
318 21.551723
319 21.897205
320 21.898281
321 23.601374
322 22.9425
323 21.781063
324 22.342062
325 21.36096
326 21.898151
327 21.016338
328 22.540594
329 21.676365
330 22.92024
331 23.21049
332 21.904598
333 22.88712
334 22.446005
335 22.5089
336 22.757345
337 22.307766
338 21.282038
339 22.123783
340 22.546473
341 22.580055
342 21.177
343 20.309635
344 21.118399
345 21.210579
346 21.158543
347 21.126766
348 19.302225
349 21.669132
350 20.431717
351 20.366617
352 21.895603
353 20.831856
354 22.013844
355 20.98963
356 20.829098
357 21.037504
358 19.908016
359 21.137363
360 19.51323
361 21.090597
362 20.358318
363 20.977015
364 22.200462
365 22.500553
366 20.405914
367 21.764889
368 22.824282
369 22.586277
370 22.04907
371 22.892553
372 22.539968
373 21.03618
374 20.412704
375 19.824442
376 19.545752
377 20.143234
378 19.922754
379 20.55418
380 20.69814
381 20.910818
382 21.259632
383 20.591686
384 23.268879
385 22.574137
386 22.491365
387 23.884716
388 23.029572
389 24.515331
390 22.564564
391 21.700901
392 21.295116
393 19.790554
394 21.116817
395 20.530355
396 19.413326
397 20.557186
398 20.38298
399 20.123526
400 20.916443
401 22.02974
402 22.76653
403 22.748173
404 22.398884
405 21.19671
406 22.103748
407 21.631409
408 21.74661
409 21.532019
410 18.817417
411 19.446522
412 18.96652
413 18.555485
414 19.801413
415 19.254833
416 20.54816
417 20.070301
418 20.730518
419 21.80389
420 21.080732
421 22.062338
422 22.597881
423 20.759878
424 23.069525
425 22.504335
426 22.206371
427 22.395773
428 21.741253
429 20.49411
430 21.023548
431 18.972073
432 20.046638
433 19.410078
434 19.442585
435 18.804644
436 17.78243
437 20.197367
438 18.382603
439 19.867836
440 18.647955
441 19.918356
442 20.315903
443 20.45629
444 20.864351
445 22.794432
446 22.737078
447 22.101034
448 22.302025
449 20.976728
450 21.513496
451 21.114676
452 19.9586
453 19.223843
454 19.663458
455 19.430105
456 20.366123
457 21.161594
458 21.002771
459 21.609392
460 20.974344
461 21.280983
462 22.50063
463 21.590538
464 22.686945
465 20.610449
466 21.564154
467 19.878195
468 20.395748
469 21.98074
470 19.998898
471 19.773104
472 20.868992
473 19.640736
474 17.801638
475 19.371342
476 17.794489
477 18.678762
478 18.51075
479 18.933746
480 18.086409
481 18.824139
482 18.32684
483 17.914257
484 19.541458
485 18.792501
486 19.653122
487 19.398111
488 19.334894
489 17.754177
490 18.067738
491 17.62658
492 18.982426
493 17.396378
494 19.044077
495 19.526344
496 20.063524
497 19.377777
498 18.838995
499 18.855244
500 18.992813
501 20.803946
502 19.316996
503 18.04255
504 17.941864
505 18.31721
506 18.785917
507 18.039713
508 19.098265
509 17.70808
510 17.564697
511 18.324707
512 19.491125
513 19.216639
514 19.315329
515 20.224552
516 20.098164
517 19.719315
518 18.977356
519 21.93988
520 20.085443
521 19.45453
522 21.489002
523 19.369734
524 18.777151
525 17.762152
526 18.302439
527 17.118162
528 18.273249
529 17.678833
530 18.757107
531 17.091024
532 16.909277
533 18.194672
534 17.944721
535 17.590849
536 18.86538
537 21.102514
538 19.972342
539 19.8838
540 19.989742
541 19.025354
542 19.181736
543 20.246367
544 18.942892
545 18.623514
546 19.54488
547 19.251507
548 18.871368
549 19.215658
550 19.27527
551 17.783615
552 18.112782
553 17.800268
554 18.31336
555 18.610565
556 19.074955
557 18.524569
558 17.458248
559 17.514637
560 18.900818
561 18.39163
562 17.516682
563 17.5727
564 17.275732
565 17.777374
566 18.458002
567 18.026987
568 19.392166
569 18.662815
570 17.948101
571 18.12748
572 19.289434
573 18.408394
574 18.109715
575 16.6084
576 16.794834
577 17.279842
578 16.3181
579 17.378588
580 17.540176
581 16.586926
582 16.423382
583 16.789408
584 16.651466
585 17.38515
586 17.79155
587 15.971273
588 17.229532
589 16.944195
590 17.604046
591 17.167786
592 18.333242
593 18.768036
594 19.849016
595 19.90034
596 20.502941
597 18.591541
598 18.82579
599 18.96446
600 18.652182
601 18.83097
602 17.555902
603 17.890919
604 17.91724
605 17.04647
606 16.644903
607 16.959099
608 15.9110775
609 16.587534
610 17.209051
611 16.501074
612 17.940582
613 17.09534
614 18.983545
615 18.020617
616 19.704798
617 19.339315
618 19.538754
619 19.262314
620 18.475769
621 18.86626
622 17.074146
623 16.625023
624 17.415987
625 17.164215
626 17.162687
627 15.700096
628 16.061533
629 16.369478
630 14.98846
631 15.2189
632 14.401283
633 15.643582
634 15.660696
635 16.28439
636 17.23785
637 17.55637
638 18.30125
639 18.16114
640 18.787294
641 18.190165
642 18.57486
643 18.456608
644 19.427443
645 18.944727
646 18.053118
647 15.915863
648 17.212557
649 17.608145
650 18.030693
651 16.6236
652 16.938002
653 16.679457
654 17.569504
655 18.271244
656 16.50867
657 15.586084
658 18.270824
659 17.215427
660 17.115786
661 16.676033
662 16.717274
663 16.914919
664 16.35032
665 16.43864
666 16.885838
667 17.276516
668 18.15058
669 16.895552
670 16.882221
671 17.469952
672 17.941708
673 17.520086
674 18.438091
675 18.210295
676 17.193226
677 17.079723
678 16.936535
679 16.296978
680 16.649931
681 16.437845
682 17.414911
683 17.80147
684 17.082005
685 16.529474
686 16.898321
687 17.09927
688 18.11606
689 18.251844
690 18.32346
691 18.644081
692 18.77676
693 19.419117
694 17.036495
695 17.933035
696 16.723713
697 17.700602
698 17.086166
699 17.654257
700 17.460165
701 17.273487
702 17.89822
703 18.26884
704 17.714191
705 16.293549
706 17.996435
707 17.123066
708 17.714
709 17.463015
710 16.20318
711 16.816278
712 15.6907425
713 17.077461
714 16.984413
715 16.523813
716 18.203548
717 16.961163
718 16.416866
719 17.333542
720 18.80723
721 17.223034
722 18.662485
723 17.67155
724 17.787659
725 19.86957
726 17.518072
727 18.620047
728 16.722534
729 16.20441
730 15.855525
731 16.308508
732 16.75425
733 16.917685
734 16.654903
735 16.32281
736 16.266682
737 16.873922
738 15.776425
739 17.052378
740 17.98042
741 17.529083
742 16.589987
743 17.93366
744 19.227205
745 18.95932
746 17.28892
747 18.237751
748 18.113472
749 16.797403
750 15.900601
751 16.809301
752 17.614176
753 18.107304
754 17.59671
755 16.351818
756 17.332172
757 17.672688
758 17.951963
759 17.212667
760 15.89014
761 16.56105
762 16.56564
763 17.25643
764 15.899401
765 16.424223
766 16.43665
767 16.495594
768 16.630136
769 16.722132
770 15.837219
771 15.247892
772 16.382381
773 15.769091
774 18.389553
775 17.63644
776 18.424738
777 17.34351
778 16.763483
779 16.236818
780 16.754993
781 17.732014
782 16.833675
783 17.131403
784 17.030228
785 16.638285
786 16.068485
787 16.461493
788 16.10314
789 16.692001
790 16.926037
791 16.458134
792 15.216601
793 16.183283
794 15.793635
795 15.579183
796 16.260265
797 15.072248
798 15.754562
799 18.231688
800 17.46644
801 17.671839
802 17.046013
803 17.682398
804 17.870771
805 16.929035
806 16.012884
807 16.748531
808 16.253
809 16.512497
810 16.311924
811 15.888415
812 16.179913
813 14.989485
814 15.944992
815 14.7470045
816 15.030947
817 15.331671
818 14.944809
819 14.159964
820 16.645786
821 14.951523
822 16.253948
823 16.303104
824 15.314718
825 16.888378
826 16.974417
827 16.65413
828 15.487407
829 17.060547
830 17.204914
831 17.104641
832 16.169987
833 15.880663
834 15.063856
835 15.474203
836 14.405185
837 15.173846
838 15.369858
839 14.462947
840 15.24323
841 14.352066
842 15.437268
843 15.954234
844 16.812939
845 15.305937
846 15.693018
847 14.027542
848 16.414219
849 15.748372
850 15.650232
851 14.693161
852 15.657557
853 15.7803755
854 15.17306
855 16.177658
856 15.187925
857 16.979301
858 16.589499
859 17.531052
860 16.746216
861 15.977565
862 17.011126
863 16.825336
864 15.905008
865 16.178541
866 16.496943
867 17.732319
868 17.709171
869 16.963451
870 18.021034
871 18.168842
872 17.956654
873 16.742916
874 17.000637
875 17.671978
876 17.232883
877 18.442614
878 17.562479
879 18.362934
880 17.62982
881 17.105272
882 18.144676
883 17.700811
884 17.2398
885 16.529306
886 16.863958
887 15.84329
888 15.036627
889 16.121937
890 15.019887
891 14.041316
892 15.278111
893 15.891985
894 15.394773
895 16.45309
896 15.954218
897 16.555714
898 16.508308
899 14.849777
900 16.241657
901 14.698306
902 15.974325
903 15.255529
904 15.715799
905 15.463984
906 15.562388
907 14.851461
908 15.350534
909 15.535873
910 14.11967
911 15.479909
912 15.152124
913 14.156015
914 14.902745
915 14.911242
916 15.451215
917 15.594999
918 15.41274
919 15.444878
920 15.807283
921 16.360533
922 15.289061
923 16.691055
924 16.041563
925 16.544434
926 15.774954
927 15.940359
928 15.513519
929 14.776334
930 15.666779
931 15.401512
932 15.217792
933 15.456619
934 15.168879
935 14.868593
936 16.009363
937 14.678984
938 14.999364
939 14.932736
940 14.287526
941 15.746481
942 15.091039
943 14.640253
944 13.90033
945 13.674292
946 14.638479
947 14.526466
948 15.085335
949 14.462881
950 16.1772
951 15.446833
952 14.747557
953 15.834897
954 16.264843
955 16.320204
956 15.158145
957 15.434282
958 14.515447
959 16.018309
960 16.845654
961 16.306965
962 15.784681
963 15.869507
964 14.961653
965 16.250921
966 16.418661
967 16.703491
968 17.406261
969 16.179394
970 16.68858
971 16.401869
972 16.51419
973 17.029522
974 16.35039
975 16.715673
976 17.906446
977 15.932587
978 16.475603
979 15.118487
980 16.072216
981 15.753731
982 16.118162
983 15.626955
984 16.038324
985 16.548458
986 17.736155
987 16.125172
988 15.420816
989 15.62455
990 15.8392105
991 16.91955
992 15.4811125
993 16.174017
994 15.554886
995 15.331967
996 15.421373
997 14.521536
998 15.459082
999 14.196009
1000 13.523679
