1 0.00625
2 0.025
3 0.06875
4 0.10625
5 0.1375
6 0.1125
7 0.13125
8 0.128125
9 0.10625
10 0.115625
11 0.11875
12 0.128125
13 0.115625
14 0.128125
15 0.0875
16 0.1125
17 0.11875
18 0.075
19 0.09375
20 0.09375
21 0.090625
22 0.1
23 0.134375
24 0.13125
25 0.125
26 0.06875
27 0.146875
28 0.115625
29 0.090625
30 0.125
31 0.10625
32 0.121875
33 0.11875
34 0.11875
35 0.128125
36 0.134375
37 0.109375
38 0.121875
39 0.125
40 0.1125
41 0.134375
42 0.121875
43 0.1375
44 0.11875
45 0.109375
46 0.146875
47 0.146875
48 0.115625
49 0.10625
50 0.1125
51 0.11875
52 0.128125
53 0.134375
54 0.1125
55 0.1125
56 0.140625
57 0.146875
58 0.13125
59 0.140625
60 0.109375
61 0.1375
62 0.0875
63 0.125
64 0.115625
65 0.115625
66 0.121875
67 0.14375
68 0.128125
69 0.153125
70 0.15625
71 0.13125
72 0.1625
73 0.15
74 0.1375
75 0.1375
76 0.15625
77 0.15
78 0.159375
79 0.14375
80 0.1625
81 0.140625
82 0.165625
83 0.19375
84 0.153125
85 0.14375
86 0.1375
87 0.15
88 0.184375
89 0.196875
90 0.140625
91 0.1625
92 0.209375
93 0.171875
94 0.175
95 0.215625
96 0.171875
97 0.18125
98 0.184375
99 0.159375
100 0.1625
101 0.16875
102 0.159375
103 0.190625
104 0.171875
105 0.190625
106 0.18125
107 0.23125
108 0.196875
109 0.19375
110 0.209375
111 0.228125
112 0.184375
113 0.175
114 0.140625
115 0.18125
116 0.178125
117 0.1625
118 0.20625
119 0.171875
120 0.20625
121 0.2375
122 0.1875
123 0.184375
124 0.2
125 0.215625
126 0.18125
127 0.184375
128 0.2
129 0.2
130 0.20625
131 0.221875
132 0.175
133 0.209375
134 0.18125
135 0.16875
136 0.178125
137 0.215625
138 0.15625
139 0.240625
140 0.2
141 0.209375
142 0.228125
143 0.2
144 0.23125
145 0.246875
146 0.20625
147 0.175
148 0.190625
149 0.253125
150 0.20625
151 0.203125
152 0.196875
153 0.215625
154 0.228125
155 0.215625
156 0.26875
157 0.259375
158 0.25
159 0.24375
160 0.209375
161 0.215625
162 0.278125
163 0.20625
164 0.2625
165 0.246875
166 0.234375
167 0.246875
168 0.215625
169 0.2625
170 0.240625
171 0.2
172 0.271875
173 0.209375
174 0.215625
175 0.28125
176 0.24375
177 0.278125
178 0.228125
179 0.2125
180 0.196875
181 0.253125
182 0.221875
183 0.259375
184 0.228125
185 0.25
186 0.28125
187 0.228125
188 0.240625
189 0.20625
190 0.246875
191 0.275
192 0.228125
193 0.290625
194 0.26875
195 0.275
196 0.2625
197 0.253125
198 0.25
199 0.228125
200 0.240625
201 0.203125
202 0.234375
203 0.278125
204 0.23125
205 0.2625
206 0.265625
207 0.296875
208 0.2375
209 0.24375
210 0.265625
211 0.26875
212 0.228125
213 0.290625
214 0.284375
215 0.275
216 0.265625
217 0.228125
218 0.290625
219 0.303125
220 0.25625
221 0.221875
222 0.228125
223 0.25625
224 0.2
225 0.278125
226 0.271875
227 0.26875
228 0.225
229 0.23125
230 0.284375
231 0.259375
232 0.246875
233 0.271875
234 0.2375
235 0.30625
236 0.21875
237 0.228125
238 0.253125
239 0.265625
240 0.246875
241 0.253125
242 0.259375
243 0.271875
244 0.271875
245 0.203125
246 0.21875
247 0.228125
248 0.265625
249 0.24375
250 0.225
251 0.209375
252 0.296875
253 0.246875
254 0.290625
255 0.253125
256 0.2125
257 0.2375
258 0.2625
259 0.234375
260 0.334375
261 0.24375
262 0.23125
263 0.271875
264 0.321875
265 0.278125
266 0.253125
267 0.2625
268 0.290625
269 0.2375
270 0.284375
271 0.271875
272 0.34375
273 0.246875
274 0.265625
275 0.25
276 0.24375
277 0.265625
278 0.284375
279 0.31875
280 0.278125
281 0.2875
282 0.340625
283 0.296875
284 0.303125
285 0.3
286 0.278125
287 0.271875
288 0.275
289 0.265625
290 0.309375
291 0.2375
292 0.278125
293 0.2125
294 0.228125
295 0.3375
296 0.271875
297 0.253125
298 0.3125
299 0.278125
300 0.340625
301 0.303125
302 0.290625
303 0.3
304 0.309375
305 0.2875
306 0.246875
307 0.284375
308 0.315625
309 0.2875
310 0.35625
311 0.246875
312 0.271875
313 0.265625
314 0.246875
315 0.31875
316 0.275
317 0.315625
318 0.228125
319 0.265625
320 0.328125
321 0.26875
322 0.321875
323 0.296875
324 0.296875
325 0.26875
326 0.296875
327 0.278125
328 0.29375
329 0.2875
330 0.2375
331 0.303125
332 0.321875
333 0.30625
334 0.265625
335 0.278125
336 0.259375
337 0.325
338 0.28125
339 0.21875
340 0.321875
341 0.30625
342 0.290625
343 0.275
344 0.29375
345 0.3625
346 0.278125
347 0.271875
348 0.309375
349 0.2875
350 0.39375
351 0.26875
352 0.28125
353 0.271875
354 0.35
355 0.284375
356 0.296875
357 0.2625
358 0.3375
359 0.321875
360 0.26875
361 0.3125
362 0.321875
363 0.290625
364 0.3375
365 0.38125
366 0.284375
367 0.340625
368 0.29375
369 0.325
370 0.303125
371 0.315625
372 0.30625
373 0.353125
374 0.2875
375 0.3125
376 0.309375
377 0.315625
378 0.2875
379 0.290625
380 0.303125
381 0.3
382 0.303125
383 0.315625
384 0.25625
385 0.2375
386 0.253125
387 0.253125
388 0.2875
389 0.253125
390 0.303125
391 0.328125
392 0.296875
393 0.328125
394 0.3375
395 0.346875
396 0.303125
397 0.271875
398 0.31875
399 0.303125
400 0.3125
401 0.275
402 0.265625
403 0.3
404 0.325
405 0.234375
406 0.30625
407 0.30625
408 0.296875
409 0.30625
410 0.346875
411 0.33125
412 0.340625
413 0.31875
414 0.271875
415 0.31875
416 0.290625
417 0.30625
418 0.284375
419 0.36875
420 0.253125
421 0.275
422 0.2875
423 0.30625
424 0.265625
425 0.25625
426 0.271875
427 0.30625
428 0.246875
429 0.271875
430 0.325
431 0.378125
432 0.26875
433 0.28125
434 0.296875
435 0.33125
436 0.275
437 0.296875
438 0.284375
439 0.353125
440 0.303125
441 0.353125
442 0.29375
443 0.246875
444 0.275
445 0.34375
446 0.3
447 0.2625
448 0.3375
449 0.325
450 0.290625
451 0.315625
452 0.35
453 0.31875
454 0.2875
455 0.334375
456 0.30625
457 0.26875
458 0.28125
459 0.309375
460 0.26875
461 0.325
462 0.26875
463 0.2875
464 0.315625
465 0.3
466 0.3
467 0.271875
468 0.325
469 0.409375
470 0.34375
471 0.315625
472 0.334375
473 0.29375
474 0.2625
475 0.3125
476 0.30625
477 0.25625
478 0.25625
479 0.371875
480 0.31875
481 0.31875
482 0.259375
483 0.33125
484 0.265625
485 0.240625
486 0.275
487 0.3
488 0.28125
489 0.396875
490 0.3
491 0.275
492 0.3625
493 0.346875
494 0.2875
495 0.259375
496 0.2875
497 0.25
498 0.253125
499 0.29375
500 0.309375
501 0.296875
502 0.33125
503 0.334375
504 0.26875
505 0.29375
506 0.321875
507 0.353125
508 0.3
509 0.265625
510 0.296875
511 0.284375
512 0.315625
513 0.321875
514 0.321875
515 0.334375
516 0.3
517 0.303125
518 0.29375
519 0.309375
520 0.296875
521 0.290625
522 0.30625
523 0.303125
524 0.3125
525 0.3375
526 0.284375
527 0.303125
528 0.309375
529 0.315625
530 0.325
531 0.321875
532 0.30625
533 0.34375
534 0.375
535 0.3
536 0.30625
537 0.340625
538 0.28125
539 0.31875
540 0.29375
541 0.29375
542 0.35
543 0.3125
544 0.29375
545 0.275
546 0.28125
547 0.29375
548 0.275
549 0.265625
550 0.3
551 0.30625
552 0.328125
553 0.240625
554 0.2875
555 0.271875
556 0.315625
557 0.284375
558 0.325
559 0.346875
560 0.334375
561 0.25
562 0.346875
563 0.278125
564 0.296875
565 0.3
566 0.29375
567 0.265625
568 0.275
569 0.33125
570 0.2875
571 0.309375
572 0.284375
573 0.284375
574 0.35625
575 0.30625
576 0.290625
577 0.31875
578 0.259375
579 0.30625
580 0.278125
581 0.30625
582 0.309375
583 0.325
584 0.3
585 0.275
586 0.271875
587 0.275
588 0.3
589 0.278125
590 0.296875
591 0.240625
592 0.26875
593 0.29375
594 0.29375
595 0.29375
596 0.303125
597 0.328125
598 0.259375
599 0.340625
600 0.3125
601 0.315625
602 0.31875
603 0.3375
604 0.3125
605 0.359375
606 0.303125
607 0.271875
608 0.346875
609 0.309375
610 0.384375
611 0.3125
612 0.321875
613 0.3125
614 0.378125
615 0.303125
616 0.371875
617 0.28125
618 0.34375
619 0.325
620 0.375
621 0.2875
622 0.271875
623 0.265625
624 0.29375
625 0.3125
626 0.309375
627 0.303125
628 0.3125
629 0.3
630 0.315625
631 0.3
632 0.26875
633 0.278125
634 0.315625
635 0.296875
636 0.29375
637 0.296875
638 0.271875
639 0.3
640 0.315625
641 0.253125
642 0.340625
643 0.278125
644 0.296875
645 0.34375
646 0.334375
647 0.290625
648 0.375
649 0.315625
650 0.2875
651 0.35
652 0.35625
653 0.34375
654 0.315625
655 0.34375
656 0.31875
657 0.334375
658 0.33125
659 0.296875
660 0.346875
661 0.2625
662 0.33125
663 0.3375
664 0.34375
665 0.340625
666 0.321875
667 0.303125
668 0.35625
669 0.459375
670 0.328125
671 0.334375
672 0.34375
673 0.315625
674 0.25625
675 0.2875
676 0.290625
677 0.2625
678 0.309375
679 0.29375
680 0.290625
681 0.340625
682 0.278125
683 0.3
684 0.30625
685 0.309375
686 0.33125
687 0.3
688 0.284375
689 0.309375
690 0.328125
691 0.35625
692 0.334375
693 0.334375
694 0.39375
695 0.328125
696 0.33125
697 0.3875
698 0.321875
699 0.3625
700 0.34375
701 0.34375
702 0.3125
703 0.290625
704 0.375
705 0.275
706 0.303125
707 0.265625
708 0.334375
709 0.30625
710 0.3375
711 0.309375
712 0.275
713 0.334375
714 0.328125
715 0.303125
716 0.3625
717 0.271875
718 0.31875
719 0.26875
720 0.271875
721 0.23125
722 0.303125
723 0.3
724 0.365625
725 0.31875
726 0.321875
727 0.340625
728 0.346875
729 0.31875
730 0.275
731 0.29375
732 0.290625
733 0.29375
734 0.2875
735 0.278125
736 0.328125
737 0.315625
738 0.346875
739 0.303125
740 0.253125
741 0.325
742 0.265625
743 0.375
744 0.334375
745 0.3125
746 0.328125
747 0.35625
748 0.296875
749 0.340625
750 0.36875
751 0.2875
752 0.33125
753 0.31875
754 0.334375
755 0.321875
756 0.3
757 0.334375
758 0.325
759 0.36875
760 0.346875
761 0.284375
762 0.36875
763 0.303125
764 0.34375
765 0.340625
766 0.3625
767 0.346875
768 0.31875
769 0.29375
770 0.346875
771 0.35625
772 0.303125
773 0.25625
774 0.30625
775 0.30625
776 0.35
777 0.340625
778 0.334375
779 0.30625
780 0.35625
781 0.3375
782 0.403125
783 0.353125
784 0.3375
785 0.33125
786 0.303125
787 0.3
788 0.375
789 0.2875
790 0.315625
791 0.325
792 0.35625
793 0.346875
794 0.290625
795 0.315625
796 0.29375
797 0.334375
798 0.315625
799 0.296875
800 0.321875
801 0.321875
802 0.328125
803 0.334375
804 0.346875
805 0.29375
806 0.35
807 0.315625
808 0.334375
809 0.29375
810 0.35625
811 0.375
812 0.3375
813 0.3375
814 0.290625
815 0.3125
816 0.378125
817 0.303125
818 0.328125
819 0.328125
820 0.3
821 0.35
822 0.4125
823 0.325
824 0.36875
825 0.3125
826 0.334375
827 0.340625
828 0.296875
829 0.340625
830 0.3625
831 0.35625
832 0.378125
833 0.353125
834 0.3125
835 0.309375
836 0.334375
837 0.30625
838 0.296875
839 0.378125
840 0.3375
841 0.25
842 0.296875
843 0.3375
844 0.296875
845 0.353125
846 0.353125
847 0.31875
848 0.3625
849 0.340625
850 0.36875
851 0.30625
852 0.35
853 0.325
854 0.3125
855 0.31875
856 0.303125
857 0.315625
858 0.384375
859 0.396875
860 0.30625
861 0.328125
862 0.303125
863 0.30625
864 0.378125
865 0.31875
866 0.309375
867 0.35625
868 0.321875
869 0.321875
870 0.315625
871 0.29375
872 0.315625
873 0.315625
874 0.30625
875 0.340625
876 0.34375
877 0.33125
878 0.303125
879 0.3
880 0.325
881 0.3375
882 0.321875
883 0.35625
884 0.328125
885 0.309375
886 0.303125
887 0.346875
888 0.296875
889 0.328125
890 0.346875
891 0.384375
892 0.33125
893 0.3375
894 0.315625
895 0.296875
896 0.371875
897 0.271875
898 0.309375
899 0.33125
900 0.29375
901 0.3125
902 0.35
903 0.296875
904 0.303125
905 0.35625
906 0.303125
907 0.33125
908 0.34375
909 0.365625
910 0.315625
911 0.346875
912 0.3125
913 0.35625
914 0.321875
915 0.38125
916 0.35625
917 0.315625
918 0.33125
919 0.2875
920 0.33125
921 0.309375
922 0.375
923 0.3625
924 0.35
925 0.315625
926 0.35
927 0.371875
928 0.3125
929 0.409375
930 0.30625
931 0.26875
932 0.315625
933 0.321875
934 0.2625
935 0.346875
936 0.325
937 0.33125
938 0.315625
939 0.309375
940 0.30625
941 0.33125
942 0.34375
943 0.325
944 0.378125
945 0.39375
946 0.3875
947 0.353125
948 0.371875
949 0.359375
950 0.334375
951 0.375
952 0.340625
953 0.275
954 0.30625
955 0.29375
956 0.29375
957 0.309375
958 0.303125
959 0.34375
960 0.353125
961 0.290625
962 0.29375
963 0.321875
964 0.34375
965 0.34375
966 0.353125
967 0.346875
968 0.35625
969 0.35
970 0.38125
971 0.34375
972 0.321875
973 0.34375
974 0.321875
975 0.334375
976 0.40625
977 0.30625
978 0.36875
979 0.296875
980 0.334375
981 0.3125
982 0.340625
983 0.38125
984 0.38125
985 0.334375
986 0.275
987 0.353125
988 0.34375
989 0.35625
990 0.375
991 0.371875
992 0.296875
993 0.321875
994 0.33125
995 0.365625
996 0.309375
997 0.26875
998 0.35625
999 0.375
1000 0.378125
