1 7.681432
2 7.6083217
3 7.4969945
4 7.35005
5 7.161466
6 6.9154487
7 6.5937963
8 6.4561357
9 6.271203
10 6.1631756
11 5.9292407
12 5.755541
13 5.8623834
14 5.6086907
15 5.8047466
16 5.5627794
17 5.4439187
18 5.2770276
19 5.2682257
20 5.4034185
21 5.3404346
22 5.32418
23 5.1925855
24 5.2268286
25 5.300552
26 5.4669614
27 5.245682
28 5.2669816
29 5.2974916
30 5.236797
31 5.2181315
32 5.345561
33 5.361611
34 5.144582
35 5.277332
36 5.2775135
37 5.1944118
38 5.1775064
39 5.4704967
40 5.1682115
41 5.1019425
42 4.959452
43 5.2594047
44 5.0853295
45 5.1828628
46 5.1733074
47 4.9999495
48 5.0735736
49 5.0985036
50 5.403602
51 5.3120723
52 5.197985
53 5.119928
54 5.1347375
55 5.0818067
56 4.967326
57 4.9357047
58 5.1097608
59 4.9305563
60 5.123521
61 5.206819
62 5.3353634
63 5.2101216
64 5.3289995
65 5.0578685
66 5.126471
67 5.037328
68 5.049972
69 5.281124
70 5.0916743
71 4.93345
72 4.8640475
73 5.1163406
74 5.0122147
75 5.030628
76 4.795288
77 5.0019407
78 5.012332
79 4.988465
80 4.891896
81 5.106595
82 4.989228
83 4.7510576
84 5.0846567
85 4.978775
86 5.009616
87 5.0152535
88 4.9506435
89 4.841659
90 4.9060636
91 4.9431076
92 4.8169494
93 4.7861414
94 4.8470955
95 4.730222
96 4.8266034
97 4.831134
98 4.781611
99 4.7752886
100 4.8468995
101 4.642069
102 4.657075
103 4.754411
104 4.5602593
105 4.7119265
106 4.7069936
107 4.667076
108 4.8624744
109 4.7154865
110 4.7011395
111 4.424404
112 4.7532997
113 4.8044906
114 4.856201
115 4.8053894
116 4.6757607
117 4.7566504
118 4.70404
119 4.6634007
120 4.611429
121 4.6157527
122 4.5409017
123 4.3536096
124 4.5252686
125 4.4197187
126 4.501572
127 4.603868
128 4.54029
129 4.4714355
130 4.5574927
131 4.5594473
132 4.5372205
133 4.586758
134 4.8269205
135 4.6648364
136 4.6848083
137 4.6880646
138 4.5751214
139 4.53297
140 4.6532
141 4.4605193
142 4.423751
143 4.3513465
144 4.379011
145 4.516036
146 4.5928326
147 4.4653907
148 4.547254
149 4.4209895
150 4.5603905
151 4.5458198
152 4.5253735
153 4.442534
154 4.433636
155 4.3699765
156 4.046501
157 4.1476974
158 4.3271093
159 4.3252325
160 4.382249
161 4.2739425
162 4.0841937
163 4.1349106
164 4.0466022
165 4.1315203
166 4.264508
167 4.112743
168 4.280262
169 4.3311653
170 4.2803955
171 4.2239113
172 4.182564
173 4.160656
174 4.372035
175 4.021135
176 4.107669
177 4.080801
178 4.431638
179 4.4062495
180 4.470944
181 4.233059
182 4.37396
183 4.14937
184 4.3257837
185 4.1783695
186 4.1394196
187 4.3314805
188 4.2392554
189 4.4407353
190 4.107091
191 4.1520367
192 4.118267
193 3.7627623
194 4.0424113
195 4.0414314
196 4.10768
197 4.3005886
198 4.288066
199 4.285478
200 4.1511087
201 4.235651
202 4.2277865
203 4.106828
204 4.3132224
205 4.2598333
206 4.125677
207 4.054974
208 4.549631
209 4.4242215
210 4.1302505
211 4.0548744
212 4.2780156
213 4.0783696
214 3.9768918
215 4.1756883
216 4.2203584
217 4.2852864
218 4.1876607
219 4.0461607
220 4.2882924
221 4.4807844
222 4.3474426
223 4.1119885
224 4.2396383
225 3.8953393
226 4.097597
227 3.9120529
228 4.1283646
229 4.210417
230 4.0624914
231 3.975355
232 3.95515
233 4.0544395
234 4.1393766
235 3.8861532
236 4.114283
237 4.178099
238 3.9924352
239 4.2391667
240 4.1331425
241 4.233464
242 4.1411533
243 4.0572863
244 3.984174
245 4.198488
246 4.1541524
247 4.235932
248 4.1446114
249 4.2550516
250 4.303206
251 4.431047
252 4.2430935
253 4.054152
254 3.829408
255 4.2577724
256 4.257643
257 4.184666
258 4.0212755
259 4.335443
260 3.7765808
261 4.1379156
262 4.199991
263 4.022763
264 3.952331
265 4.145132
266 4.1345544
267 4.1202955
268 3.9766035
269 4.0807695
270 4.073342
271 3.9910579
272 3.840215
273 4.0875025
274 4.1610723
275 3.9127097
276 4.0943775
277 4.04745
278 3.9974113
279 3.6372614
280 3.9707778
281 3.8909292
282 3.7986774
283 3.9250987
284 3.948581
285 3.8953798
286 3.9811063
287 3.7737691
288 4.018996
289 3.9368665
290 3.9968998
291 4.0165124
292 3.9388216
293 4.256912
294 4.2336307
295 3.6715176
296 3.863953
297 3.9431226
298 3.8426514
299 3.881561
300 3.711333
301 3.767059
302 3.787404
303 3.8246248
304 3.8495488
305 4.072937
306 4.133125
307 3.8699474
308 3.6638024
309 3.9510348
310 3.717993
311 3.9498525
312 3.9960136
313 3.9651928
314 3.941455
315 3.755608
316 3.9574661
317 3.745766
318 3.9886267
319 3.794447
320 3.6962209
321 4.0952644
322 3.6218922
323 3.7921865
324 3.7286165
325 3.9880815
326 3.9830954
327 3.9754522
328 4.054084
329 3.9596453
330 3.978668
331 3.8918924
332 3.7438703
333 3.7876856
334 4.0154057
335 3.8901684
336 3.933844
337 3.6050045
338 3.9256554
339 4.140005
340 3.7181482
341 3.7429307
342 3.9431577
343 3.9440024
344 3.8136945
345 3.5337281
346 3.799286
347 3.7228978
348 3.9119294
349 3.894254
350 3.5693617
351 3.9100442
352 3.8465698
353 4.0195036
354 3.5049124
355 3.9131508
356 3.6357574
357 4.030059
358 3.568555
359 3.7252853
360 3.8754938
361 3.7080235
362 3.8172085
363 3.7631779
364 3.5758855
365 3.5395257
366 3.9238
367 3.6762626
368 3.7372785
369 3.6078465
370 3.9327087
371 3.9135804
372 3.6714299
373 3.6205835
374 3.9317875
375 3.6794376
376 3.6600735
377 3.7794147
378 3.7908363
379 3.8748147
380 3.9877603
381 3.8344047
382 3.7948554
383 3.756264
384 3.8516855
385 4.0516734
386 3.888494
387 3.97268
388 3.947427
389 4.01602
390 3.8451145
391 3.7893438
392 3.825293
393 3.8281078
394 3.8021524
395 3.715573
396 4.123228
397 4.0176425
398 3.838663
399 3.915487
400 3.8198166
401 4.204793
402 4.0311794
403 3.8706484
404 3.7751808
405 4.044338
406 3.8420317
407 3.6815743
408 3.878939
409 3.8626845
410 3.6970043
411 3.6563356
412 3.7815607
413 3.8090718
414 3.7991796
415 3.6483295
416 3.8570445
417 3.9292185
418 3.7532995
419 3.7799454
420 4.034552
421 4.0490093
422 3.9009352
423 3.790545
424 3.867585
425 3.9955785
426 4.047153
427 3.6731207
428 3.9468112
429 4.0310874
430 3.4873555
431 3.6079948
432 3.8792503
433 4.0108967
434 3.8181338
435 3.6574593
436 3.8376174
437 3.9421332
438 3.756582
439 3.5939155
440 3.5625842
441 3.5858853
442 3.992764
443 4.198686
444 4.002431
445 3.64785
446 3.8607106
447 3.885439
448 3.469301
449 3.9263837
450 3.9924512
451 3.755215
452 3.582735
453 3.7742515
454 3.7451527
455 3.5783484
456 3.8191495
457 3.8071659
458 3.7907627
459 3.7731802
460 3.7671342
461 3.6480768
462 3.8239124
463 3.7788606
464 3.726573
465 3.651484
466 3.7632642
467 3.9075277
468 3.5889878
469 3.298808
470 3.5624535
471 3.6369863
472 3.6304443
473 3.9521768
474 3.914537
475 3.791849
476 3.7916217
477 3.8468418
478 3.9958162
479 3.475185
480 3.7330165
481 3.7522194
482 4.210196
483 3.876384
484 3.8985927
485 3.938064
486 4.062049
487 3.7335773
488 3.7125297
489 3.5465374
490 3.8683836
491 3.807277
492 3.5073159
493 3.6413426
494 3.792318
495 4.1232944
496 3.8406043
497 4.0390024
498 3.7776127
499 3.881154
500 3.766301
501 3.6975906
502 3.6558623
503 3.6770718
504 3.8628504
505 3.800011
506 3.6288195
507 3.703231
508 3.7442088
509 3.7452016
510 3.7303677
511 3.8676524
512 3.7113893
513 3.7232957
514 3.7862265
515 3.5891588
516 3.824061
517 3.635807
518 3.8632658
519 3.7847197
520 3.7741559
521 3.9076405
522 3.7995367
523 3.773558
524 3.58969
525 3.7593284
526 3.823853
527 3.6890264
528 3.8405054
529 3.6045973
530 3.732249
531 3.4984632
532 3.5565372
533 3.6738446
534 3.6150374
535 3.687243
536 3.79485
537 3.6703672
538 3.8794112
539 3.812349
540 3.8049238
541 3.880719
542 3.5592644
543 3.7730253
544 3.8450813
545 3.7681253
546 3.882694
547 4.0006657
548 3.938099
549 3.9322302
550 3.7247934
551 3.7681913
552 3.7487557
553 4.0485563
554 3.879446
555 3.831631
556 3.743877
557 3.7127497
558 3.8149018
559 3.6565344
560 3.6321194
561 3.9817636
562 3.4697163
563 3.809211
564 3.7909393
565 3.744191
566 3.7017019
567 3.9301038
568 4.008941
569 3.8010416
570 4.0518374
571 3.664312
572 3.6110172
573 3.8815775
574 3.623716
575 3.638298
576 3.7169898
577 3.5727785
578 3.797063
579 3.8250632
580 3.7767823
581 3.6758096
582 3.666358
583 3.5412018
584 3.7027953
585 3.8157198
586 3.8076305
587 3.6678262
588 3.7794728
589 3.6449776
590 3.6153336
591 4.006474
592 3.727417
593 3.7840297
594 3.6614723
595 3.7389627
596 3.652264
597 3.671272
598 3.841293
599 3.5243368
600 3.7019382
601 3.6057136
602 3.6633592
603 3.617631
604 3.6904683
605 3.6742604
606 3.7638464
607 3.9354794
608 3.4578216
609 3.829518
610 3.6528997
611 3.6705806
612 3.5996518
613 3.6673307
614 3.4011416
615 3.6466424
616 3.6289487
617 3.7258832
618 3.6014094
619 3.747116
620 3.4394429
621 3.9170115
622 3.9616833
623 3.8419929
624 3.9339728
625 3.743331
626 3.7165031
627 3.7443936
628 3.6368241
629 3.8323574
630 3.776647
631 3.6110983
632 4.101891
633 3.7983856
634 3.5537057
635 3.7513328
636 3.921038
637 3.821858
638 3.8060136
639 3.6756854
640 3.8096564
641 4.095243
642 3.586653
643 3.9469712
644 3.6286433
645 3.4805179
646 3.6983528
647 3.8077736
648 3.4696825
649 3.5560377
650 3.6973538
651 3.6233883
652 3.576257
653 3.5121698
654 3.6609914
655 3.4394443
656 3.5109928
657 3.512763
658 3.5679004
659 3.581465
660 3.4081395
661 3.7218363
662 3.6044626
663 3.7052815
664 3.5441232
665 3.414549
666 3.6934037
667 3.6671948
668 3.3408163
669 3.052384
670 3.5639944
671 3.7706006
672 3.5542572
673 3.7434406
674 3.8424153
675 3.657198
676 3.7997808
677 4.1421175
678 3.7283804
679 3.775781
680 3.7319238
681 3.7111094
682 3.9545975
683 3.9554324
684 3.618658
685 3.6071556
686 3.5213797
687 3.67784
688 3.7838144
689 3.7010827
690 3.600866
691 3.4279094
692 3.689026
693 3.6706073
694 3.3766568
695 3.598578
696 3.5462189
697 3.4567838
698 3.5172467
699 3.3352587
700 3.7438707
701 3.6631913
702 3.7073932
703 3.7263477
704 3.4723916
705 3.7837827
706 3.8440385
707 3.942822
708 3.5655677
709 3.5306957
710 3.7207897
711 3.5240707
712 3.718103
713 3.6797466
714 3.6113815
715 3.6415503
716 3.3881621
717 3.7475123
718 3.660835
719 3.8378513
720 3.8281562
721 3.9417553
722 3.7824867
723 3.730845
724 3.4666746
725 3.7609303
726 3.632152
727 3.5176103
728 3.4490273
729 3.649485
730 3.8962924
731 3.7844548
732 3.6699247
733 3.77561
734 3.8579223
735 3.8445075
736 3.5097048
737 3.730844
738 3.421437
739 3.571186
740 3.6602304
741 3.584224
742 3.71349
743 3.3647916
744 3.669148
745 3.649463
746 3.4843245
747 3.3923666
748 3.7232025
749 3.6614327
750 3.3298507
751 3.7572265
752 3.6712482
753 3.7386076
754 3.8157704
755 3.7470167
756 3.7318842
757 3.4655027
758 3.4710243
759 3.4768803
760 3.4219782
761 3.4204817
762 3.2894018
763 3.6637704
764 3.4505606
765 3.5696037
766 3.3224027
767 3.6727498
768 3.7124019
769 3.7702487
770 3.5915158
771 3.6119497
772 3.7275357
773 3.936886
774 3.6541047
775 3.6481268
776 3.6252172
777 3.5524783
778 3.644282
779 3.6036446
780 3.529492
781 3.5799947
782 3.2718668
783 3.5599837
784 3.5755186
785 3.4806464
786 3.7195334
787 3.6202323
788 3.4046638
789 3.8667293
790 3.693079
791 3.7640738
792 3.6760843
793 3.5977364
794 3.7791064
795 3.6019654
796 3.8548887
797 3.541132
798 3.7273405
799 3.7373598
800 3.7232454
801 3.5325425
802 3.6015925
803 3.5993412
804 3.5044458
805 3.6291697
806 3.5559192
807 3.6194677
808 3.5502956
809 3.7074337
810 3.6177995
811 3.3801036
812 3.6955504
813 3.8040013
814 3.7972734
815 3.6025164
816 3.4358838
817 3.7367322
818 3.5438373
819 3.537567
820 3.5572371
821 3.3308554
822 3.388101
823 3.6747026
824 3.5437136
825 3.655232
826 3.4536781
827 3.5321143
828 3.7145834
829 3.508042
830 3.6066816
831 3.5003161
832 3.2725337
833 3.5166276
834 3.8033588
835 3.704617
836 3.6586313
837 3.7278788
838 3.8563783
839 3.3328514
840 3.5569444
841 3.9737554
842 3.917809
843 3.634712
844 3.7738311
845 3.5882566
846 3.3690765
847 3.5121388
848 3.5668755
849 3.4914002
850 3.5001345
851 3.6255445
852 3.5702863
853 3.4948735
854 3.6004932
855 3.7070205
856 3.8187828
857 3.5063035
858 3.1505945
859 3.218789
860 3.5570624
861 3.3760145
862 3.5396314
863 3.4172356
864 3.4833426
865 3.602921
866 3.6364431
867 3.5970397
868 3.60687
869 3.6377447
870 3.3929355
871 3.632247
872 3.6244814
873 3.7236242
874 3.665029
875 3.602703
876 3.2848954
877 3.4193294
878 3.66165
879 3.695081
880 3.6745408
881 3.4993632
882 3.6009314
883 3.4502935
884 3.4785428
885 3.6017013
886 3.5677848
887 3.4880657
888 3.5803988
889 3.6151328
890 3.4206448
891 3.4224713
892 3.5291274
893 3.5960877
894 3.5482628
895 3.732094
896 3.3944032
897 3.743427
898 3.4998484
899 3.5567036
900 3.9871447
901 3.7459385
902 3.6366124
903 3.8875368
904 3.6719635
905 3.3795533
906 3.7534611
907 3.5653253
908 3.78059
909 3.3551927
910 3.7131615
911 3.6793203
912 3.6505618
913 3.4080577
914 3.4882007
915 3.2589755
916 3.4910378
917 3.5552604
918 3.5975823
919 3.817944
920 3.6078246
921 3.6798956
922 3.3483515
923 3.3845704
924 3.6175158
925 3.6030712
926 3.4072866
927 3.342012
928 3.7495594
929 3.3261323
930 3.729768
931 3.9239352
932 3.72936
933 3.6785169
934 3.8740494
935 3.474679
936 3.6433856
937 3.5889325
938 3.7657912
939 3.7550526
940 3.9739294
941 3.476838
942 3.4742057
943 3.6789036
944 3.315708
945 3.4590857
946 3.518187
947 3.441104
948 3.436401
949 3.4221723
950 3.5259008
951 3.5825486
952 3.568923
953 3.7416084
954 3.697942
955 3.6977336
956 3.9034183
957 3.8179545
958 3.6381283
959 3.476798
960 3.4439137
961 3.6157043
962 3.7941382
963 3.7139628
964 3.4009147
965 3.4931982
966 3.3996584
967 3.578249
968 3.3987494
969 3.5272734
970 3.29861
971 3.4377725
972 3.5806375
973 3.324966
974 3.4595327
975 3.6163733
976 3.453539
977 3.676731
978 3.3556106
979 3.7660978
980 3.5187
981 3.6522875
982 3.4889834
983 3.242195
984 3.291871
985 3.6159844
986 3.7812622
987 3.3538852
988 3.579986
989 3.4573343
990 3.6056354
991 3.5413675
992 3.7932067
993 3.6106741
994 3.60473
995 3.4182734
996 3.6391246
997 3.788924
998 3.4571261
999 3.386147
1000 3.3210874
