1 5.3243628
2 5.273687
3 5.196521
4 5.0946665
5 4.96395
6 4.7934237
7 4.5704713
8 4.4750524
9 4.3468666
10 4.271988
11 4.1098366
12 3.989437
13 4.0634947
14 3.8876483
15 4.023544
16 3.855825
17 3.773437
18 3.6577568
19 3.651656
20 3.7453644
21 3.7017071
22 3.6904404
23 3.599226
24 3.6229615
25 3.6740627
26 3.789409
27 3.6360295
28 3.6507936
29 3.6719413
30 3.629871
31 3.6169333
32 3.7052605
33 3.7163856
34 3.5659523
35 3.6579678
36 3.6580937
37 3.6004918
38 3.5887742
39 3.7918594
40 3.5823312
41 3.5363972
42 3.4376302
43 3.6455414
44 3.5248818
45 3.5924866
46 3.5858636
47 3.4657009
48 3.5167332
49 3.5340133
50 3.7454917
51 3.682048
52 3.6029687
53 3.5488636
54 3.559129
55 3.52244
56 3.443088
57 3.42117
58 3.5418162
59 3.4176013
60 3.5513542
61 3.609092
62 3.6981921
63 3.611381
64 3.693781
65 3.5058472
66 3.5533988
67 3.4916096
68 3.5003738
69 3.6605964
70 3.5292797
71 3.4196072
72 3.3715007
73 3.5463772
74 3.4742024
75 3.486966
76 3.3238404
77 3.467081
78 3.474284
79 3.4577403
80 3.3908038
81 3.539622
82 3.4582691
83 3.2931824
84 3.5244155
85 3.4510238
86 3.4724011
87 3.4763088
88 3.4315248
89 3.3559823
90 3.400624
91 3.4263012
92 3.338855
93 3.3175004
94 3.3597507
95 3.2787404
96 3.3455467
97 3.348687
98 3.3143601
99 3.3099778
100 3.3596146
101 3.2176368
102 3.2280383
103 3.2955067
104 3.160931
105 3.2660587
106 3.2626393
107 3.2349708
108 3.3704104
109 3.268526
110 3.2585816
111 3.0667634
112 3.2947364
113 3.3302193
114 3.3660622
115 3.3308423
116 3.2409904
117 3.2970588
118 3.260592
119 3.232423
120 3.1963992
121 3.1993961
122 3.1475134
123 3.017692
124 3.1366773
125 3.0635157
126 3.1202521
127 3.1911583
128 3.1470892
129 3.0993629
130 3.1590133
131 3.160368
132 3.1449616
133 3.1792984
134 3.3457665
135 3.2334182
136 3.2472615
137 3.2495189
138 3.1712327
139 3.1420152
140 3.2253525
141 3.0917964
142 3.0663106
143 3.0161235
144 3.0352993
145 3.1302776
146 3.1835089
147 3.095173
148 3.1519163
149 3.0643964
150 3.161022
151 3.1509223
152 3.13675
153 3.07933
154 3.0731626
155 3.029037
156 2.8048208
157 2.874965
158 2.9993236
159 2.9980228
160 3.0375435
161 2.9624712
162 2.8309474
163 2.8661015
164 2.804891
165 2.8637516
166 2.9559317
167 2.8507361
168 2.9668515
169 3.002135
170 2.9669442
171 2.9277923
172 2.8991323
173 2.883947
174 3.0304637
175 2.7872384
176 2.847219
177 2.8285956
178 3.0717773
179 3.0541794
180 3.0990222
181 2.934133
182 3.0317981
183 2.8761244
184 2.998405
185 2.896225
186 2.869227
187 3.0023534
188 2.938428
189 3.0780833
190 2.8468187
191 2.8779726
192 2.8545651
193 2.608148
194 2.801986
195 2.801307
196 2.8472266
197 2.980941
198 2.972261
199 2.970467
200 2.8773293
201 2.9359295
202 2.9304783
203 2.8466363
204 2.989698
205 2.9526916
206 2.8597016
207 2.8106937
208 3.153564
209 3.0666368
210 2.8628716
211 2.8106248
212 2.9652944
213 2.8269105
214 2.7565713
215 2.8943667
216 2.9253297
217 2.9703343
218 2.9026654
219 2.804585
220 2.9724178
221 3.105843
222 3.0134175
223 2.8502133
224 2.9386935
225 2.7000434
226 2.840238
227 2.7116284
228 2.8615642
229 2.9184384
230 2.8159044
231 2.755506
232 2.741501
233 2.8103235
234 2.8691974
235 2.6936762
236 2.8518038
237 2.8960376
238 2.7673452
239 2.9383667
240 2.864876
241 2.9344134
242 2.8704288
243 2.8122966
244 2.761619
245 2.9101703
246 2.879439
247 2.9361243
248 2.8728259
249 2.949377
250 2.9827552
251 3.0713677
252 2.9410882
253 2.8101242
254 2.6543434
255 2.951263
256 2.9511733
257 2.9005895
258 2.7873359
259 3.0051
260 2.6177263
261 2.8681846
262 2.9112122
263 2.7883668
264 2.7395473
265 2.8731866
266 2.8658547
267 2.8559713
268 2.7563715
269 2.828574
270 2.8234253
271 2.7663906
272 2.6618342
273 2.833241
274 2.8842356
275 2.7120838
276 2.8380063
277 2.8054786
278 2.7707944
279 2.5211575
280 2.7523334
281 2.6969867
282 2.6330426
283 2.7206712
284 2.7369478
285 2.7000716
286 2.7594926
287 2.6157775
288 2.7857556
289 2.728828
290 2.7704399
291 2.7840343
292 2.7301831
293 2.9506667
294 2.934529
295 2.544902
296 2.6782882
297 2.7331643
298 2.663523
299 2.690493
300 2.5725
301 2.6111264
302 2.6252284
303 2.651028
304 2.668304
305 2.823145
306 2.8648639
307 2.6824431
308 2.5395544
309 2.7386487
310 2.5771165
311 2.7378292
312 2.7698257
313 2.7484622
314 2.7320085
315 2.6031892
316 2.7431066
317 2.5963671
318 2.7647054
319 2.6301103
320 2.562025
321 2.838621
322 2.5105045
323 2.6285434
324 2.58448
325 2.7643275
326 2.7608714
327 2.7555735
328 2.8100767
329 2.744617
330 2.7578025
331 2.6976542
332 2.5950532
333 2.6254237
334 2.7832673
335 2.6964593
336 2.726733
337 2.4987988
338 2.721057
339 2.869633
340 2.577224
341 2.5944018
342 2.7331886
343 2.7337742
344 2.6434517
345 2.4493937
346 2.6334643
347 2.580516
348 2.7115428
349 2.6992912
350 2.474093
351 2.710236
352 2.666239
353 2.7861075
354 2.4294202
355 2.7123895
356 2.5201151
357 2.7934241
358 2.4735339
359 2.582171
360 2.6862876
361 2.5702062
362 2.6458874
363 2.608436
364 2.478615
365 2.4534123
366 2.719771
367 2.548191
368 2.5904841
369 2.5007687
370 2.725946
371 2.7126873
372 2.5448413
373 2.5095973
374 2.7253075
375 2.550392
376 2.5369697
377 2.6196907
378 2.6276076
379 2.685817
380 2.7641048
381 2.6578069
382 2.6303933
383 2.603644
384 2.669785
385 2.808406
386 2.6952987
387 2.753652
388 2.7361479
389 2.7836928
390 2.6652303
391 2.626573
392 2.6514912
393 2.6534421
394 2.6354513
395 2.575439
396 2.858004
397 2.7848175
398 2.6607585
399 2.7140088
400 2.647695
401 2.9145403
402 2.7942007
403 2.682929
404 2.616756
405 2.8033218
406 2.6630936
407 2.551873
408 2.6886756
409 2.677409
410 2.5625682
411 2.5343788
412 2.6211782
413 2.6402473
414 2.6333907
415 2.5288293
416 2.6734996
417 2.7235267
418 2.601589
419 2.6200585
420 2.7965386
421 2.8065593
422 2.7039223
423 2.6274056
424 2.6808057
425 2.769524
426 2.8052726
427 2.5460134
428 2.735721
429 2.7941368
430 2.4172506
431 2.5008714
432 2.6888914
433 2.7801418
434 2.6465287
435 2.5351577
436 2.6600337
437 2.7324786
438 2.6038642
439 2.4911125
440 2.4693952
441 2.4855464
442 2.767573
443 2.9103076
444 2.7742739
445 2.528497
446 2.6760406
447 2.693181
448 2.4047363
449 2.721562
450 2.7673564
451 2.6029167
452 2.4833627
453 2.6161118
454 2.595942
455 2.4803221
456 2.6472328
457 2.6389263
458 2.6275566
459 2.6153693
460 2.6111784
461 2.528654
462 2.6505342
463 2.6193066
464 2.5830636
465 2.5310159
466 2.608496
467 2.7084918
468 2.487697
469 2.2865596
470 2.4693046
471 2.5209668
472 2.5164323
473 2.7394402
474 2.7133503
475 2.6283095
476 2.628152
477 2.6664276
478 2.7696888
479 2.4088147
480 2.58753
481 2.6008403
482 2.9182856
483 2.6869047
484 2.7022986
485 2.7296581
486 2.8155978
487 2.5879185
488 2.5733294
489 2.4582725
490 2.6813593
491 2.6390033
492 2.431086
493 2.5239863
494 2.6286347
495 2.8580499
496 2.6621041
497 2.7996233
498 2.6184416
499 2.690211
500 2.610601
501 2.5629745
502 2.5340507
503 2.548752
504 2.6775239
505 2.633967
506 2.515306
507 2.5668843
508 2.5952878
509 2.5959759
510 2.5856938
511 2.6808524
512 2.572539
513 2.580792
514 2.6244123
515 2.4878154
516 2.6506371
517 2.5201495
518 2.6778119
519 2.6233678
520 2.6160455
521 2.70857
522 2.6336381
523 2.615631
524 2.4881835
525 2.605768
526 2.650493
527 2.5570383
528 2.6620355
529 2.4985166
530 2.586998
531 2.42495
532 2.4652038
533 2.546515
534 2.505753
535 2.555802
536 2.6303897
537 2.5441048
538 2.689003
539 2.642519
540 2.6373723
541 2.6899095
542 2.4670942
543 2.6152618
544 2.6652074
545 2.6118655
546 2.6912785
547 2.77305
548 2.7296822
549 2.7256143
550 2.58183
551 2.6119113
552 2.5984395
553 2.8062453
554 2.689027
555 2.6558843
556 2.5950577
557 2.573482
558 2.6442885
559 2.5345166
560 2.5175934
561 2.7599483
562 2.405024
563 2.640344
564 2.6276789
565 2.5952754
566 2.5658243
567 2.7241404
568 2.7787862
569 2.6346812
570 2.8085198
571 2.5399075
572 2.5029664
573 2.6905046
574 2.5117686
575 2.521876
576 2.576421
577 2.4764614
578 2.6319237
579 2.651332
580 2.617866
581 2.547877
582 2.5413258
583 2.454574
584 2.5665822
585 2.6448555
586 2.6392484
587 2.5423434
588 2.619731
589 2.526506
590 2.5059583
591 2.7770762
592 2.5836487
593 2.6228895
594 2.5379393
595 2.5916514
596 2.5315566
597 2.5447319
598 2.6625814
599 2.4428842
600 2.565988
601 2.4992902
602 2.539247
603 2.5075507
604 2.5580378
605 2.5468032
606 2.6088996
607 2.7278664
608 2.3967793
609 2.6544197
610 2.5319972
611 2.5442526
612 2.4950886
613 2.542
614 2.3574917
615 2.52766
616 2.5153956
617 2.5825856
618 2.496307
619 2.597303
620 2.38404
621 2.7150655
622 2.7460296
623 2.6630666
624 2.7268221
625 2.5946794
626 2.5760837
627 2.5954158
628 2.5208545
629 2.6563878
630 2.6177723
631 2.5030227
632 2.8432143
633 2.6328404
634 2.463241
635 2.6002257
636 2.7178564
637 2.64911
638 2.6381276
639 2.547791
640 2.6406527
641 2.838606
642 2.4860785
643 2.735832
644 2.515184
645 2.412511
646 2.5635028
647 2.6393476
648 2.4050007
649 2.4648576
650 2.5628104
651 2.5115414
652 2.4788725
653 2.4344506
654 2.537606
655 2.384041
656 2.4336348
657 2.434862
658 2.4730802
659 2.4824824
660 2.3623424
661 2.5797803
662 2.498423
663 2.5683055
664 2.456599
665 2.366785
666 2.5600724
667 2.5419059
668 2.3156774
669 2.1157513
670 2.4703727
671 2.6135812
672 2.4636233
673 2.5947554
674 2.6633594
675 2.5349765
676 2.6338074
677 2.871097
678 2.5843165
679 2.617172
680 2.5867724
681 2.572345
682 2.7411182
683 2.7416968
684 2.5082626
685 2.5002897
686 2.4408345
687 2.5492845
688 2.6227403
689 2.565395
690 2.4959302
691 2.3760457
692 2.557038
693 2.5442712
694 2.3405201
695 2.4943442
696 2.4580517
697 2.39606
698 2.4379697
699 2.3118253
700 2.5950534
701 2.5391307
702 2.5697691
703 2.5829074
704 2.4068785
705 2.6227183
706 2.6644845
707 2.732956
708 2.4714632
709 2.4472919
710 2.5790548
711 2.4426997
712 2.5771925
713 2.550606
714 2.503219
715 2.5241303
716 2.348495
717 2.5975776
718 2.5374975
719 2.6601958
720 2.6534758
721 2.7322166
722 2.62182
723 2.5860248
724 2.4029157
725 2.6068783
726 2.517616
727 2.4382217
728 2.3906837
729 2.5296304
730 2.700704
731 2.6231842
732 2.543798
733 2.6170535
734 2.674108
735 2.6648095
736 2.432742
737 2.586024
738 2.3715594
739 2.4753575
740 2.5370784
741 2.4843948
742 2.573995
743 2.332296
744 2.5432596
745 2.529615
746 2.4151497
747 2.3514094
748 2.5807273
749 2.537912
750 2.3080766
751 2.604311
752 2.5447154
753 2.5914054
754 2.6448905
755 2.597234
756 2.586745
757 2.4021034
758 2.4059308
759 2.4099898
760 2.3719347
761 2.3708973
762 2.2800395
763 2.5395322
764 2.3917463
765 2.4742608
766 2.3029141
767 2.545756
768 2.573241
769 2.6133373
770 2.489449
771 2.5036128
772 2.583731
773 2.7288415
774 2.5328324
775 2.528689
776 2.512809
777 2.4623904
778 2.5260239
779 2.4978561
780 2.4464574
781 2.4814632
782 2.2678852
783 2.4675927
784 2.4783607
785 2.4126003
786 2.5781841
787 2.5093539
788 2.3599331
789 2.6802125
790 2.5598474
791 2.6090572
792 2.5480676
793 2.4937608
794 2.619477
795 2.4966922
796 2.6720052
797 2.4545257
798 2.5835955
799 2.5905404
800 2.5807571
801 2.448572
802 2.4964337
803 2.4948733
804 2.4290967
805 2.5155487
806 2.4647753
807 2.5088239
808 2.4608774
809 2.5697973
810 2.5076675
811 2.3429093
812 2.5615604
813 2.6367328
814 2.6320693
815 2.4970741
816 2.3815732
817 2.5901055
818 2.4564009
819 2.4520545
820 2.465689
821 2.308773
822 2.3484528
823 2.5471098
824 2.456315
825 2.5336137
826 2.3939073
827 2.448275
828 2.574753
829 2.4315896
830 2.4999611
831 2.4262342
832 2.2683475
833 2.4375405
834 2.6362875
835 2.5678449
836 2.53597
837 2.5839686
838 2.6730378
839 2.3101566
840 2.465486
841 2.7543974
842 2.7156184
843 2.5193903
844 2.6158204
845 2.48719
846 2.3352659
847 2.4344292
848 2.4723697
849 2.4200542
850 2.4261084
851 2.513036
852 2.4747338
853 2.4224617
854 2.4956717
855 2.569511
856 2.6469786
857 2.4303844
858 2.1838257
859 2.2310946
860 2.4655678
861 2.340075
862 2.4534855
863 2.3686473
864 2.4144692
865 2.4973545
866 2.5205903
867 2.493278
868 2.5000918
869 2.5214925
870 2.3518038
871 2.5176818
872 2.512299
873 2.5810196
874 2.5404046
875 2.4972036
876 2.276916
877 2.3700986
878 2.5380623
879 2.561235
880 2.5469975
881 2.4255738
882 2.4959755
883 2.3915613
884 2.411142
885 2.496509
886 2.473
887 2.417743
888 2.4817433
889 2.505819
890 2.3710103
891 2.3722763
892 2.4462047
893 2.492618
894 2.4594684
895 2.5868905
896 2.352821
897 2.5947459
898 2.42591
899 2.4653192
900 2.763678
901 2.5964868
902 2.5207076
903 2.6946352
904 2.545211
905 2.3425279
906 2.601701
907 2.471295
908 2.6205053
909 2.3256423
910 2.5737674
911 2.5503106
912 2.5303767
913 2.3622856
914 2.4178364
915 2.2589498
916 2.4198031
917 2.4643188
918 2.493654
919 2.646397
920 2.5007534
921 2.5507092
922 2.3209004
923 2.3460054
924 2.5074708
925 2.4974587
926 2.361751
927 2.3165061
928 2.5989966
929 2.3054993
930 2.5852783
931 2.7198646
932 2.5849955
933 2.5497537
934 2.6852865
935 2.408464
936 2.5254025
937 2.4876585
938 2.6102476
939 2.6028042
940 2.754518
941 2.4099605
942 2.408136
943 2.5500216
944 2.2982736
945 2.3976555
946 2.4386215
947 2.3851914
948 2.3819315
949 2.3720691
950 2.4439683
951 2.4832335
952 2.473789
953 2.5934854
954 2.563218
955 2.5630736
956 2.7056434
957 2.6464045
958 2.5217583
959 2.4099329
960 2.387139
961 2.5062153
962 2.6298962
963 2.574323
964 2.3573344
965 2.4213004
966 2.3564637
967 2.4802532
968 2.3558335
969 2.4449196
970 2.2864223
971 2.3828824
972 2.4819088
973 2.3046908
974 2.3979654
975 2.506679
976 2.3938107
977 2.5485158
978 2.325932
979 2.61046
980 2.438977
981 2.5315728
982 2.418379
983 2.2473183
984 2.2817512
985 2.5064094
986 2.6209712
987 2.324736
988 2.4814572
989 2.3964415
990 2.499236
991 2.454689
992 2.6292505
993 2.5027287
994 2.4986084
995 2.3693666
996 2.522449
997 2.626282
998 2.3962972
999 2.3470984
1000 2.3020024
