1 204.51956
2 203.66167
3 202.84604
4 201.08244
5 196.96039
6 188.68118
7 173.99063
8 154.63428
9 124.5601
10 97.76367
11 76.18407
12 62.80361
13 55.41031
14 50.115456
15 47.04711
16 46.004276
17 44.582268
18 43.075172
19 41.13064
20 39.894688
21 38.686996
22 37.48603
23 36.6993
24 36.02924
25 35.149544
26 34.57225
27 35.02788
28 35.49815
29 35.73193
30 36.308056
31 37.139675
32 37.861732
33 38.423153
34 38.557465
35 38.54757
36 38.14109
37 37.769024
38 37.306946
39 37.28142
40 36.659435
41 36.414986
42 35.842808
43 36.642677
44 36.703526
45 36.70282
46 37.1739
47 37.492706
48 37.089268
49 36.90204
50 38.219658
51 38.430237
52 39.242504
53 39.4344
54 40.73771
55 40.619877
56 41.266
57 40.920586
58 41.661842
59 39.37584
60 37.48255
61 37.887886
62 38.951668
63 40.44793
64 41.012634
65 39.939907
66 41.81655
67 41.09833
68 40.881645
69 43.158264
70 42.456768
71 36.93438
72 35.677795
73 35.635128
74 36.58468
75 36.37171
76 35.814083
77 36.05938
78 36.63612
79 39.28892
80 38.308403
81 39.79172
82 39.59812
83 42.029346
84 44.18058
85 42.236088
86 37.285297
87 41.833202
88 40.212894
89 39.83552
90 39.534294
91 38.331566
92 36.71216
93 31.992493
94 35.576763
95 37.100548
96 34.719307
97 33.568134
98 38.390392
99 37.59129
100 38.214523
101 36.956474
102 35.69416
103 35.638905
104 32.572334
105 32.75425
106 32.35952
107 31.797918
108 32.09609
109 31.497692
110 31.677023
111 31.053143
112 31.142078
113 35.895096
114 36.712994
115 38.47606
116 38.479942
117 38.842903
118 34.9257
119 33.488506
120 32.6741
121 32.8006
122 30.586538
123 28.276413
124 28.325653
125 28.145636
126 28.735027
127 30.048273
128 30.203436
129 29.854242
130 32.377014
131 30.990469
132 31.335644
133 29.775534
134 33.087364
135 31.385382
136 31.803013
137 34.42904
138 31.532734
139 31.72497
140 32.852764
141 31.107952
142 31.862713
143 28.977558
144 30.341434
145 31.29422
146 30.042852
147 29.430664
148 25.926285
149 29.445093
150 27.30079
151 29.732224
152 29.256723
153 26.972214
154 26.5126
155 25.163656
156 27.014648
157 25.989222
158 27.558468
159 27.447607
160 25.485188
161 26.284369
162 25.654032
163 25.716915
164 25.025585
165 24.196697
166 24.0415
167 25.231527
168 25.09004
169 25.212717
170 25.890686
171 24.808987
172 26.757812
173 24.990894
174 24.283487
175 25.123022
176 24.612896
177 24.581335
178 28.409937
179 26.211864
180 28.246353
181 28.163366
182 27.612707
183 26.93299
184 28.990032
185 26.661285
186 27.79898
187 26.591892
188 24.273544
189 24.744757
190 23.335123
191 24.066408
192 21.125385
193 21.736515
194 21.718796
195 22.219833
196 22.106354
197 22.717215
198 23.627522
199 24.702066
200 24.87876
201 26.661682
202 27.59762
203 27.301304
204 25.39646
205 25.307365
206 25.469427
207 26.682806
208 26.38657
209 26.063648
210 26.097223
211 25.100636
212 26.997213
213 25.624578
214 27.46876
215 27.947403
216 28.354748
217 27.22503
218 26.529999
219 26.561361
220 25.65659
221 28.398142
222 27.163752
223 24.410534
224 22.1395
225 23.085083
226 21.43218
227 21.379755
228 21.492584
229 22.954533
230 21.420292
231 21.626492
232 22.177586
233 23.240423
234 22.917599
235 23.05663
236 22.655476
237 22.18685
238 21.389332
239 22.196468
240 23.762482
241 24.697834
242 24.25903
243 25.960062
244 24.709665
245 23.45993
246 22.804419
247 24.933187
248 23.322481
249 21.552034
250 24.631887
251 23.709589
252 24.312021
253 23.567364
254 23.459288
255 24.023645
256 24.246084
257 24.899755
258 23.15755
259 23.610584
260 24.444574
261 24.116055
262 24.297998
263 24.173985
264 23.702267
265 23.255447
266 22.210163
267 23.291569
268 23.260818
269 22.187449
270 23.392973
271 22.52963
272 21.128454
273 22.5295
274 23.088797
275 22.97724
276 22.773054
277 21.785273
278 21.94838
279 18.884787
280 19.46799
281 19.46919
282 19.931963
283 20.754381
284 21.200863
285 21.27576
286 22.31283
287 21.024424
288 21.212101
289 21.244427
290 20.823511
291 21.289013
292 20.175589
293 21.486204
294 21.386547
295 19.472622
296 20.030848
297 20.07517
298 20.371143
299 20.460253
300 20.14346
301 20.614494
302 22.236563
303 20.224909
304 20.475094
305 20.310242
306 20.324228
307 19.841166
308 19.965618
309 20.465881
310 19.271372
311 19.306183
312 21.699762
313 19.856873
314 19.62921
315 19.401697
316 18.535156
317 18.233372
318 19.447676
319 18.918015
320 18.605175
321 21.065079
322 18.340916
323 20.03645
324 19.486607
325 20.034767
326 20.675543
327 20.204067
328 19.800615
329 19.67586
330 19.718931
331 19.62722
332 19.632154
333 20.86626
334 20.316051
335 19.541853
336 19.159218
337 18.675642
338 18.575937
339 19.646484
340 19.305033
341 19.389507
342 21.26945
343 21.422338
344 20.465498
345 20.137201
346 19.665625
347 19.486599
348 20.422104
349 20.119537
350 18.931875
351 18.419191
352 18.015839
353 17.49299
354 16.916195
355 17.308216
356 16.836437
357 18.587742
358 17.88107
359 18.195026
360 18.717075
361 18.5207
362 19.65009
363 18.965227
364 18.450922
365 18.625515
366 19.561834
367 18.43893
368 18.972359
369 19.755573
370 19.298576
371 19.188889
372 18.430548
373 20.247068
374 19.366976
375 19.112051
376 18.647152
377 18.480534
378 18.641373
379 19.124645
380 19.841568
381 18.093367
382 17.821203
383 18.593952
384 18.40118
385 18.419535
386 18.82399
387 19.052607
388 18.867355
389 18.68306
390 18.754658
391 19.052662
392 19.449652
393 19.546232
394 19.52451
395 18.988165
396 20.282465
397 20.305246
398 19.843403
399 19.346294
400 20.289312
401 20.718744
402 20.745426
403 21.208408
404 20.36469
405 21.552967
406 20.669748
407 19.98471
408 20.37951
409 21.333921
410 20.810318
411 19.280844
412 18.434744
413 18.911737
414 18.983135
415 19.26968
416 19.480827
417 20.847937
418 19.191608
419 20.920755
420 21.555075
421 21.054506
422 20.19318
423 19.380758
424 18.975086
425 19.73839
426 20.53838
427 19.811356
428 19.193668
429 20.008701
430 18.148815
431 18.538551
432 18.692123
433 19.63197
434 19.239876
435 19.067097
436 19.298796
437 20.732655
438 18.283514
439 19.876108
440 19.118214
441 19.248184
442 19.338825
443 20.121103
444 20.286251
445 19.427975
446 19.684551
447 20.290009
448 19.698334
449 21.41954
450 20.073778
451 19.928019
452 18.722553
453 19.35953
454 19.433846
455 17.97498
456 18.106768
457 18.468235
458 18.421274
459 18.01127
460 18.372406
461 16.984468
462 17.042994
463 16.472822
464 16.857372
465 16.74132
466 17.65736
467 18.002111
468 17.416782
469 16.760017
470 17.859547
471 16.66707
472 17.788704
473 17.774014
474 18.75091
475 18.879139
476 19.792377
477 19.191051
478 19.267532
479 18.480621
480 18.535727
481 18.913715
482 20.656536
483 19.774664
484 18.98302
485 19.239048
486 18.892216
487 18.34403
488 18.966156
489 18.23935
490 19.141787
491 19.954102
492 20.06311
493 18.707945
494 20.116013
495 20.4821
496 19.713373
497 20.650555
498 19.121433
499 19.72146
500 18.865015
501 17.33185
502 18.064678
503 18.018452
504 17.52918
505 17.839382
506 17.13975
507 17.93905
508 18.17754
509 17.30045
510 15.895894
511 16.798658
512 17.601004
513 17.554085
514 18.56386
515 19.267368
516 18.508495
517 18.624191
518 19.810305
519 20.490786
520 18.539528
521 18.957481
522 17.95881
523 18.04082
524 17.609058
525 17.98459
526 17.265808
527 17.466438
528 17.90245
529 16.531857
530 17.586605
531 16.194899
532 17.17226
533 17.17532
534 17.562668
535 17.948162
536 18.174088
537 18.659372
538 19.390896
539 19.390356
540 20.22224
541 20.643557
542 19.855778
543 20.433186
544 19.05547
545 18.792877
546 18.457205
547 18.524443
548 18.528576
549 18.138332
550 17.710482
551 16.774286
552 16.095572
553 17.608667
554 17.32067
555 17.14451
556 17.538534
557 17.127115
558 17.26406
559 18.37819
560 18.110615
561 18.101915
562 18.764639
563 18.868343
564 19.026464
565 18.86884
566 19.449558
567 19.64024
568 18.915058
569 19.345074
570 20.38763
571 19.189947
572 18.305698
573 18.93992
574 18.397139
575 18.199385
576 17.835686
577 17.45021
578 17.245975
579 17.036308
580 17.384071
581 17.201754
582 16.581339
583 15.645307
584 16.506302
585 17.39384
586 18.257341
587 18.202417
588 19.291895
589 19.016453
590 18.912563
591 19.677177
592 19.214834
593 17.792843
594 18.539179
595 19.222078
596 17.891499
597 19.341383
598 18.189354
599 18.099829
600 17.74009
601 17.773159
602 17.30763
603 17.026794
604 15.632181
605 15.959513
606 15.67294
607 15.986844
608 15.22906
609 16.208864
610 14.8700075
611 16.64533
612 16.511805
613 16.364185
614 17.393284
615 17.992405
616 18.350582
617 17.914446
618 18.114975
619 18.986704
620 18.122562
621 18.907
622 19.218702
623 19.282553
624 19.448051
625 18.481327
626 18.653584
627 17.109737
628 17.837994
629 17.022814
630 17.593012
631 17.03624
632 17.900883
633 16.589758
634 16.409674
635 16.592312
636 18.00827
637 17.375757
638 18.057983
639 17.907873
640 18.014349
641 19.38509
642 19.066395
643 18.822752
644 19.874569
645 18.683487
646 19.145054
647 19.55541
648 18.740616
649 16.458254
650 16.450157
651 17.282734
652 15.191449
653 16.33227
654 16.022144
655 15.633223
656 14.766362
657 16.568764
658 15.584012
659 16.22911
660 15.31855
661 16.474798
662 15.65078
663 15.808728
664 17.158564
665 16.76551
666 17.69167
667 17.867636
668 16.804605
669 15.474609
670 18.360455
671 18.748274
672 17.991392
673 17.342443
674 17.780003
675 17.852192
676 16.886145
677 16.830341
678 18.163813
679 15.788211
680 17.175022
681 16.866571
682 17.575987
683 17.419312
684 16.300156
685 16.906141
686 16.457325
687 16.639694
688 18.113937
689 17.056803
690 17.86207
691 17.458553
692 17.843046
693 18.93655
694 17.629873
695 18.480923
696 18.061796
697 17.98139
698 17.651585
699 16.808168
700 17.087513
701 18.650732
702 17.671782
703 17.231491
704 16.90862
705 15.813016
706 17.618626
707 16.192745
708 17.20531
709 16.265924
710 15.5518675
711 16.395615
712 17.807232
713 16.281286
714 16.655848
715 17.330576
716 16.415424
717 17.265196
718 17.298626
719 17.605986
720 18.186687
721 17.606539
722 18.074936
723 18.43764
724 17.052952
725 18.332785
726 18.311413
727 17.319767
728 16.635754
729 16.292643
730 17.13686
731 16.856628
732 16.936884
733 17.195309
734 16.544207
735 16.525583
736 16.197638
737 16.500969
738 16.52654
739 16.979568
740 16.336658
741 16.965553
742 16.93022
743 15.495648
744 16.299007
745 16.750309
746 15.881419
747 15.683444
748 16.57691
749 16.489218
750 14.897287
751 15.944455
752 16.65126
753 16.036388
754 15.767901
755 15.842303
756 15.768372
757 16.818802
758 16.812252
759 15.38172
760 15.154871
761 15.498016
762 15.727732
763 16.998783
764 16.032537
765 15.633476
766 15.472547
767 16.32016
768 17.03777
769 16.454687
770 15.78789
771 16.303854
772 17.232306
773 17.228796
774 16.609068
775 16.361929
776 16.880999
777 16.678415
778 16.063868
779 17.194433
780 16.84496
781 17.360256
782 15.654465
783 17.471844
784 18.237858
785 16.7877
786 17.740099
787 17.436
788 16.156376
789 16.963247
790 16.427027
791 17.167389
792 15.897662
793 16.873325
794 16.143282
795 17.007542
796 17.373417
797 16.735662
798 17.112852
799 16.082102
800 16.912176
801 16.090433
802 17.022959
803 16.909946
804 17.052979
805 16.817533
806 15.716196
807 17.08667
808 15.154327
809 16.19476
810 17.318989
811 15.474294
812 16.924477
813 18.199697
814 17.162113
815 17.509151
816 17.365873
817 16.335644
818 16.6656
819 15.493162
820 15.947899
821 16.200573
822 16.279707
823 16.67059
824 14.62748
825 15.783052
826 15.684102
827 15.623922
828 17.451563
829 15.631587
830 16.578865
831 16.486778
832 15.037572
833 15.990486
834 17.191067
835 17.045904
836 16.74183
837 17.559772
838 17.269224
839 16.587526
840 16.095308
841 17.662533
842 18.423801
843 16.814545
844 17.91128
845 16.92406
846 15.781158
847 16.799465
848 17.131273
849 17.45129
850 16.872711
851 16.518711
852 16.067057
853 16.164577
854 16.054766
855 16.59845
856 16.530415
857 14.826999
858 14.868405
859 14.5941515
860 14.637006
861 15.18324
862 15.285423
863 15.559735
864 15.324742
865 15.592174
866 16.50639
867 15.680498
868 15.619291
869 15.661188
870 15.47286
871 15.842221
872 16.01377
873 16.079433
874 15.576471
875 15.166708
876 14.4269085
877 15.740895
878 15.208478
879 16.665804
880 16.520905
881 16.031693
882 16.239887
883 15.055717
884 15.947406
885 15.697024
886 16.614815
887 15.8551
888 15.769259
889 16.501759
890 15.838577
891 15.296786
892 16.679852
893 15.943451
894 15.875842
895 17.427734
896 15.9246855
897 15.726664
898 15.718546
899 16.189844
900 16.659433
901 16.330143
902 15.75334
903 15.612958
904 16.43785
905 15.659604
906 16.878223
907 16.23564
908 16.016174
909 15.852285
910 16.305714
911 17.741894
912 17.13883
913 16.203619
914 16.653084
915 16.135563
916 16.250767
917 17.208607
918 17.266537
919 16.678394
920 16.320255
921 16.08957
922 15.62599
923 15.222173
924 15.527611
925 15.933421
926 15.380277
927 14.79687
928 16.786274
929 14.400465
930 15.762407
931 17.081202
932 16.681105
933 17.082174
934 16.977608
935 16.243
936 17.084366
937 17.274378
938 16.80037
939 17.318623
940 19.031246
941 17.279276
942 17.140833
943 17.20245
944 15.922435
945 17.833591
946 15.788971
947 17.092516
948 16.07796
949 16.684265
950 17.55167
951 17.577383
952 16.878428
953 16.278847
954 15.742622
955 15.71492
956 16.367056
957 16.848412
958 15.978189
959 15.97108
960 15.528455
961 16.734549
962 17.9821
963 17.891941
964 16.327608
965 15.534584
966 16.573996
967 16.85812
968 16.63833
969 17.163296
970 16.108902
971 16.443892
972 15.676964
973 15.701136
974 17.109074
975 16.510717
976 16.2659
977 16.167404
978 16.554882
979 16.752386
980 16.998383
981 15.368139
982 14.691137
983 14.344539
984 14.985599
985 15.35496
986 17.321999
987 14.890103
988 15.456949
989 15.776285
990 15.661936
991 16.392815
992 15.705881
993 16.040958
994 15.691423
995 16.285818
996 16.863575
997 17.388132
998 17.090885
999 16.12995
1000 15.974896
