1 0.00625
2 0.015625
3 0.0375
4 0.0625
5 0.1
6 0.125
7 0.10625
8 0.103125
9 0.09375
10 0.15625
11 0.121875
12 0.103125
13 0.13125
14 0.1375
15 0.115625
16 0.11875
17 0.121875
18 0.1
19 0.11875
20 0.096875
21 0.084375
22 0.090625
23 0.125
24 0.1125
25 0.125
26 0.125
27 0.128125
28 0.1
29 0.109375
30 0.109375
31 0.096875
32 0.10625
33 0.109375
34 0.128125
35 0.1125
36 0.1375
37 0.1375
38 0.128125
39 0.121875
40 0.115625
41 0.115625
42 0.125
43 0.14375
44 0.09375
45 0.103125
46 0.10625
47 0.103125
48 0.090625
49 0.10625
50 0.10625
51 0.1
52 0.10625
53 0.09375
54 0.140625
55 0.134375
56 0.14375
57 0.13125
58 0.1125
59 0.15
60 0.140625
61 0.115625
62 0.10625
63 0.115625
64 0.103125
65 0.125
66 0.153125
67 0.1375
68 0.15
69 0.1375
70 0.14375
71 0.159375
72 0.13125
73 0.18125
74 0.16875
75 0.159375
76 0.165625
77 0.171875
78 0.1625
79 0.140625
80 0.175
81 0.15625
82 0.140625
83 0.165625
84 0.184375
85 0.19375
86 0.18125
87 0.215625
88 0.159375
89 0.1875
90 0.2
91 0.18125
92 0.15625
93 0.190625
94 0.18125
95 0.184375
96 0.190625
97 0.16875
98 0.19375
99 0.1875
100 0.16875
101 0.11875
102 0.15625
103 0.1375
104 0.165625
105 0.184375
106 0.146875
107 0.19375
108 0.1625
109 0.225
110 0.18125
111 0.16875
112 0.221875
113 0.18125
114 0.2125
115 0.171875
116 0.1625
117 0.21875
118 0.1625
119 0.203125
120 0.190625
121 0.171875
122 0.20625
123 0.2125
124 0.165625
125 0.175
126 0.190625
127 0.153125
128 0.215625
129 0.221875
130 0.184375
131 0.20625
132 0.2375
133 0.23125
134 0.2375
135 0.2125
136 0.196875
137 0.21875
138 0.23125
139 0.234375
140 0.159375
141 0.209375
142 0.221875
143 0.228125
144 0.203125
145 0.2375
146 0.20625
147 0.225
148 0.2125
149 0.2125
150 0.225
151 0.1875
152 0.175
153 0.18125
154 0.196875
155 0.184375
156 0.209375
157 0.196875
158 0.203125
159 0.25625
160 0.184375
161 0.19375
162 0.234375
163 0.178125
164 0.171875
165 0.228125
166 0.2375
167 0.2
168 0.175
169 0.253125
170 0.259375
171 0.228125
172 0.2375
173 0.20625
174 0.20625
175 0.2375
176 0.225
177 0.234375
178 0.215625
179 0.221875
180 0.228125
181 0.259375
182 0.20625
183 0.25625
184 0.240625
185 0.246875
186 0.253125
187 0.2375
188 0.265625
189 0.234375
190 0.33125
191 0.284375
192 0.246875
193 0.26875
194 0.21875
195 0.225
196 0.26875
197 0.28125
198 0.23125
199 0.25
200 0.234375
201 0.246875
202 0.221875
203 0.2375
204 0.259375
205 0.29375
206 0.259375
207 0.3
208 0.24375
209 0.2375
210 0.253125
211 0.23125
212 0.290625
213 0.215625
214 0.259375
215 0.2875
216 0.246875
217 0.28125
218 0.209375
219 0.265625
220 0.203125
221 0.19375
222 0.2375
223 0.2625
224 0.246875
225 0.25625
226 0.26875
227 0.225
228 0.309375
229 0.26875
230 0.26875
231 0.259375
232 0.24375
233 0.25625
234 0.275
235 0.228125
236 0.26875
237 0.228125
238 0.253125
239 0.26875
240 0.2875
241 0.26875
242 0.246875
243 0.265625
244 0.240625
245 0.253125
246 0.28125
247 0.215625
248 0.2375
249 0.28125
250 0.29375
251 0.234375
252 0.284375
253 0.246875
254 0.2875
255 0.2625
256 0.284375
257 0.253125
258 0.303125
259 0.246875
260 0.221875
261 0.284375
262 0.240625
263 0.25
264 0.28125
265 0.303125
266 0.275
267 0.278125
268 0.2375
269 0.2375
270 0.25625
271 0.240625
272 0.284375
273 0.25
274 0.31875
275 0.290625
276 0.234375
277 0.290625
278 0.3
279 0.246875
280 0.290625
281 0.30625
282 0.228125
283 0.328125
284 0.25
285 0.209375
286 0.303125
287 0.259375
288 0.253125
289 0.290625
290 0.228125
291 0.30625
292 0.259375
293 0.25625
294 0.325
295 0.221875
296 0.28125
297 0.29375
298 0.3
299 0.28125
300 0.271875
301 0.25625
302 0.25
303 0.253125
304 0.2625
305 0.303125
306 0.290625
307 0.271875
308 0.25625
309 0.28125
310 0.2375
311 0.284375
312 0.2625
313 0.33125
314 0.290625
315 0.29375
316 0.296875
317 0.253125
318 0.275
319 0.25
320 0.2625
321 0.2375
322 0.303125
323 0.296875
324 0.228125
325 0.290625
326 0.246875
327 0.25
328 0.340625
329 0.303125
330 0.259375
331 0.278125
332 0.259375
333 0.259375
334 0.26875
335 0.23125
336 0.278125
337 0.246875
338 0.25625
339 0.3125
340 0.3
341 0.3
342 0.303125
343 0.26875
344 0.259375
345 0.275
346 0.315625
347 0.2875
348 0.334375
349 0.225
350 0.2625
351 0.309375
352 0.278125
353 0.25
354 0.321875
355 0.26875
356 0.29375
357 0.309375
358 0.215625
359 0.253125
360 0.26875
361 0.26875
362 0.309375
363 0.240625
364 0.284375
365 0.278125
366 0.28125
367 0.290625
368 0.26875
369 0.259375
370 0.29375
371 0.303125
372 0.275
373 0.259375
374 0.28125
375 0.30625
376 0.315625
377 0.296875
378 0.36875
379 0.2875
380 0.28125
381 0.25
382 0.284375
383 0.30625
384 0.278125
385 0.303125
386 0.34375
387 0.246875
388 0.265625
389 0.24375
390 0.321875
391 0.30625
392 0.271875
393 0.240625
394 0.2875
395 0.24375
396 0.2375
397 0.328125
398 0.246875
399 0.265625
400 0.246875
401 0.309375
402 0.290625
403 0.340625
404 0.290625
405 0.340625
406 0.284375
407 0.275
408 0.30625
409 0.30625
410 0.28125
411 0.2625
412 0.325
413 0.321875
414 0.31875
415 0.290625
416 0.25625
417 0.353125
418 0.325
419 0.3
420 0.275
421 0.290625
422 0.271875
423 0.25625
424 0.315625
425 0.378125
426 0.30625
427 0.315625
428 0.278125
429 0.2875
430 0.265625
431 0.309375
432 0.309375
433 0.325
434 0.3375
435 0.253125
436 0.309375
437 0.34375
438 0.309375
439 0.296875
440 0.346875
441 0.284375
442 0.2625
443 0.30625
444 0.290625
445 0.30625
446 0.303125
447 0.359375
448 0.309375
449 0.309375
450 0.309375
451 0.334375
452 0.346875
453 0.278125
454 0.25
455 0.265625
456 0.334375
457 0.278125
458 0.30625
459 0.3
460 0.31875
461 0.340625
462 0.346875
463 0.309375
464 0.284375
465 0.3125
466 0.340625
467 0.30625
468 0.3375
469 0.215625
470 0.290625
471 0.275
472 0.28125
473 0.353125
474 0.28125
475 0.2875
476 0.328125
477 0.353125
478 0.3125
479 0.309375
480 0.2625
481 0.3
482 0.375
483 0.28125
484 0.3125
485 0.28125
486 0.371875
487 0.296875
488 0.2375
489 0.31875
490 0.259375
491 0.278125
492 0.25625
493 0.31875
494 0.290625
495 0.30625
496 0.259375
497 0.253125
498 0.29375
499 0.303125
500 0.3625
501 0.340625
502 0.325
503 0.31875
504 0.359375
505 0.321875
506 0.259375
507 0.328125
508 0.296875
509 0.2875
510 0.253125
511 0.3
512 0.31875
513 0.284375
514 0.2875
515 0.325
516 0.31875
517 0.325
518 0.35
519 0.2875
520 0.3125
521 0.290625
522 0.33125
523 0.390625
524 0.315625
525 0.321875
526 0.271875
527 0.31875
528 0.315625
529 0.3125
530 0.315625
531 0.290625
532 0.29375
533 0.325
534 0.38125
535 0.3125
536 0.334375
537 0.265625
538 0.31875
539 0.284375
540 0.340625
541 0.30625
542 0.28125
543 0.359375
544 0.278125
545 0.303125
546 0.275
547 0.334375
548 0.325
549 0.284375
550 0.359375
551 0.309375
552 0.315625
553 0.3
554 0.328125
555 0.340625
556 0.2875
557 0.28125
558 0.26875
559 0.246875
560 0.29375
561 0.309375
562 0.309375
563 0.315625
564 0.34375
565 0.25
566 0.240625
567 0.271875
568 0.3125
569 0.3125
570 0.29375
571 0.25
572 0.2875
573 0.35625
574 0.35
575 0.303125
576 0.3
577 0.2375
578 0.30625
579 0.296875
580 0.3375
581 0.30625
582 0.334375
583 0.371875
584 0.35
585 0.246875
586 0.2875
587 0.334375
588 0.31875
589 0.31875
590 0.325
591 0.321875
592 0.315625
593 0.29375
594 0.340625
595 0.33125
596 0.296875
597 0.384375
598 0.3125
599 0.309375
600 0.36875
601 0.35625
602 0.3
603 0.284375
604 0.371875
605 0.25
606 0.325
607 0.3
608 0.325
609 0.3
610 0.31875
611 0.303125
612 0.265625
613 0.284375
614 0.328125
615 0.303125
616 0.359375
617 0.334375
618 0.290625
619 0.3625
620 0.375
621 0.30625
622 0.321875
623 0.303125
624 0.3375
625 0.340625
626 0.2875
627 0.33125
628 0.275
629 0.30625
630 0.34375
631 0.334375
632 0.309375
633 0.334375
634 0.30625
635 0.240625
636 0.296875
637 0.315625
638 0.3
639 0.275
640 0.296875
641 0.3
642 0.3375
643 0.334375
644 0.31875
645 0.3
646 0.271875
647 0.38125
648 0.315625
649 0.271875
650 0.35625
651 0.3
652 0.29375
653 0.303125
654 0.334375
655 0.3375
656 0.328125
657 0.284375
658 0.3375
659 0.31875
660 0.4
661 0.34375
662 0.353125
663 0.35625
664 0.315625
665 0.290625
666 0.325
667 0.28125
668 0.33125
669 0.296875
670 0.284375
671 0.296875
672 0.325
673 0.3625
674 0.31875
675 0.321875
676 0.328125
677 0.346875
678 0.35
679 0.340625
680 0.30625
681 0.315625
682 0.29375
683 0.29375
684 0.26875
685 0.353125
686 0.290625
687 0.321875
688 0.321875
689 0.31875
690 0.284375
691 0.31875
692 0.296875
693 0.325
694 0.309375
695 0.334375
696 0.34375
697 0.3125
698 0.38125
699 0.309375
700 0.359375
701 0.35625
702 0.340625
703 0.321875
704 0.325
705 0.3
706 0.36875
707 0.296875
708 0.353125
709 0.340625
710 0.3375
711 0.271875
712 0.303125
713 0.2875
714 0.290625
715 0.33125
716 0.334375
717 0.365625
718 0.30625
719 0.2875
720 0.309375
721 0.309375
722 0.275
723 0.30625
724 0.2875
725 0.278125
726 0.290625
727 0.340625
728 0.38125
729 0.34375
730 0.321875
731 0.3625
732 0.30625
733 0.3125
734 0.31875
735 0.3375
736 0.359375
737 0.284375
738 0.340625
739 0.35
740 0.278125
741 0.31875
742 0.315625
743 0.3125
744 0.2875
745 0.340625
746 0.3
747 0.365625
748 0.328125
749 0.296875
750 0.284375
751 0.296875
752 0.34375
753 0.321875
754 0.309375
755 0.378125
756 0.303125
757 0.371875
758 0.35625
759 0.396875
760 0.36875
761 0.321875
762 0.315625
763 0.30625
764 0.26875
765 0.3125
766 0.375
767 0.315625
768 0.309375
769 0.3625
770 0.303125
771 0.3
772 0.38125
773 0.30625
774 0.31875
775 0.3875
776 0.325
777 0.278125
778 0.275
779 0.26875
780 0.303125
781 0.38125
782 0.30625
783 0.378125
784 0.31875
785 0.30625
786 0.35625
787 0.296875
788 0.359375
789 0.34375
790 0.309375
791 0.384375
792 0.309375
793 0.3375
794 0.3125
795 0.409375
796 0.40625
797 0.35
798 0.35625
799 0.325
800 0.303125
801 0.25
802 0.33125
803 0.334375
804 0.371875
805 0.3125
806 0.35625
807 0.325
808 0.353125
809 0.284375
810 0.3125
811 0.325
812 0.3625
813 0.3625
814 0.3
815 0.25
816 0.3125
817 0.3375
818 0.3
819 0.296875
820 0.3625
821 0.315625
822 0.375
823 0.31875
824 0.353125
825 0.33125
826 0.2875
827 0.340625
828 0.31875
829 0.303125
830 0.35
831 0.29375
832 0.378125
833 0.290625
834 0.35
835 0.296875
836 0.31875
837 0.334375
838 0.29375
839 0.321875
840 0.309375
841 0.30625
842 0.340625
843 0.31875
844 0.3375
845 0.346875
846 0.315625
847 0.29375
848 0.284375
849 0.38125
850 0.359375
851 0.265625
852 0.275
853 0.359375
854 0.28125
855 0.2625
856 0.321875
857 0.259375
858 0.278125
859 0.309375
860 0.35625
861 0.384375
862 0.315625
863 0.375
864 0.325
865 0.334375
866 0.33125
867 0.375
868 0.35625
869 0.328125
870 0.290625
871 0.35
872 0.2875
873 0.303125
874 0.321875
875 0.390625
876 0.3125
877 0.31875
878 0.3625
879 0.2875
880 0.359375
881 0.38125
882 0.296875
883 0.31875
884 0.34375
885 0.290625
886 0.34375
887 0.30625
888 0.365625
889 0.315625
890 0.353125
891 0.340625
892 0.290625
893 0.334375
894 0.34375
895 0.365625
896 0.2875
897 0.35
898 0.315625
899 0.334375
900 0.2875
901 0.34375
902 0.334375
903 0.34375
904 0.384375
905 0.315625
906 0.30625
907 0.353125
908 0.315625
909 0.2875
910 0.28125
911 0.371875
912 0.38125
913 0.2875
914 0.2625
915 0.35625
916 0.265625
917 0.2875
918 0.2875
919 0.296875
920 0.334375
921 0.359375
922 0.29375
923 0.334375
924 0.33125
925 0.325
926 0.409375
927 0.340625
928 0.303125
929 0.33125
930 0.328125
931 0.35625
932 0.340625
933 0.34375
934 0.309375
935 0.3125
936 0.321875
937 0.3
938 0.334375
939 0.346875
940 0.321875
941 0.3125
942 0.334375
943 0.33125
944 0.3125
945 0.3875
946 0.303125
947 0.3125
948 0.284375
949 0.271875
950 0.271875
951 0.303125
952 0.35
953 0.33125
954 0.2875
955 0.3375
956 0.315625
957 0.321875
958 0.38125
959 0.246875
960 0.375
961 0.34375
962 0.28125
963 0.3125
964 0.334375
965 0.384375
966 0.278125
967 0.34375
968 0.34375
969 0.346875
970 0.353125
971 0.3
972 0.3875
973 0.346875
974 0.309375
975 0.3125
976 0.30625
977 0.3875
978 0.29375
979 0.309375
980 0.309375
981 0.375
982 0.31875
983 0.359375
984 0.396875
985 0.3125
986 0.28125
987 0.3875
988 0.3125
989 0.371875
990 0.378125
991 0.38125
992 0.321875
993 0.3125
994 0.359375
995 0.328125
996 0.35
997 0.290625
998 0.315625
999 0.2875
1000 0.365625
