1 7.700939
2 7.6503477
3 7.574001
4 7.492839
5 7.3633237
6 7.161057
7 6.948738
8 6.816392
9 6.646684
10 6.195373
11 6.285794
12 6.1483397
13 6.0752463
14 5.6695213
15 5.639427
16 5.6166377
17 5.5853066
18 5.3732233
19 5.4727015
20 5.628847
21 5.6020555
22 5.255804
23 5.0570703
24 5.2337365
25 5.385821
26 5.415717
27 5.423807
28 5.459309
29 5.2892737
30 5.405488
31 5.365079
32 5.511248
33 5.4233165
34 5.23096
35 5.117681
36 5.2372336
37 5.0807514
38 5.3749285
39 5.321493
40 5.1705422
41 5.0341396
42 5.1777377
43 5.0913267
44 5.4668303
45 5.3743753
46 5.1714025
47 5.2326174
48 5.5141997
49 5.2653704
50 5.452314
51 5.1569233
52 5.219171
53 5.1983447
54 5.3000617
55 5.117248
56 5.2113543
57 5.0953183
58 5.3146877
59 4.979508
60 4.90261
61 5.0854154
62 5.310363
63 5.2394996
64 5.174179
65 5.1100035
66 4.8156867
67 5.0065637
68 4.93906
69 5.0613675
70 4.881893
71 4.917176
72 4.9533224
73 4.720517
74 4.8194556
75 4.8434987
76 4.653178
77 4.970796
78 4.836183
79 4.726601
80 4.7458944
81 4.7974954
82 4.637887
83 4.6161747
84 4.5904903
85 4.5644245
86 4.5733933
87 4.431
88 4.647538
89 4.706724
90 4.678102
91 4.8266816
92 4.792706
93 4.591054
94 4.8706355
95 4.713831
96 4.7110305
97 4.5921764
98 4.638426
99 4.6010413
100 4.7902017
101 4.9386353
102 5.0297675
103 4.9322066
104 4.895346
105 4.902439
106 4.8802795
107 4.60052
108 4.711921
109 4.5781856
110 4.74249
111 4.660639
112 4.611791
113 4.5096736
114 4.5543714
115 4.5016656
116 4.7097397
117 4.6821976
118 4.67171
119 4.708297
120 4.4445252
121 4.660123
122 4.5158615
123 4.4559636
124 4.676428
125 4.78085
126 4.559939
127 4.574871
128 4.5391183
129 4.4692793
130 4.5796714
131 4.4055095
132 4.4812207
133 4.3907385
134 4.41687
135 4.624652
136 4.5854235
137 4.4748726
138 4.4457927
139 4.429905
140 4.6413875
141 4.6287713
142 4.316058
143 4.328735
144 4.396908
145 4.2941327
146 4.327565
147 4.338772
148 4.6085773
149 4.3784575
150 4.390576
151 4.568375
152 4.5673943
153 4.515522
154 4.4630647
155 4.6985393
156 4.430048
157 4.3399167
158 4.3041945
159 4.332416
160 4.7598686
161 4.512432
162 4.597551
163 4.6298347
164 4.6797423
165 4.4101925
166 4.2645006
167 4.4712305
168 4.526415
169 4.18801
170 4.387848
171 4.3632913
172 4.3102465
173 4.3541636
174 4.502935
175 4.1630793
176 4.2134113
177 4.1357794
178 4.333861
179 4.210426
180 4.114662
181 4.1272707
182 4.4120626
183 4.020585
184 4.2301054
185 4.226885
186 4.1833444
187 4.319679
188 4.025748
189 4.205429
190 3.8987534
191 4.146982
192 4.4674854
193 3.9761343
194 4.3952546
195 4.52778
196 4.3582582
197 4.0494437
198 4.3366194
199 4.0436225
200 4.1434703
201 4.083324
202 4.152239
203 4.195725
204 4.013027
205 3.8568223
206 4.0220227
207 3.93652
208 4.132602
209 4.155652
210 4.022979
211 4.010068
212 3.990737
213 4.294423
214 4.1441
215 4.0014925
216 4.2484517
217 4.20661
218 4.3579617
219 4.064003
220 4.3304563
221 4.2748933
222 4.1679063
223 4.234749
224 4.365705
225 4.170109
226 4.1225653
227 4.1928253
228 4.118404
229 4.072075
230 4.2176824
231 3.9539678
232 4.058182
233 3.9783106
234 3.905136
235 4.032766
236 4.081275
237 4.14272
238 4.165627
239 4.104426
240 3.8096058
241 3.9953468
242 3.9733675
243 3.782082
244 4.1222506
245 4.061395
246 4.0130224
247 4.330204
248 4.387322
249 4.1984186
250 3.9052093
251 4.0782638
252 4.0685887
253 4.0581746
254 3.9897034
255 3.9720886
256 3.8386478
257 3.99165
258 3.786652
259 4.041346
260 4.1916986
261 3.8981838
262 4.1543694
263 4.148242
264 3.8585386
265 3.9195228
266 3.923928
267 4.208133
268 4.0773516
269 4.2592683
270 4.091786
271 4.1374507
272 3.8910263
273 4.0550356
274 3.79585
275 4.0249033
276 4.221431
277 3.9854634
278 3.805358
279 4.164715
280 3.883408
281 3.7075632
282 4.0055428
283 3.858077
284 3.9432185
285 4.3473015
286 4.0046654
287 3.9441476
288 4.0739503
289 3.9516659
290 3.9728658
291 3.9534223
292 4.1273313
293 3.8858495
294 3.748846
295 4.1558533
296 4.002721
297 3.9029212
298 3.8622663
299 3.9508388
300 3.9460871
301 4.081339
302 4.029069
303 3.9030328
304 3.8010056
305 3.7421877
306 3.9008753
307 3.9443626
308 3.9679823
309 3.7917259
310 4.1564517
311 3.7121599
312 3.8755004
313 3.663245
314 3.8341196
315 3.804605
316 3.7610245
317 4.0401845
318 3.8097892
319 4.049828
320 4.021064
321 3.9479268
322 3.85831
323 3.8866813
324 3.9645615
325 3.8595676
326 4.048533
327 3.9620602
328 3.6834803
329 3.943728
330 4.1710424
331 4.0885863
332 4.1040936
333 3.9641197
334 4.0488553
335 4.126415
336 4.1610904
337 4.040107
338 3.943045
339 3.6681523
340 3.9310713
341 3.9400916
342 3.7574823
343 4.146284
344 3.92202
345 3.855254
346 3.845499
347 4.002746
348 3.6602094
349 4.428685
350 4.135027
351 3.9841785
352 4.0002522
353 3.9695559
354 3.7388265
355 3.867543
356 3.7780516
357 3.8778346
358 4.119213
359 4.0586796
360 3.9530842
361 4.087618
362 3.9306655
363 4.0911527
364 3.775253
365 3.9266336
366 3.9650042
367 3.7913492
368 4.0956855
369 4.0474825
370 3.7675345
371 3.7146225
372 3.8627768
373 3.9017959
374 3.8426957
375 3.6546967
376 3.5712287
377 3.9635644
378 3.510518
379 4.2296367
380 4.0353312
381 4.101423
382 3.9568212
383 3.7160614
384 3.9333532
385 3.7255075
386 3.5905144
387 4.1010013
388 3.827165
389 3.8979948
390 3.7553537
391 3.8821013
392 3.9581552
393 4.0686617
394 3.6698308
395 4.0828276
396 3.906481
397 3.7112448
398 3.9671633
399 4.037482
400 4.1130896
401 3.8662252
402 3.8061209
403 3.7451217
404 3.7920678
405 3.7289784
406 4.0035863
407 3.9367087
408 3.98689
409 4.038137
410 3.900442
411 3.8883343
412 3.7457318
413 3.8256502
414 3.8061142
415 3.7757292
416 3.9685402
417 3.5336993
418 3.7282062
419 3.7810516
420 3.8455265
421 3.79477
422 3.825408
423 4.0310035
424 3.7458618
425 3.4755843
426 3.6863167
427 3.6633146
428 3.7716897
429 3.6682825
430 3.9004874
431 3.6010594
432 3.5755854
433 3.7384717
434 3.5025399
435 3.8552434
436 3.6862156
437 3.594826
438 3.813925
439 3.7753556
440 3.5945
441 3.7677298
442 4.034976
443 3.9446979
444 3.752809
445 3.7546105
446 3.7275279
447 3.5401947
448 3.7977512
449 3.7064648
450 3.677891
451 3.7417336
452 3.5678492
453 3.8874607
454 4.149415
455 3.7937212
456 3.5407233
457 4.0005374
458 3.7531357
459 3.7806616
460 3.6827133
461 3.6361248
462 3.576256
463 3.7551155
464 3.7878962
465 3.5075414
466 3.6784327
467 3.5916247
468 3.6747024
469 4.1240745
470 3.923504
471 4.01706
472 4.082934
473 3.711293
474 4.094163
475 3.7916956
476 3.7028756
477 3.4151826
478 3.6994836
479 3.771512
480 3.9694414
481 3.7346535
482 3.4627297
483 3.8945944
484 3.6381202
485 3.8542998
486 3.4353335
487 3.7058449
488 4.0690136
489 3.563426
490 4.005755
491 3.979803
492 3.9188545
493 3.7861443
494 3.7993271
495 3.683118
496 3.9324386
497 4.0879397
498 3.6997454
499 3.5840857
500 3.502069
501 3.4569242
502 3.655808
503 3.5847313
504 3.488863
505 3.5638764
506 3.8388002
507 3.729698
508 3.692901
509 3.8455627
510 4.0108566
511 3.9062495
512 3.712331
513 3.782715
514 3.897163
515 3.8331196
516 3.6136928
517 3.4851713
518 3.507196
519 3.9550338
520 3.7694423
521 3.8042448
522 3.5821462
523 3.313926
524 3.6723769
525 3.556573
526 3.7059255
527 3.49506
528 3.695182
529 3.6522539
530 3.758516
531 3.9978602
532 3.746166
533 3.6156166
534 3.2575946
535 3.5769095
536 3.626313
537 3.8257306
538 3.698707
539 3.6670477
540 3.6058552
541 3.8788812
542 3.7090847
543 3.6033742
544 3.6893559
545 3.7764285
546 3.9803698
547 3.457978
548 3.8761551
549 3.872391
550 3.7382588
551 3.4942076
552 3.6402662
553 3.890522
554 3.7878335
555 3.6007454
556 3.9352257
557 3.8353574
558 3.834208
559 3.8294108
560 3.6426647
561 3.5852852
562 3.6658618
563 3.5221543
564 3.6604564
565 4.0304503
566 3.8729513
567 3.9691749
568 3.9123623
569 3.8879986
570 3.622151
571 3.9114025
572 3.7507977
573 3.385478
574 3.576708
575 3.743703
576 3.7053714
577 3.9255204
578 3.6777282
579 3.618731
580 3.5851114
581 3.7557719
582 3.6725464
583 3.3326914
584 3.5280788
585 3.8794696
586 3.75212
587 3.686444
588 3.5994923
589 3.444949
590 3.4803963
591 3.6653557
592 3.5960987
593 3.6935341
594 3.4994528
595 3.5100348
596 3.6143746
597 3.5360937
598 3.7626173
599 3.658714
600 3.2834852
601 3.4188118
602 3.7870245
603 3.6995513
604 3.431803
605 3.9269562
606 3.771971
607 3.6496816
608 3.5614889
609 3.7919102
610 3.468024
611 3.6268768
612 3.6628637
613 3.837303
614 3.6846201
615 3.6320198
616 3.543252
617 3.5758832
618 3.747848
619 3.520023
620 3.2355196
621 3.5256588
622 3.6574256
623 3.6683314
624 3.524359
625 3.5347996
626 3.9770892
627 3.807108
628 3.7055237
629 3.827405
630 3.6803715
631 3.572265
632 3.774707
633 3.5198147
634 3.590527
635 3.9381635
636 3.6691852
637 3.7306693
638 3.7117715
639 3.6824095
640 3.6919065
641 3.6402023
642 3.4703693
643 3.5136445
644 3.5643852
645 3.7965634
646 3.8305361
647 3.5613363
648 3.8162787
649 3.679377
650 3.4777062
651 3.636033
652 3.778135
653 3.6668699
654 3.811864
655 3.5893164
656 3.6109645
657 3.667095
658 3.6518047
659 3.6585164
660 3.1813095
661 3.5530603
662 3.482626
663 3.4948752
664 3.6098855
665 3.812154
666 3.748581
667 3.7079859
668 3.8402507
669 3.9312077
670 3.605431
671 3.6509502
672 3.5407348
673 3.5719774
674 3.5137987
675 3.688462
676 3.5279028
677 3.619666
678 3.676763
679 3.596809
680 3.7313669
681 3.6093194
682 3.8976042
683 3.6045434
684 3.7578597
685 3.3875296
686 3.7607265
687 3.6836462
688 3.6606293
689 3.6881232
690 3.878723
691 3.8094575
692 3.77102
693 3.5157917
694 3.722281
695 3.763242
696 3.6054542
697 3.3698022
698 3.2441406
699 3.8481317
700 3.5018234
701 3.5209227
702 3.4836771
703 3.6866052
704 3.5068345
705 3.6698844
706 3.4324908
707 3.733266
708 3.4991071
709 3.6564403
710 3.6960835
711 3.6882017
712 3.7022786
713 3.7097967
714 3.5861704
715 3.4845357
716 3.3688495
717 3.4353535
718 3.718815
719 3.7516313
720 3.6160212
721 3.827209
722 3.886916
723 3.66372
724 3.8115692
725 3.8155622
726 3.739872
727 3.5693588
728 3.4385617
729 3.4047766
730 3.4349911
731 3.3734128
732 3.731453
733 3.509289
734 3.5611634
735 3.529686
736 3.6315792
737 3.7045462
738 3.470711
739 3.3648188
740 3.6905832
741 3.6315575
742 3.5930543
743 3.5733309
744 3.727662
745 3.6102095
746 3.707711
747 3.632991
748 3.504701
749 3.6966617
750 3.8376973
751 3.9053059
752 3.66996
753 3.5004513
754 3.6823225
755 3.50866
756 3.689874
757 3.4640696
758 3.6474693
759 3.2834644
760 3.3709843
761 3.791744
762 3.6785898
763 3.80825
764 4.017998
765 3.6919563
766 3.4151688
767 3.497545
768 3.6845868
769 3.4104965
770 3.5724614
771 3.7162447
772 3.3821743
773 3.8617365
774 3.4960902
775 3.2922626
776 3.7056963
777 3.8673584
778 3.8026667
779 3.9701235
780 3.6226504
781 3.4398859
782 3.7402952
783 3.4087532
784 3.596122
785 3.5486178
786 3.4857574
787 3.607085
788 3.5675316
789 3.5953295
790 3.6444314
791 3.3272936
792 3.5080278
793 3.4456859
794 3.5416453
795 3.219086
796 3.0977411
797 3.577366
798 3.4339848
799 3.6107323
800 3.725448
801 3.8653083
802 3.5798898
803 3.5970993
804 3.4830632
805 3.5342922
806 3.4773457
807 3.520995
808 3.5679705
809 3.751062
810 3.5802853
811 3.5377169
812 3.5842226
813 3.4243445
814 3.6714928
815 3.8583472
816 3.5617793
817 3.6839626
818 3.757167
819 3.7070498
820 3.5735934
821 3.7296886
822 3.4668834
823 3.5526102
824 3.4992015
825 3.5459583
826 3.7220702
827 3.630619
828 3.682265
829 3.718399
830 3.5704682
831 3.8320193
832 3.463489
833 3.6535094
834 3.459172
835 3.6105847
836 3.7261121
837 3.6467335
838 3.8005953
839 3.6725016
840 3.7544026
841 3.8468153
842 3.5235825
843 3.6240551
844 3.677017
845 3.4261339
846 3.5762422
847 3.856233
848 3.8135908
849 3.2098055
850 3.2599661
851 3.7544255
852 3.7943141
853 3.4894736
854 3.8167446
855 3.7247581
856 3.6651604
857 3.9306757
858 3.847357
859 3.8944612
860 3.4776163
861 3.4031675
862 3.6763418
863 3.4616983
864 3.7022824
865 3.5983865
866 3.7538762
867 3.3162036
868 3.4485607
869 3.7185957
870 3.7347825
871 3.5743713
872 3.8536282
873 3.651909
874 3.770121
875 3.3830507
876 3.7255468
877 3.676428
878 3.3248472
879 3.5669332
880 3.6025574
881 3.5495987
882 3.627009
883 3.7340248
884 3.6457188
885 3.5995786
886 3.5141876
887 3.6526783
888 3.4872422
889 3.5585015
890 3.6256523
891 3.5682151
892 3.7216117
893 3.7851043
894 3.4670827
895 3.5525682
896 3.845387
897 3.490899
898 3.4851794
899 3.567704
900 3.8222458
901 3.5177345
902 3.691393
903 3.7127562
904 3.472241
905 3.5561128
906 3.5945804
907 3.5118334
908 3.853382
909 4.056902
910 3.8357081
911 3.6729991
912 3.3675187
913 3.7834885
914 3.8254108
915 3.5624866
916 3.9005582
917 3.9163427
918 3.7243555
919 3.7118824
920 3.5999756
921 3.5207193
922 3.6640928
923 3.6787663
924 3.6405563
925 3.46152
926 3.447508
927 3.5320895
928 3.7691166
929 3.6793878
930 3.6203794
931 3.3781722
932 3.4425485
933 3.4012575
934 3.645008
935 3.648707
936 3.6246767
937 3.5630023
938 3.6359777
939 3.4253533
940 3.8365443
941 3.7781792
942 3.604511
943 3.736951
944 3.5051327
945 3.3788323
946 3.5374386
947 3.7714064
948 3.8060513
949 3.8472288
950 3.9313095
951 3.8439794
952 3.4423301
953 3.4369473
954 3.6842144
955 3.4644866
956 3.648876
957 3.5587707
958 3.4172647
959 4.0602646
960 3.465857
961 3.4814854
962 3.8216326
963 3.8029048
964 3.522732
965 3.301579
966 3.7889752
967 3.4479246
968 3.4332259
969 3.5463188
970 3.4577107
971 3.6379547
972 3.2143567
973 3.485248
974 3.5725763
975 3.6924736
976 3.4944985
977 3.1986446
978 3.5690122
979 3.6269953
980 3.6242185
981 3.6009398
982 3.5907714
983 3.433457
984 3.3773272
985 3.3308675
986 3.8109882
987 3.3343391
988 3.5572672
989 3.3741214
990 3.4327126
991 3.418265
992 3.7363071
993 3.5735881
994 3.459124
995 3.4876602
996 3.513991
997 3.7006147
998 3.606879
999 3.6858206
1000 3.2614639
