1 5.3378844
2 5.302817
3 5.2498975
4 5.19364
5 5.103867
6 4.9636664
7 4.8164983
8 4.724763
9 4.6071305
10 4.2943053
11 4.3569803
12 4.2617044
13 4.21104
14 3.9298127
15 3.9089532
16 3.8931565
17 3.8714397
18 3.7244346
19 3.7933877
20 3.9016194
21 3.883049
22 3.643046
23 3.505294
24 3.62775
25 3.7331665
26 3.753889
27 3.7594967
28 3.7841048
29 3.6662452
30 3.7467988
31 3.7187893
32 3.820106
33 3.7591565
34 3.6258252
35 3.547306
36 3.630174
37 3.5217087
38 3.7256165
39 3.6885781
40 3.5839467
41 3.4893997
42 3.5889344
43 3.5290387
44 3.789318
45 3.725233
46 3.5845432
47 3.626974
48 3.822152
49 3.6496766
50 3.779256
51 3.5745068
52 3.6176536
53 3.603218
54 3.6737227
55 3.5470061
56 3.6122355
57 3.5318055
58 3.6838608
59 3.451532
60 3.39823
61 3.5249412
62 3.6808631
63 3.6317444
64 3.5864677
65 3.5419846
66 3.3379798
67 3.4702854
68 3.4234958
69 3.5082726
70 3.3838704
71 3.4083266
72 3.4333816
73 3.2720132
74 3.3405921
75 3.3572574
76 3.2253373
77 3.4454932
78 3.3521867
79 3.2762303
80 3.2896035
81 3.3253703
82 3.2147384
83 3.1996887
84 3.1818855
85 3.163818
86 3.170035
87 3.0713353
88 3.221428
89 3.2624526
90 3.2426133
91 3.3456008
92 3.3220506
93 3.1822762
94 3.3760674
95 3.2673786
96 3.2654376
97 3.1830542
98 3.215112
99 3.1891987
100 3.320315
101 3.423201
102 3.4863694
103 3.418745
104 3.3931954
105 3.398112
106 3.3827522
107 3.1888378
108 3.2660549
109 3.1733563
110 3.2872434
111 3.2305088
112 3.19665
113 3.1258676
114 3.1568496
115 3.1203167
116 3.2645428
117 3.2454522
118 3.2381828
119 3.2635427
120 3.0807102
121 3.230151
122 3.1301568
123 3.0886385
124 3.2414527
125 3.3138328
126 3.160709
127 3.171059
128 3.1462772
129 3.0978684
130 3.1743863
131 3.0536666
132 3.1061456
133 3.0434282
134 3.061541
135 3.2055645
136 3.1783733
137 3.1017454
138 3.0815887
139 3.0705762
140 3.2171645
141 3.2084198
142 2.9916637
143 3.0004504
144 3.0477042
145 2.9764662
146 2.9996395
147 3.0074074
148 3.1944225
149 3.0349157
150 3.0433152
151 3.1665564
152 3.1658766
153 3.1299214
154 3.0935607
155 3.2567794
156 3.0706754
157 3.0082011
158 2.9834404
159 3.003002
160 3.2992897
161 3.1277795
162 3.1867795
163 3.2091568
164 3.24375
165 3.0569127
166 2.9559267
167 3.0992208
168 3.1374717
169 2.9029074
170 3.0414245
171 3.024403
172 2.9876351
173 3.0180764
174 3.1211967
175 2.8856268
176 2.9205143
177 2.866704
178 3.0040035
179 2.9184449
180 2.8520665
181 2.860806
182 3.058209
183 2.7868571
184 2.9320855
185 2.9298534
186 2.8996735
187 2.994173
188 2.7904358
189 2.9149814
190 2.70241
191 2.874469
192 3.0966249
193 2.7560463
194 3.0465584
195 3.138418
196 3.0209146
197 2.8068607
198 3.0059156
199 2.8028257
200 2.8720348
201 2.8303444
202 2.8781126
203 2.9082549
204 2.7816186
205 2.6733456
206 2.7878537
207 2.7285879
208 2.8645015
209 2.8804784
210 2.7885165
211 2.7795672
212 2.766168
213 2.9766674
214 2.8724713
215 2.7736232
216 2.9448025
217 2.9158
218 3.0207088
219 2.8169522
220 3.0016437
221 2.9631302
222 2.8889725
223 2.9353042
224 3.026076
225 2.890499
226 2.8575447
227 2.9062452
228 2.85466
229 2.8225472
230 2.9234748
231 2.7406816
232 2.8129172
233 2.7575548
234 2.706834
235 2.7953005
236 2.8289244
237 2.8715148
238 2.8873925
239 2.8449712
240 2.6406176
241 2.7693634
242 2.7541285
243 2.6215396
244 2.8573263
245 2.8151445
246 2.7816153
247 3.0014687
248 3.04106
249 2.910122
250 2.7068849
251 2.826837
252 2.8201308
253 2.8129125
254 2.7654517
255 2.753242
256 2.660748
257 2.766801
258 2.6247072
259 2.8012476
260 2.905464
261 2.7020152
262 2.8795893
263 2.8753421
264 2.6745353
265 2.7168062
266 2.7198596
267 2.9168556
268 2.8262048
269 2.9522998
270 2.8362098
271 2.8678622
272 2.697054
273 2.8107367
274 2.6310828
275 2.7898505
276 2.9260728
277 2.7625127
278 2.6376731
279 2.8867602
280 2.6917734
281 2.569887
282 2.7764306
283 2.6742153
284 2.7332308
285 3.0133197
286 2.7758224
287 2.7338748
288 2.8238473
289 2.7390862
290 2.7537808
291 2.7403035
292 2.860848
293 2.6934657
294 2.5985022
295 2.880618
296 2.7744749
297 2.705299
298 2.677119
299 2.7385128
300 2.7352192
301 2.8289685
302 2.792738
303 2.7053761
304 2.6346564
305 2.5938869
306 2.7038808
307 2.7340238
308 2.7503958
309 2.6282241
310 2.8810327
311 2.5730731
312 2.6862922
313 2.539168
314 2.6576092
315 2.6371512
316 2.6069436
317 2.8004425
318 2.6407447
319 2.807127
320 2.787189
321 2.7364943
322 2.6743767
323 2.6940422
324 2.7480247
325 2.6752484
326 2.8062294
327 2.746291
328 2.553194
329 2.733584
330 2.8911464
331 2.833992
332 2.8447409
333 2.7477183
334 2.8064525
335 2.8602128
336 2.8842483
337 2.8003886
338 2.7331104
339 2.5425694
340 2.724811
341 2.7310634
342 2.6044884
343 2.8739853
344 2.718537
345 2.6722584
346 2.6654968
347 2.7744923
348 2.5370638
349 3.0697308
350 2.8661823
351 2.7616222
352 2.7727635
353 2.7514865
354 2.591557
355 2.6807766
356 2.6187458
357 2.68791
358 2.855221
359 2.8132622
360 2.7400692
361 2.8333209
362 2.7245297
363 2.835771
364 2.616806
365 2.721735
366 2.7483315
367 2.627963
368 2.8389127
369 2.805501
370 2.611456
371 2.5747802
372 2.6774728
373 2.7045188
374 2.6635537
375 2.5332427
376 2.475387
377 2.7473335
378 2.4333057
379 2.9317608
380 2.7970786
381 2.8428895
382 2.7426596
383 2.5757775
384 2.7263927
385 2.582325
386 2.488755
387 2.8425975
388 2.6527886
389 2.701884
390 2.6030128
391 2.6908677
392 2.7435842
393 2.8201814
394 2.543733
395 2.8300004
396 2.7077663
397 2.572439
398 2.749828
399 2.7985692
400 2.8509765
401 2.6798632
402 2.638202
403 2.5959206
404 2.6284611
405 2.5847309
406 2.7750745
407 2.7287185
408 2.7635016
409 2.7990234
410 2.7035804
411 2.695188
412 2.5963435
413 2.6517386
414 2.6381974
415 2.617136
416 2.7507825
417 2.4493737
418 2.5841956
419 2.6208253
420 2.665516
421 2.6303341
422 2.6515708
423 2.7940788
424 2.5964336
425 2.4090915
426 2.55516
427 2.5392163
428 2.614336
429 2.5426598
430 2.7036119
431 2.4960642
432 2.478407
433 2.5913112
434 2.4277756
435 2.6722512
436 2.55509
437 2.4917436
438 2.6436114
439 2.616877
440 2.4915175
441 2.6115913
442 2.7968323
443 2.7342563
444 2.601249
445 2.6024978
446 2.5837255
447 2.453876
448 2.6324005
449 2.5691257
450 2.5493197
451 2.5935721
452 2.4730446
453 2.6945825
454 2.8761554
455 2.6296072
456 2.4542425
457 2.7729611
458 2.6014755
459 2.620555
460 2.5526624
461 2.5203698
462 2.4788718
463 2.6028478
464 2.6255696
465 2.4312425
466 2.5496953
467 2.4895246
468 2.5471096
469 2.8585906
470 2.7195659
471 2.7844136
472 2.830074
473 2.5724723
474 2.8378575
475 2.6282032
476 2.5666378
477 2.3672242
478 2.5642867
479 2.614213
480 2.7514071
481 2.5886645
482 2.4001813
483 2.6995273
484 2.5217528
485 2.671597
486 2.3811917
487 2.568696
488 2.8204253
489 2.4699788
490 2.776578
491 2.7585893
492 2.716343
493 2.6243553
494 2.633493
495 2.552943
496 2.7257588
497 2.8335438
498 2.5644681
499 2.484299
500 2.4274492
501 2.3961573
502 2.534013
503 2.4847465
504 2.4182956
505 2.470291
506 2.6608536
507 2.5852296
508 2.5597239
509 2.665541
510 2.780114
511 2.7076058
512 2.573192
513 2.6219783
514 2.7013075
515 2.6569161
516 2.504821
517 2.4157367
518 2.431003
519 2.7414205
520 2.6127784
521 2.6369016
522 2.4829545
523 2.2970386
524 2.5454977
525 2.4652286
526 2.5687518
527 2.422591
528 2.561305
529 2.5315495
530 2.6052048
531 2.7711055
532 2.5966444
533 2.5061545
534 2.2579925
535 2.4793248
536 2.5135686
537 2.6517944
538 2.5637484
539 2.5418038
540 2.4993885
541 2.6886356
542 2.5709417
543 2.4976687
544 2.5572667
545 2.6176207
546 2.7589822
547 2.3968878
548 2.6867461
549 2.6841369
550 2.5911636
551 2.4220002
552 2.5232403
553 2.6967044
554 2.6255262
555 2.4958465
556 2.7276907
557 2.6584673
558 2.6576705
559 2.6543453
560 2.5249028
561 2.4851303
562 2.5409818
563 2.4413714
564 2.537235
565 2.7936954
566 2.6845253
567 2.7512224
568 2.711843
569 2.6949553
570 2.5106838
571 2.7111776
572 2.599855
573 2.3466346
574 2.479185
575 2.594937
576 2.5683677
577 2.7209635
578 2.549207
579 2.5083132
580 2.48501
581 2.6033027
582 2.5456152
583 2.3100457
584 2.445478
585 2.6890435
586 2.6007714
587 2.5552483
588 2.494978
589 2.3878567
590 2.412427
591 2.540631
592 2.4926257
593 2.5601628
594 2.4256358
595 2.4329708
596 2.5052936
597 2.4510334
598 2.6080477
599 2.5360274
600 2.2759385
601 2.3697398
602 2.6249654
603 2.5643337
604 2.3787446
605 2.7219586
606 2.614531
607 2.5297666
608 2.468636
609 2.628352
610 2.403851
611 2.5139594
612 2.5389037
613 2.6598158
614 2.5539842
615 2.5175242
616 2.455995
617 2.4786134
618 2.5978103
619 2.4398942
620 2.2426913
621 2.4438004
622 2.5351343
623 2.5426936
624 2.4428995
625 2.4501364
626 2.7567081
627 2.6388862
628 2.5684733
629 2.652955
630 2.5510392
631 2.4761055
632 2.6164277
633 2.4397497
634 2.4887638
635 2.729727
636 2.5432854
637 2.585903
638 2.572804
639 2.5524518
640 2.5590346
641 2.523196
642 2.4054768
643 2.4354727
644 2.4706435
645 2.6315773
646 2.6551254
647 2.4685302
648 2.645243
649 2.55035
650 2.4105623
651 2.520306
652 2.6188037
653 2.5416806
654 2.6421828
655 2.4879246
656 2.50293
657 2.5418365
658 2.531238
659 2.5358903
660 2.2051158
661 2.4627938
662 2.4139724
663 2.422463
664 2.502182
665 2.6423838
666 2.5983183
667 2.57018
668 2.661859
669 2.7249055
670 2.4990945
671 2.5306458
672 2.4542503
673 2.4759061
674 2.4355798
675 2.556647
676 2.445356
677 2.5089614
678 2.548538
679 2.493118
680 2.5863864
681 2.5017896
682 2.7016134
683 2.4984791
684 2.60475
685 2.3480566
686 2.606737
687 2.553309
688 2.537355
689 2.5564122
690 2.688526
691 2.6405149
692 2.6138718
693 2.4369612
694 2.5800886
695 2.6084807
696 2.4991105
697 2.335769
698 2.248667
699 2.6673217
700 2.427279
701 2.4405177
702 2.414701
703 2.55536
704 2.4307525
705 2.54377
706 2.3792214
707 2.587703
708 2.4253962
709 2.5344512
710 2.56193
711 2.5564666
712 2.566224
713 2.5714352
714 2.485744
715 2.415296
716 2.3351085
717 2.3812056
718 2.5776863
719 2.6004326
720 2.506435
721 2.6528192
722 2.6942048
723 2.5394971
724 2.6419785
725 2.6447463
726 2.5922818
727 2.474091
728 2.3834293
729 2.3600113
730 2.3809545
731 2.3382716
732 2.586446
733 2.4324539
734 2.4684105
735 2.4465919
736 2.5172188
737 2.5677958
738 2.4057136
739 2.3323147
740 2.5581174
741 2.5172038
742 2.4905155
743 2.4768443
744 2.5838184
745 2.5024066
746 2.5699894
747 2.5181975
748 2.4292736
749 2.5623307
750 2.660089
751 2.7069519
752 2.5438225
753 2.426328
754 2.5523915
755 2.4320178
756 2.5576258
757 2.4011102
758 2.528233
759 2.2759242
760 2.3365884
761 2.6282368
762 2.5498042
763 2.6396778
764 2.7850642
765 2.5590692
766 2.3672147
767 2.4243135
768 2.553961
769 2.363976
770 2.4762416
771 2.5759046
772 2.3443446
773 2.6767519
774 2.423305
775 2.2820225
776 2.568593
777 2.6806486
778 2.6358078
779 2.75188
780 2.51103
781 2.3843472
782 2.592575
783 2.3627677
784 2.492642
785 2.4597144
786 2.416143
787 2.5002408
788 2.4728246
789 2.4920926
790 2.5261273
791 2.3063042
792 2.4315796
793 2.3883674
794 2.4548814
795 2.2313004
796 2.1471906
797 2.4796412
798 2.380257
799 2.502769
800 2.5822837
801 2.6792276
802 2.4813905
803 2.4933193
804 2.4142754
805 2.4497848
806 2.4103124
807 2.4405677
808 2.4731288
809 2.600038
810 2.4816647
811 2.4521585
812 2.4843938
813 2.3735747
814 2.544885
815 2.6744025
816 2.4688373
817 2.5535283
818 2.6042697
819 2.5695312
820 2.4770262
821 2.5852232
822 2.4030604
823 2.4624817
824 2.4254618
825 2.457871
826 2.5799425
827 2.5165534
828 2.5523517
829 2.5773978
830 2.47486
831 2.6561534
832 2.4007077
833 2.5324197
834 2.3977153
835 2.5026667
836 2.5827441
837 2.527723
838 2.634372
839 2.5455842
840 2.6023536
841 2.6664093
842 2.4423614
843 2.5120037
844 2.548714
845 2.374815
846 2.4788623
847 2.672937
848 2.6433797
849 2.2248676
850 2.2596364
851 2.6023695
852 2.6300182
853 2.4187188
854 2.6455657
855 2.5818057
856 2.5404956
857 2.724537
858 2.6667848
859 2.6994348
860 2.4105
861 2.358896
862 2.548246
863 2.3994665
864 2.5662267
865 2.4942114
866 2.6019888
867 2.2986171
868 2.39036
869 2.5775342
870 2.588754
871 2.4775655
872 2.6711316
873 2.5313106
874 2.6132488
875 2.344952
876 2.5823524
877 2.5483057
878 2.3046086
879 2.4724097
880 2.4971025
881 2.4603944
882 2.514051
883 2.5882287
884 2.5270197
885 2.4950378
886 2.4358492
887 2.5318437
888 2.4171722
889 2.4665654
890 2.5131106
891 2.4732983
892 2.5796247
893 2.6236343
894 2.4031987
895 2.4624527
896 2.665419
897 2.4197068
898 2.4157424
899 2.472944
900 2.649379
901 2.4383078
902 2.5586786
903 2.5734866
904 2.406774
905 2.4649096
906 2.4915733
907 2.4342175
908 2.670961
909 2.8120303
910 2.6587102
911 2.545929
912 2.334186
913 2.6225145
914 2.6515727
915 2.4693277
916 2.703661
917 2.714602
918 2.5815265
919 2.5728807
920 2.495313
921 2.4403768
922 2.5397556
923 2.5499265
924 2.5234413
925 2.3993428
926 2.3896306
927 2.448258
928 2.6125526
929 2.5503573
930 2.509456
931 2.3415706
932 2.3861928
933 2.357572
934 2.5265272
935 2.529091
936 2.5124345
937 2.469685
938 2.5202677
939 2.374274
940 2.6592898
941 2.6188343
942 2.4984567
943 2.5902572
944 2.4295728
945 2.3420281
946 2.4519656
947 2.6141398
948 2.6381538
949 2.6666958
950 2.724976
951 2.6644435
952 2.3860414
953 2.3823104
954 2.5537028
955 2.4013991
956 2.5292082
957 2.4667518
958 2.3686674
959 2.8143609
960 2.402349
961 2.4131818
962 2.648954
963 2.6359727
964 2.4417717
965 2.2884803
966 2.6263175
967 2.3899193
968 2.379731
969 2.4581208
970 2.3967025
971 2.5216382
972 2.2280223
973 2.4157898
974 2.4763212
975 2.5594277
976 2.4222019
977 2.2171316
978 2.4738507
979 2.5140417
980 2.512117
981 2.4959812
982 2.488933
983 2.379891
984 2.3409848
985 2.3087814
986 2.6415758
987 2.3111877
988 2.4657097
989 2.3387628
990 2.379375
991 2.369361
992 2.5898108
993 2.4770226
994 2.3976822
995 2.4174619
996 2.435713
997 2.5650706
998 2.500098
999 2.5548162
1000 2.2606745
