1 204.34245
2 203.59511
3 202.95903
4 201.36833
5 198.15349
6 191.3003
7 179.91226
8 163.9832
9 144.39212
10 123.137375
11 98.19521
12 78.662
13 70.17535
14 63.898304
15 60.070324
16 58.463226
17 55.658592
18 51.98565
19 48.660683
20 45.639122
21 43.3375
22 41.648304
23 40.74013
24 39.042847
25 37.256207
26 35.66996
27 34.785694
28 34.249275
29 34.26664
30 34.516563
31 35.27314
32 36.086952
33 36.90473
34 37.981846
35 38.69874
36 39.275543
37 39.274994
38 38.86331
39 38.223915
40 37.809395
41 37.026196
42 36.02572
43 35.43263
44 34.908012
45 34.6551
46 34.759716
47 35.378418
48 36.345478
49 37.106712
50 38.299294
51 39.0571
52 40.009815
53 40.75936
54 41.21956
55 41.27331
56 41.055504
57 40.710564
58 39.709457
59 38.836063
60 37.66304
61 36.917053
62 36.236916
63 35.81025
64 35.755505
65 36.398643
66 36.159966
67 35.957844
68 35.416454
69 35.32951
70 35.88091
71 35.196644
72 35.02588
73 34.439392
74 34.099358
75 33.717236
76 33.425785
77 33.43421
78 33.91848
79 31.14835
80 31.829956
81 31.066275
82 30.75246
83 29.330906
84 29.86726
85 29.957012
86 31.434042
87 29.666279
88 30.360859
89 29.523565
90 30.171154
91 29.029291
92 31.193659
93 30.763477
94 32.469788
95 32.527126
96 31.960484
97 29.713123
98 29.706629
99 29.429205
100 29.184387
101 28.784565
102 30.541693
103 34.92589
104 37.659504
105 38.195953
106 37.758976
107 34.28454
108 31.441309
109 31.094074
110 32.531376
111 32.13138
112 32.433548
113 30.185047
114 29.547855
115 26.317968
116 28.416851
117 29.761124
118 30.310238
119 30.460648
120 30.943584
121 31.196613
122 30.492863
123 26.758581
124 28.556803
125 26.818455
126 28.225702
127 28.383566
128 29.816687
129 29.03681
130 31.041483
131 29.586777
132 27.92094
133 28.374033
134 27.728214
135 26.368505
136 26.209019
137 27.533848
138 27.760717
139 27.302868
140 26.803753
141 28.05108
142 27.898962
143 26.82605
144 26.164734
145 28.889029
146 30.28262
147 28.982944
148 29.896494
149 27.252106
150 27.665432
151 29.61507
152 29.741507
153 28.135275
154 28.218094
155 28.287037
156 26.774002
157 26.82022
158 27.397573
159 27.996618
160 28.122461
161 27.952417
162 30.462255
163 30.905712
164 31.176239
165 29.51626
166 28.05791
167 28.16193
168 27.317556
169 27.075367
170 25.395037
171 26.500956
172 25.487507
173 26.1775
174 23.707565
175 24.690104
176 25.021954
177 24.477316
178 24.48479
179 25.541636
180 25.008518
181 23.79253
182 25.833334
183 24.163265
184 23.54964
185 23.355227
186 24.83997
187 24.35842
188 23.952965
189 23.455082
190 23.19494
191 23.504412
192 24.793316
193 24.573483
194 25.549887
195 26.358707
196 26.562038
197 25.339207
198 25.371067
199 22.367123
200 23.014896
201 24.045359
202 23.029854
203 23.709606
204 23.6345
205 22.334255
206 21.927212
207 22.760036
208 21.62456
209 22.107641
210 21.751225
211 23.002087
212 21.60571
213 21.874092
214 23.411402
215 23.650051
216 24.887722
217 25.891876
218 25.759014
219 23.845968
220 24.591946
221 23.814352
222 25.881796
223 23.1889
224 24.424597
225 23.306427
226 24.28342
227 25.68713
228 23.952993
229 22.304623
230 23.530489
231 21.953598
232 22.112797
233 23.245937
234 23.361052
235 21.585382
236 22.890066
237 23.92101
238 23.646448
239 22.430988
240 20.989233
241 20.963133
242 19.960407
243 20.696512
244 20.446167
245 21.888205
246 21.01857
247 20.584436
248 20.895956
249 22.85709
250 22.100315
251 21.810385
252 22.813309
253 23.590965
254 22.02063
255 23.437742
256 21.079615
257 22.57804
258 21.690052
259 22.272184
260 21.95374
261 20.899624
262 21.276525
263 20.377863
264 20.544811
265 20.342318
266 19.879398
267 20.754507
268 19.659088
269 21.142954
270 20.445591
271 21.529562
272 21.587938
273 21.114094
274 21.770405
275 19.862154
276 21.954807
277 22.347095
278 21.449978
279 21.541927
280 21.01237
281 20.18438
282 20.912264
283 21.460644
284 21.495182
285 21.423111
286 21.739191
287 20.561092
288 21.406713
289 20.970776
290 20.308212
291 20.72507
292 20.796772
293 19.569927
294 18.434872
295 19.585218
296 20.370285
297 19.457325
298 18.875637
299 20.728518
300 20.455645
301 21.545248
302 21.766829
303 21.134882
304 20.77006
305 20.733297
306 21.730875
307 21.770329
308 20.354156
309 20.297781
310 20.334318
311 19.01882
312 18.749676
313 19.082367
314 18.466555
315 18.190222
316 18.084854
317 19.589972
318 18.500372
319 18.698757
320 19.53794
321 19.9056
322 20.604263
323 20.738775
324 20.028965
325 20.83089
326 20.22438
327 21.237392
328 20.253956
329 20.561367
330 22.619946
331 21.486843
332 23.776802
333 21.337118
334 20.566586
335 20.770079
336 20.726376
337 20.444016
338 20.3131
339 19.496552
340 21.268368
341 20.395115
342 20.555414
343 20.246838
344 20.463396
345 20.692312
346 19.513151
347 19.981503
348 18.807539
349 20.284678
350 20.8649
351 20.665686
352 20.802362
353 21.39556
354 20.25829
355 20.396927
356 20.394258
357 20.067335
358 20.640547
359 20.223886
360 20.079098
361 20.925735
362 20.68034
363 20.52625
364 18.568945
365 19.689556
366 19.491146
367 18.567097
368 20.110939
369 20.287922
370 20.202246
371 19.441486
372 19.540356
373 20.029697
374 20.369854
375 19.118046
376 19.518942
377 19.548552
378 18.072346
379 18.318502
380 18.65853
381 19.10959
382 19.513477
383 19.97349
384 20.709179
385 19.92049
386 19.060976
387 20.934254
388 19.352547
389 19.101215
390 19.329569
391 18.678432
392 18.864252
393 18.112574
394 18.527004
395 19.035898
396 18.977575
397 18.9661
398 19.39187
399 19.203503
400 19.554342
401 20.580854
402 20.40569
403 19.210814
404 19.616795
405 18.521362
406 19.098316
407 19.533884
408 20.506191
409 20.577438
410 19.490078
411 20.581089
412 19.627722
413 20.345196
414 19.78452
415 20.280838
416 18.609524
417 18.895178
418 19.349117
419 19.401484
420 19.023167
421 19.345463
422 18.11694
423 19.529234
424 18.298819
425 19.101969
426 17.402151
427 17.437654
428 17.934448
429 18.615723
430 18.216366
431 18.463045
432 17.917465
433 18.229044
434 17.37056
435 18.584665
436 18.723263
437 17.89323
438 18.145588
439 17.436539
440 17.487926
441 17.782925
442 17.453175
443 17.340746
444 16.568478
445 18.621996
446 17.045397
447 17.466885
448 18.234701
449 17.765533
450 19.062115
451 18.900188
452 17.966553
453 19.735966
454 19.925655
455 19.69632
456 17.83552
457 19.690296
458 18.334267
459 19.310698
460 18.895733
461 18.222214
462 17.002453
463 18.160543
464 17.777477
465 17.013817
466 17.960196
467 17.707085
468 18.63265
469 19.049637
470 18.715704
471 19.508554
472 20.789595
473 19.260399
474 19.897223
475 19.37569
476 18.96227
477 16.608278
478 18.708775
479 16.994541
480 16.988571
481 17.42678
482 16.354193
483 17.457062
484 18.463772
485 18.296112
486 17.162596
487 18.121449
488 18.220217
489 18.098444
490 19.042765
491 20.05661
492 20.28917
493 19.083035
494 19.445654
495 18.457531
496 18.885569
497 18.864063
498 17.127155
499 16.94611
500 16.858082
501 18.854944
502 17.782871
503 17.575186
504 18.865164
505 18.174528
506 20.011936
507 20.114061
508 18.826643
509 19.331944
510 20.082901
511 19.500235
512 18.365707
513 17.892427
514 18.70102
515 18.626247
516 16.899258
517 16.234982
518 17.137606
519 17.317211
520 17.281174
521 15.806219
522 15.9922285
523 16.464148
524 17.656046
525 16.862118
526 17.06553
527 17.00777
528 17.051193
529 16.819225
530 17.345106
531 17.739208
532 17.041817
533 16.70722
534 16.526613
535 17.06333
536 17.567764
537 18.75538
538 18.742825
539 18.108755
540 18.004057
541 18.397524
542 17.54549
543 17.756073
544 18.680576
545 17.719635
546 18.477835
547 16.8413
548 17.774302
549 17.674648
550 17.16279
551 16.330067
552 15.715597
553 17.23138
554 18.214201
555 17.390133
556 18.867052
557 19.306751
558 18.414883
559 19.792192
560 18.055395
561 18.840336
562 18.491045
563 18.503405
564 18.151958
565 18.409128
566 18.187344
567 18.035213
568 18.539072
569 17.849396
570 17.57973
571 16.118502
572 17.309155
573 16.630436
574 16.844479
575 16.226711
576 17.945923
577 17.613003
578 18.241405
579 16.562057
580 17.185696
581 17.229502
582 17.347906
583 17.13184
584 16.739027
585 17.598366
586 17.439001
587 17.833632
588 16.849049
589 16.371897
590 16.165836
591 16.604849
592 16.722382
593 17.02227
594 16.094847
595 15.686653
596 16.372675
597 15.842592
598 17.252356
599 15.490733
600 15.218271
601 15.591238
602 16.573664
603 16.894978
604 16.493969
605 17.732761
606 17.504314
607 17.429348
608 17.751059
609 18.249437
610 16.888126
611 16.688133
612 16.07853
613 16.661901
614 16.525484
615 16.777874
616 17.815208
617 17.24487
618 17.54205
619 17.146147
620 15.933558
621 16.9239
622 16.522608
623 17.350117
624 16.2555
625 15.889326
626 17.627329
627 17.227118
628 15.603534
629 18.39311
630 17.261133
631 17.832788
632 18.806988
633 17.337675
634 17.452972
635 18.312021
636 18.590763
637 17.13116
638 17.483677
639 17.009626
640 17.086803
641 16.670805
642 16.448078
643 16.581543
644 15.894567
645 17.856258
646 16.074478
647 16.374813
648 17.465733
649 16.374891
650 16.404161
651 16.212633
652 16.5787
653 17.032593
654 17.864304
655 17.956057
656 17.020796
657 17.102545
658 17.573017
659 16.898293
660 15.976375
661 18.36941
662 17.624056
663 16.085918
664 17.339916
665 16.11845
666 17.302378
667 16.090618
668 16.486263
669 17.642227
670 16.491446
671 17.10927
672 15.073534
673 16.712555
674 17.040833
675 16.865412
676 17.207027
677 16.37019
678 17.096203
679 18.139889
680 16.701065
681 16.81677
682 17.882656
683 17.366362
684 17.295277
685 16.109295
686 17.59304
687 17.079052
688 17.649971
689 17.322296
690 18.372253
691 17.300833
692 18.003916
693 17.678867
694 17.9109
695 17.629404
696 17.035538
697 15.968042
698 15.358168
699 17.001398
700 16.68132
701 17.274403
702 16.972233
703 18.75813
704 17.18117
705 17.128315
706 17.404581
707 16.486889
708 17.071918
709 17.800009
710 18.523266
711 17.884224
712 17.132252
713 16.438927
714 17.48875
715 17.039318
716 16.428654
717 16.19377
718 17.765894
719 18.36617
720 17.609173
721 17.88741
722 17.712849
723 16.585964
724 17.733307
725 17.839638
726 17.516037
727 16.60146
728 16.028313
729 15.422566
730 15.430707
731 16.625834
732 17.5405
733 16.121107
734 16.533253
735 15.851733
736 17.067717
737 16.661753
738 17.631048
739 15.838137
740 17.4003
741 17.081554
742 17.151142
743 16.357256
744 16.839327
745 17.350628
746 17.18607
747 17.517635
748 16.206192
749 17.196566
750 16.96594
751 17.476038
752 15.906008
753 15.698955
754 16.517807
755 16.621464
756 17.239443
757 16.369534
758 17.0808
759 16.11373
760 15.867908
761 17.05895
762 16.712399
763 17.101748
764 17.426521
765 16.236399
766 15.419568
767 15.159399
768 16.148445
769 17.099213
770 17.488949
771 16.780365
772 16.437998
773 17.29643
774 16.027153
775 15.640384
776 16.825523
777 17.476934
778 17.89825
779 18.566841
780 17.416859
781 16.703947
782 17.568195
783 16.880953
784 16.758215
785 16.355738
786 16.641212
787 16.858242
788 17.777836
789 17.076504
790 17.156368
791 17.185999
792 16.791883
793 16.31929
794 16.566034
795 14.032414
796 15.346346
797 16.013401
798 16.107824
799 16.074718
800 17.742067
801 16.53337
802 15.870882
803 15.520407
804 16.991909
805 16.677433
806 15.283136
807 15.850041
808 15.427374
809 16.927736
810 16.855246
811 15.238858
812 16.67151
813 16.854168
814 16.644653
815 17.59725
816 17.781237
817 16.790115
818 17.420698
819 17.666372
820 17.477116
821 17.77774
822 15.96686
823 16.40565
824 15.4761915
825 17.53899
826 17.706768
827 17.26221
828 17.524288
829 16.914618
830 16.1973
831 17.38621
832 16.538034
833 16.503819
834 16.578213
835 17.808647
836 17.997585
837 17.44256
838 17.910395
839 17.151922
840 17.198093
841 17.150066
842 17.244368
843 16.472778
844 16.491571
845 16.84407
846 17.265589
847 17.328552
848 17.513699
849 16.529284
850 16.549746
851 17.845175
852 17.343847
853 16.970795
854 16.915325
855 17.538715
856 17.206985
857 17.083303
858 16.986002
859 18.043201
860 16.528992
861 15.807823
862 15.94241
863 15.839337
864 17.34576
865 17.062618
866 17.491749
867 15.628218
868 16.779594
869 16.45113
870 17.104673
871 16.284266
872 17.673405
873 17.486456
874 17.369177
875 17.704288
876 17.342413
877 17.85205
878 16.721333
879 16.590843
880 16.090538
881 17.12859
882 16.869553
883 16.914288
884 16.960487
885 17.573618
886 17.519863
887 17.433247
888 17.450424
889 17.985361
890 17.510365
891 17.49207
892 18.32774
893 18.087568
894 17.838963
895 17.337296
896 18.531082
897 16.372229
898 16.23835
899 16.030415
900 17.632715
901 15.322909
902 17.779602
903 16.376982
904 15.121176
905 16.825466
906 16.502924
907 17.129139
908 16.663595
909 17.34142
910 16.58588
911 16.722424
912 17.310635
913 16.186626
914 17.643656
915 17.214203
916 17.75645
917 17.609962
918 17.55611
919 17.888287
920 16.597054
921 16.47371
922 16.860203
923 16.744638
924 17.187487
925 15.889667
926 17.430132
927 16.48808
928 18.124502
929 18.079803
930 17.379368
931 16.712444
932 17.322683
933 17.200207
934 16.17188
935 17.113691
936 17.25854
937 15.8846
938 15.992864
939 15.946146
940 17.518032
941 17.290142
942 16.6731
943 17.237543
944 16.131285
945 16.45944
946 16.30029
947 16.89347
948 17.618505
949 17.746382
950 17.301153
951 17.94662
952 17.975058
953 17.531935
954 18.011702
955 17.763523
956 16.441677
957 17.129711
958 17.31409
959 18.57995
960 17.173574
961 17.543844
962 17.45517
963 17.724567
964 15.810394
965 16.287943
966 17.359207
967 17.063532
968 15.892009
969 16.222954
970 17.15918
971 17.251629
972 15.939751
973 16.569736
974 16.255884
975 16.149923
976 15.631528
977 14.984148
978 17.69274
979 16.048813
980 16.602962
981 17.393747
982 16.157154
983 15.954249
984 15.246597
985 15.383395
986 17.374674
987 16.09946
988 15.862661
989 15.053827
990 15.908112
991 15.430933
992 15.942755
993 15.9577055
994 15.149889
995 16.331139
996 16.624058
997 15.863889
998 15.96125
999 16.388315
1000 15.371419
