1 0.00625
2 0.00625
3 0.021875
4 0.025
5 0.053125
6 0.0625
7 0.059375
8 0.065625
9 0.084375
10 0.0875
11 0.08125
12 0.065625
13 0.071875
14 0.1125
15 0.11875
16 0.078125
17 0.10625
18 0.0875
19 0.10625
20 0.125
21 0.1125
22 0.096875
23 0.134375
24 0.10625
25 0.078125
26 0.109375
27 0.090625
28 0.15
29 0.10625
30 0.1125
31 0.096875
32 0.1125
33 0.121875
34 0.1
35 0.121875
36 0.121875
37 0.146875
38 0.115625
39 0.121875
40 0.13125
41 0.1125
42 0.115625
43 0.128125
44 0.13125
45 0.140625
46 0.109375
47 0.125
48 0.115625
49 0.109375
50 0.125
51 0.134375
52 0.140625
53 0.1375
54 0.128125
55 0.09375
56 0.10625
57 0.125
58 0.13125
59 0.13125
60 0.121875
61 0.128125
62 0.1625
63 0.115625
64 0.13125
65 0.134375
66 0.134375
67 0.153125
68 0.1125
69 0.14375
70 0.1
71 0.140625
72 0.159375
73 0.125
74 0.125
75 0.140625
76 0.140625
77 0.165625
78 0.16875
79 0.153125
80 0.153125
81 0.159375
82 0.13125
83 0.134375
84 0.103125
85 0.090625
86 0.140625
87 0.128125
88 0.15625
89 0.103125
90 0.153125
91 0.1625
92 0.171875
93 0.140625
94 0.175
95 0.196875
96 0.159375
97 0.16875
98 0.178125
99 0.196875
100 0.178125
101 0.2125
102 0.159375
103 0.203125
104 0.171875
105 0.178125
106 0.15
107 0.175
108 0.128125
109 0.2
110 0.1625
111 0.1875
112 0.15625
113 0.190625
114 0.140625
115 0.190625
116 0.190625
117 0.175
118 0.228125
119 0.196875
120 0.221875
121 0.228125
122 0.228125
123 0.2
124 0.19375
125 0.215625
126 0.2125
127 0.2125
128 0.2
129 0.209375
130 0.171875
131 0.19375
132 0.153125
133 0.18125
134 0.23125
135 0.165625
136 0.184375
137 0.2
138 0.153125
139 0.20625
140 0.2125
141 0.196875
142 0.21875
143 0.24375
144 0.184375
145 0.225
146 0.175
147 0.21875
148 0.203125
149 0.21875
150 0.225
151 0.18125
152 0.228125
153 0.2125
154 0.21875
155 0.178125
156 0.21875
157 0.178125
158 0.21875
159 0.24375
160 0.209375
161 0.225
162 0.234375
163 0.221875
164 0.209375
165 0.209375
166 0.2125
167 0.265625
168 0.196875
169 0.23125
170 0.20625
171 0.225
172 0.234375
173 0.271875
174 0.221875
175 0.234375
176 0.24375
177 0.2375
178 0.2375
179 0.259375
180 0.215625
181 0.253125
182 0.234375
183 0.2375
184 0.225
185 0.234375
186 0.19375
187 0.240625
188 0.225
189 0.23125
190 0.228125
191 0.2625
192 0.2
193 0.2375
194 0.246875
195 0.190625
196 0.2375
197 0.2375
198 0.284375
199 0.265625
200 0.221875
201 0.26875
202 0.24375
203 0.2625
204 0.221875
205 0.2625
206 0.271875
207 0.228125
208 0.240625
209 0.278125
210 0.24375
211 0.2125
212 0.21875
213 0.228125
214 0.25
215 0.278125
216 0.278125
217 0.234375
218 0.253125
219 0.23125
220 0.29375
221 0.234375
222 0.23125
223 0.28125
224 0.246875
225 0.240625
226 0.284375
227 0.2125
228 0.225
229 0.2375
230 0.234375
231 0.278125
232 0.2625
233 0.2625
234 0.259375
235 0.259375
236 0.221875
237 0.325
238 0.284375
239 0.234375
240 0.290625
241 0.234375
242 0.2375
243 0.240625
244 0.278125
245 0.26875
246 0.265625
247 0.321875
248 0.25625
249 0.234375
250 0.225
251 0.225
252 0.23125
253 0.25
254 0.24375
255 0.25625
256 0.240625
257 0.275
258 0.28125
259 0.25625
260 0.275
261 0.25625
262 0.2875
263 0.29375
264 0.321875
265 0.278125
266 0.290625
267 0.2875
268 0.321875
269 0.284375
270 0.246875
271 0.278125
272 0.253125
273 0.321875
274 0.215625
275 0.265625
276 0.25625
277 0.271875
278 0.30625
279 0.23125
280 0.275
281 0.24375
282 0.190625
283 0.2375
284 0.28125
285 0.271875
286 0.24375
287 0.196875
288 0.246875
289 0.2125
290 0.2375
291 0.253125
292 0.2375
293 0.234375
294 0.25625
295 0.25
296 0.271875
297 0.2625
298 0.28125
299 0.253125
300 0.321875
301 0.240625
302 0.275
303 0.2375
304 0.278125
305 0.25625
306 0.25625
307 0.24375
308 0.23125
309 0.25
310 0.253125
311 0.278125
312 0.275
313 0.325
314 0.30625
315 0.278125
316 0.309375
317 0.25625
318 0.334375
319 0.271875
320 0.2625
321 0.271875
322 0.26875
323 0.253125
324 0.284375
325 0.2875
326 0.271875
327 0.290625
328 0.29375
329 0.2875
330 0.328125
331 0.25
332 0.275
333 0.278125
334 0.2875
335 0.25625
336 0.30625
337 0.275
338 0.253125
339 0.30625
340 0.30625
341 0.25625
342 0.275
343 0.309375
344 0.271875
345 0.2875
346 0.296875
347 0.296875
348 0.253125
349 0.246875
350 0.265625
351 0.275
352 0.24375
353 0.303125
354 0.284375
355 0.2875
356 0.284375
357 0.246875
358 0.284375
359 0.328125
360 0.2875
361 0.24375
362 0.296875
363 0.30625
364 0.3375
365 0.275
366 0.26875
367 0.278125
368 0.2625
369 0.23125
370 0.2125
371 0.296875
372 0.23125
373 0.2875
374 0.265625
375 0.221875
376 0.284375
377 0.275
378 0.284375
379 0.275
380 0.31875
381 0.3
382 0.3
383 0.271875
384 0.275
385 0.328125
386 0.24375
387 0.25
388 0.340625
389 0.28125
390 0.31875
391 0.2875
392 0.296875
393 0.290625
394 0.315625
395 0.23125
396 0.315625
397 0.296875
398 0.375
399 0.2875
400 0.2875
401 0.278125
402 0.3625
403 0.303125
404 0.259375
405 0.275
406 0.271875
407 0.265625
408 0.346875
409 0.346875
410 0.284375
411 0.3375
412 0.271875
413 0.284375
414 0.303125
415 0.3
416 0.309375
417 0.30625
418 0.296875
419 0.33125
420 0.28125
421 0.28125
422 0.2625
423 0.271875
424 0.246875
425 0.2875
426 0.228125
427 0.34375
428 0.278125
429 0.2875
430 0.35625
431 0.26875
432 0.265625
433 0.240625
434 0.2625
435 0.31875
436 0.2625
437 0.34375
438 0.253125
439 0.303125
440 0.2375
441 0.284375
442 0.34375
443 0.271875
444 0.2875
445 0.30625
446 0.234375
447 0.3
448 0.321875
449 0.359375
450 0.31875
451 0.340625
452 0.284375
453 0.315625
454 0.265625
455 0.275
456 0.31875
457 0.340625
458 0.31875
459 0.3625
460 0.3125
461 0.328125
462 0.3
463 0.29375
464 0.275
465 0.321875
466 0.353125
467 0.2625
468 0.29375
469 0.271875
470 0.303125
471 0.29375
472 0.35
473 0.278125
474 0.334375
475 0.35
476 0.303125
477 0.30625
478 0.3125
479 0.35
480 0.346875
481 0.278125
482 0.321875
483 0.315625
484 0.275
485 0.35
486 0.3125
487 0.3375
488 0.3
489 0.2875
490 0.290625
491 0.315625
492 0.2625
493 0.26875
494 0.325
495 0.3375
496 0.309375
497 0.28125
498 0.31875
499 0.353125
500 0.325
501 0.290625
502 0.33125
503 0.33125
504 0.28125
505 0.328125
506 0.2875
507 0.303125
508 0.265625
509 0.309375
510 0.275
511 0.334375
512 0.284375
513 0.2625
514 0.278125
515 0.303125
516 0.284375
517 0.240625
518 0.30625
519 0.3
520 0.284375
521 0.296875
522 0.290625
523 0.375
524 0.321875
525 0.28125
526 0.2875
527 0.275
528 0.275
529 0.31875
530 0.340625
531 0.30625
532 0.296875
533 0.3125
534 0.315625
535 0.34375
536 0.275
537 0.328125
538 0.31875
539 0.2875
540 0.321875
541 0.334375
542 0.340625
543 0.325
544 0.30625
545 0.3
546 0.365625
547 0.30625
548 0.296875
549 0.228125
550 0.3125
551 0.28125
552 0.371875
553 0.3
554 0.296875
555 0.290625
556 0.365625
557 0.346875
558 0.3
559 0.25
560 0.334375
561 0.25625
562 0.278125
563 0.303125
564 0.315625
565 0.25625
566 0.334375
567 0.275
568 0.265625
569 0.29375
570 0.240625
571 0.384375
572 0.2875
573 0.3875
574 0.30625
575 0.35
576 0.303125
577 0.275
578 0.290625
579 0.325
580 0.340625
581 0.315625
582 0.34375
583 0.365625
584 0.3375
585 0.278125
586 0.296875
587 0.325
588 0.24375
589 0.271875
590 0.303125
591 0.340625
592 0.359375
593 0.309375
594 0.303125
595 0.3625
596 0.36875
597 0.359375
598 0.26875
599 0.325
600 0.321875
601 0.340625
602 0.309375
603 0.31875
604 0.275
605 0.328125
606 0.353125
607 0.3625
608 0.390625
609 0.290625
610 0.29375
611 0.334375
612 0.303125
613 0.3
614 0.30625
615 0.34375
616 0.35625
617 0.25
618 0.3
619 0.309375
620 0.309375
621 0.309375
622 0.309375
623 0.278125
624 0.35
625 0.33125
626 0.25625
627 0.3
628 0.25625
629 0.275
630 0.284375
631 0.3
632 0.240625
633 0.296875
634 0.325
635 0.29375
636 0.3
637 0.275
638 0.33125
639 0.321875
640 0.334375
641 0.3125
642 0.30625
643 0.325
644 0.309375
645 0.34375
646 0.3125
647 0.284375
648 0.359375
649 0.328125
650 0.34375
651 0.290625
652 0.278125
653 0.309375
654 0.303125
655 0.309375
656 0.3125
657 0.30625
658 0.334375
659 0.365625
660 0.3625
661 0.35
662 0.3
663 0.278125
664 0.321875
665 0.346875
666 0.321875
667 0.3
668 0.3
669 0.325
670 0.29375
671 0.321875
672 0.309375
673 0.303125
674 0.321875
675 0.328125
676 0.309375
677 0.30625
678 0.3125
679 0.2875
680 0.25625
681 0.315625
682 0.384375
683 0.296875
684 0.30625
685 0.359375
686 0.31875
687 0.29375
688 0.334375
689 0.31875
690 0.34375
691 0.371875
692 0.2875
693 0.30625
694 0.35
695 0.33125
696 0.315625
697 0.309375
698 0.3375
699 0.328125
700 0.334375
701 0.25625
702 0.29375
703 0.3125
704 0.240625
705 0.28125
706 0.325
707 0.296875
708 0.334375
709 0.315625
710 0.35
711 0.346875
712 0.35
713 0.346875
714 0.3
715 0.309375
716 0.371875
717 0.340625
718 0.278125
719 0.290625
720 0.30625
721 0.340625
722 0.309375
723 0.3625
724 0.415625
725 0.346875
726 0.33125
727 0.378125
728 0.346875
729 0.30625
730 0.290625
731 0.29375
732 0.30625
733 0.36875
734 0.35625
735 0.29375
736 0.321875
737 0.290625
738 0.340625
739 0.334375
740 0.253125
741 0.309375
742 0.390625
743 0.35625
744 0.246875
745 0.3375
746 0.334375
747 0.303125
748 0.3125
749 0.321875
750 0.30625
751 0.328125
752 0.353125
753 0.31875
754 0.3
755 0.3125
756 0.29375
757 0.325
758 0.321875
759 0.34375
760 0.321875
761 0.35
762 0.325
763 0.3875
764 0.303125
765 0.309375
766 0.3875
767 0.35625
768 0.3
769 0.353125
770 0.3625
771 0.29375
772 0.3125
773 0.353125
774 0.296875
775 0.33125
776 0.3625
777 0.2875
778 0.38125
779 0.31875
780 0.340625
781 0.30625
782 0.296875
783 0.29375
784 0.30625
785 0.33125
786 0.34375
787 0.33125
788 0.328125
789 0.328125
790 0.3125
791 0.278125
792 0.359375
793 0.31875
794 0.284375
795 0.309375
796 0.30625
797 0.334375
798 0.325
799 0.290625
800 0.34375
801 0.35625
802 0.3125
803 0.315625
804 0.309375
805 0.328125
806 0.384375
807 0.325
808 0.328125
809 0.303125
810 0.284375
811 0.325
812 0.25
813 0.303125
814 0.328125
815 0.321875
816 0.30625
817 0.303125
818 0.3125
819 0.265625
820 0.315625
821 0.30625
822 0.328125
823 0.334375
824 0.33125
825 0.359375
826 0.33125
827 0.353125
828 0.33125
829 0.346875
830 0.36875
831 0.315625
832 0.340625
833 0.309375
834 0.3625
835 0.35
836 0.321875
837 0.29375
838 0.303125
839 0.315625
840 0.25625
841 0.371875
842 0.3125
843 0.303125
844 0.25625
845 0.334375
846 0.35
847 0.3125
848 0.3125
849 0.35
850 0.346875
851 0.33125
852 0.325
853 0.36875
854 0.303125
855 0.35
856 0.271875
857 0.31875
858 0.303125
859 0.328125
860 0.290625
861 0.3
862 0.3125
863 0.346875
864 0.334375
865 0.3875
866 0.40625
867 0.33125
868 0.33125
869 0.3375
870 0.271875
871 0.321875
872 0.34375
873 0.3375
874 0.315625
875 0.4
876 0.38125
877 0.334375
878 0.328125
879 0.278125
880 0.35
881 0.309375
882 0.325
883 0.34375
884 0.315625
885 0.36875
886 0.2625
887 0.2875
888 0.31875
889 0.328125
890 0.35
891 0.365625
892 0.3375
893 0.365625
894 0.353125
895 0.359375
896 0.34375
897 0.30625
898 0.303125
899 0.284375
900 0.36875
901 0.290625
902 0.31875
903 0.371875
904 0.29375
905 0.340625
906 0.325
907 0.39375
908 0.30625
909 0.31875
910 0.409375
911 0.35625
912 0.34375
913 0.34375
914 0.309375
915 0.3125
916 0.29375
917 0.315625
918 0.271875
919 0.321875
920 0.359375
921 0.240625
922 0.35625
923 0.334375
924 0.35625
925 0.334375
926 0.328125
927 0.290625
928 0.3
929 0.365625
930 0.353125
931 0.3
932 0.321875
933 0.38125
934 0.31875
935 0.4
936 0.353125
937 0.3
938 0.3375
939 0.365625
940 0.3625
941 0.35625
942 0.328125
943 0.378125
944 0.3
945 0.309375
946 0.303125
947 0.303125
948 0.31875
949 0.303125
950 0.3625
951 0.296875
952 0.328125
953 0.38125
954 0.303125
955 0.309375
956 0.321875
957 0.321875
958 0.353125
959 0.303125
960 0.340625
961 0.353125
962 0.340625
963 0.346875
964 0.325
965 0.3
966 0.309375
967 0.3375
968 0.35
969 0.303125
970 0.2625
971 0.38125
972 0.4
973 0.31875
974 0.328125
975 0.309375
976 0.325
977 0.359375
978 0.35625
979 0.3625
980 0.334375
981 0.303125
982 0.353125
983 0.35
984 0.340625
985 0.353125
986 0.3625
987 0.346875
988 0.403125
989 0.35625
990 0.325
991 0.346875
992 0.290625
993 0.315625
994 0.365625
995 0.26875
996 0.3125
997 0.35
998 0.31875
999 0.3125
1000 0.3125
