1 7.658249
2 7.6672354
3 7.554397
4 7.426102
5 7.323819
6 7.1153774
7 6.890437
8 6.754546
9 6.391726
10 6.0783744
11 5.9760213
12 5.871713
13 5.887994
14 5.59405
15 5.5859113
16 5.537238
17 5.6483703
18 5.6293902
19 5.428632
20 5.708859
21 5.38369
22 5.4883776
23 5.2133346
24 5.2697477
25 5.512068
26 5.1893115
27 5.1989985
28 5.3562794
29 5.2992635
30 5.376905
31 5.441291
32 5.447207
33 5.2347083
34 5.466562
35 5.2916875
36 5.1705303
37 5.192183
38 5.3739066
39 5.320401
40 5.0836987
41 5.204184
42 5.2402544
43 5.170469
44 5.0625553
45 5.302547
46 4.967512
47 5.181432
48 4.9567757
49 5.1893806
50 5.068456
51 5.20396
52 5.12119
53 5.073928
54 5.181821
55 5.2612953
56 5.1913233
57 5.1948805
58 5.0794725
59 5.164396
60 5.1073847
61 5.031427
62 5.014192
63 4.9447985
64 4.9676347
65 5.1434264
66 5.0491924
67 5.0675573
68 5.1285906
69 5.119764
70 5.1492343
71 5.16114
72 5.1890173
73 5.143348
74 5.097959
75 5.0525713
76 5.1340475
77 4.9168234
78 4.974373
79 4.9932756
80 4.828887
81 4.8634977
82 4.9300575
83 4.931214
84 5.249706
85 5.2601504
86 4.896011
87 5.1236043
88 5.051454
89 5.006379
90 5.0767026
91 4.91606
92 4.9890223
93 5.0022845
94 5.188545
95 4.8213573
96 4.933595
97 4.7958016
98 4.7266097
99 4.726781
100 4.691496
101 4.722693
102 4.7933507
103 4.816663
104 4.902476
105 4.7895336
106 4.778429
107 4.5396633
108 4.793064
109 4.6653957
110 4.731715
111 4.771488
112 4.864611
113 4.582657
114 4.6636252
115 4.6788683
116 4.6214495
117 4.546417
118 4.5277743
119 4.528925
120 4.460462
121 4.6639557
122 4.4500546
123 4.5957956
124 4.498449
125 4.487934
126 4.5815754
127 4.4243603
128 4.6003313
129 4.512315
130 4.760431
131 4.397772
132 4.700776
133 4.689198
134 4.459648
135 4.8546658
136 4.7683916
137 4.663474
138 4.788655
139 4.4456544
140 4.547383
141 4.529327
142 4.424673
143 4.250644
144 4.629281
145 4.492535
146 4.575451
147 4.438871
148 4.603555
149 4.613153
150 4.6104326
151 4.42745
152 4.5313206
153 4.590412
154 4.2723384
155 4.562516
156 4.485931
157 4.4500766
158 4.6176014
159 4.5176854
160 4.384985
161 4.355007
162 4.4127755
163 4.3975983
164 4.3463483
165 4.307152
166 4.295214
167 4.1267548
168 4.430659
169 4.2301993
170 4.4044647
171 4.215199
172 4.266216
173 4.119482
174 4.2246423
175 4.2463756
176 4.2196007
177 4.135987
178 4.2804656
179 4.2099133
180 4.273954
181 4.229647
182 4.350173
183 4.2045307
184 4.379156
185 4.358126
186 4.4975004
187 4.1608944
188 4.521045
189 4.339779
190 4.181615
191 4.1192904
192 4.187585
193 4.1709805
194 4.3514585
195 4.468994
196 4.3076267
197 4.24922
198 4.0204983
199 4.1095133
200 4.2066617
201 4.309269
202 4.09971
203 4.295866
204 4.344878
205 4.0296307
206 4.069287
207 4.374555
208 4.150723
209 4.158639
210 4.363708
211 4.3319864
212 4.2746844
213 4.2213807
214 4.2665963
215 4.1600795
216 4.1175117
217 4.1430244
218 4.2611666
219 4.254435
220 4.077695
221 4.0875926
222 4.303037
223 3.9591122
224 4.263377
225 4.18677
226 3.91526
227 4.315784
228 4.258417
229 4.223313
230 4.259443
231 4.0063095
232 4.0729403
233 4.0841265
234 4.0801086
235 4.0759053
236 4.2806325
237 4.0303135
238 4.191126
239 4.2327867
240 4.0617657
241 4.4942064
242 4.08796
243 4.335355
244 4.308202
245 4.239535
246 3.9598832
247 3.8245082
248 3.983805
249 4.1735754
250 4.330473
251 4.1563873
252 4.056155
253 4.064159
254 4.16374
255 4.067503
256 4.0595136
257 4.014916
258 3.9730628
259 4.0261025
260 4.011514
261 3.9392369
262 3.9159038
263 3.7133138
264 3.8276107
265 3.7801383
266 3.850685
267 3.947087
268 3.8413913
269 3.8906045
270 4.103552
271 3.8175573
272 4.1430755
273 4.0240436
274 4.194771
275 3.8995109
276 4.0702147
277 3.9847984
278 3.9431067
279 4.086987
280 3.9107966
281 4.0262895
282 4.2157083
283 4.0352473
284 3.9799252
285 3.9782128
286 4.2681417
287 4.267111
288 3.9496891
289 4.2707906
290 4.1114674
291 4.0571165
292 4.260879
293 4.0999846
294 4.0862455
295 4.2452917
296 3.9784257
297 4.0832586
298 3.9024396
299 3.9180558
300 3.810048
301 4.101448
302 4.00372
303 4.172849
304 4.133294
305 4.045779
306 4.0905414
307 4.1773844
308 4.029864
309 4.00763
310 4.05595
311 3.8534663
312 3.7879694
313 3.7640069
314 3.7115552
315 3.7954755
316 3.8245478
317 4.0670495
318 3.8668365
319 4.1159415
320 4.0321956
321 3.8319468
322 4.118065
323 4.189436
324 4.0321283
325 4.0433636
326 3.9930732
327 3.9294906
328 4.04508
329 3.933084
330 3.7040095
331 3.9951131
332 3.98336
333 3.9109962
334 3.9576228
335 3.951301
336 3.7635026
337 3.8881295
338 3.9871917
339 3.9173005
340 4.029137
341 4.0627346
342 4.0188127
343 3.8029554
344 4.024937
345 3.9017315
346 3.9182305
347 3.9164956
348 4.020833
349 4.067945
350 3.964478
351 3.9965768
352 4.1515145
353 3.9619508
354 4.1635275
355 3.874524
356 4.029182
357 4.17498
358 3.9621933
359 3.6804788
360 4.0569725
361 4.1365547
362 3.8912976
363 3.8111145
364 3.6784532
365 3.9804854
366 3.9345152
367 4.1150303
368 4.1698413
369 4.213377
370 4.26226
371 3.8521252
372 4.068088
373 3.8666604
374 4.281334
375 4.2125916
376 4.0505867
377 4.038556
378 4.0931816
379 3.824882
380 3.7265153
381 3.6470592
382 3.8127267
383 3.7690752
384 3.98425
385 3.6607978
386 3.9568238
387 3.9614127
388 3.5092533
389 3.903041
390 3.8162956
391 3.9571667
392 3.8939693
393 3.722337
394 3.838316
395 4.040339
396 3.784785
397 3.8127377
398 3.4333832
399 3.9414058
400 3.9203548
401 3.9533527
402 3.63174
403 3.7766144
404 4.3498144
405 3.8987868
406 4.202957
407 3.816883
408 3.694278
409 3.6097083
410 3.927204
411 3.6643414
412 3.9282436
413 3.9456384
414 3.9233637
415 3.8898685
416 3.8269968
417 3.9722004
418 3.8856046
419 3.7163944
420 3.9815855
421 3.851009
422 3.9103177
423 4.0023875
424 3.9369884
425 3.835249
426 4.1885333
427 3.6546924
428 3.8034782
429 3.8835828
430 3.6866243
431 3.8917675
432 4.1617785
433 4.0164504
434 4.003099
435 3.814247
436 3.9633524
437 3.5976322
438 3.9655447
439 3.7379086
440 4.052926
441 4.044246
442 3.5846379
443 3.8469434
444 3.8447268
445 3.7969525
446 3.9174662
447 3.8263168
448 3.6427226
449 3.6198354
450 3.9085808
451 3.905483
452 3.8410237
453 3.7908092
454 3.853163
455 3.9981804
456 3.963597
457 3.6509225
458 3.5471559
459 3.5811899
460 3.727573
461 3.8096657
462 3.92179
463 3.8711092
464 3.805179
465 3.7466667
466 3.7274597
467 4.028343
468 3.78658
469 3.9903207
470 3.7562993
471 3.918017
472 3.594759
473 3.90152
474 3.5545106
475 3.6192062
476 3.6599016
477 3.8915277
478 3.9658682
479 3.4604807
480 3.7775707
481 3.9493861
482 3.6498568
483 3.774918
484 3.8488247
485 3.7120893
486 3.723884
487 3.7215483
488 3.8382602
489 3.6102693
490 3.7409914
491 3.6677742
492 3.7849233
493 3.9281425
494 3.872123
495 3.5497947
496 3.7761054
497 3.766979
498 3.687573
499 3.6169581
500 3.8840156
501 3.6832511
502 3.808741
503 3.7017355
504 3.8481205
505 3.494127
506 3.8153741
507 3.9333196
508 3.9348838
509 3.742826
510 4.0691285
511 3.761008
512 3.8339384
513 3.8595934
514 3.8265033
515 3.8445365
516 3.86887
517 3.8865647
518 3.8360085
519 3.846924
520 3.7763112
521 3.8646095
522 3.804802
523 3.5790243
524 3.7235684
525 3.743191
526 3.80804
527 3.9103606
528 3.9999735
529 3.76484
530 3.738567
531 3.807056
532 3.9284668
533 3.902352
534 3.7146947
535 3.7638931
536 4.2511764
537 3.7445664
538 3.7378173
539 3.8011796
540 3.9819198
541 3.6988645
542 3.8539293
543 3.6372209
544 3.56076
545 3.743379
546 3.4845178
547 3.8125868
548 3.9565148
549 4.2985415
550 3.676801
551 3.9187984
552 3.478815
553 3.8297489
554 3.646986
555 3.7472205
556 3.6700532
557 3.5771153
558 3.764195
559 4.1283865
560 3.6550732
561 3.8975468
562 4.0816407
563 3.8740344
564 3.77548
565 3.9762285
566 3.6984565
567 3.8722427
568 4.144784
569 3.8377144
570 4.020523
571 3.482995
572 3.806783
573 3.5724297
574 3.7052727
575 3.523768
576 3.8854692
577 3.7206259
578 3.6587596
579 3.573441
580 3.6844552
581 3.716181
582 3.477941
583 3.6167505
584 3.5918944
585 3.9238605
586 3.6994603
587 3.744711
588 3.9940774
589 3.8981898
590 3.5863714
591 3.649488
592 3.4090755
593 3.54618
594 3.7741375
595 3.5422187
596 3.3949144
597 3.6235716
598 3.658935
599 3.5858781
600 3.6105108
601 3.5751526
602 3.8932703
603 3.6870198
604 3.882306
605 3.5869179
606 3.5302696
607 3.3706088
608 3.5042036
609 3.7964754
610 3.778411
611 3.6273804
612 3.882864
613 3.872946
614 3.6294172
615 3.781058
616 3.5524237
617 4.0446033
618 3.8891451
619 3.740986
620 3.7680135
621 3.745257
622 3.8654954
623 3.909764
624 3.6806061
625 3.7509196
626 3.9218197
627 3.7878146
628 3.811956
629 4.001584
630 3.8047872
631 3.6425333
632 4.0966825
633 3.830369
634 3.536644
635 3.7350879
636 3.7765357
637 3.9142907
638 3.8922174
639 3.7452362
640 3.7234511
641 3.7785892
642 3.8262572
643 3.7748303
644 3.694813
645 3.5763772
646 3.6885672
647 3.845252
648 3.4567952
649 3.7565746
650 3.7305393
651 3.8579967
652 3.9475596
653 3.817647
654 3.7813208
655 3.7478538
656 3.8918061
657 3.7625291
658 3.751703
659 3.4859824
660 3.4965317
661 3.6485112
662 3.7396493
663 3.8039718
664 3.593014
665 3.7117465
666 3.6536963
667 3.7941623
668 3.7583506
669 3.6580675
670 3.7147942
671 3.6470695
672 3.6894386
673 3.7067988
674 3.6404495
675 3.500122
676 3.663303
677 3.692561
678 3.8114197
679 3.840221
680 3.9030316
681 3.8988225
682 3.3224335
683 3.8242877
684 3.6750784
685 3.4960034
686 3.6165268
687 3.6933253
688 3.5038996
689 3.4879298
690 3.8675423
691 3.3849456
692 3.6778848
693 3.7099411
694 3.6238966
695 3.664776
696 3.6028764
697 3.8882072
698 3.6062002
699 3.6972878
700 3.5857563
701 3.9691293
702 3.8266644
703 3.767223
704 4.0154085
705 3.772539
706 3.678433
707 3.5424597
708 3.4836524
709 3.7283657
710 3.63136
711 3.5765464
712 3.5006773
713 3.4812136
714 3.525575
715 3.6742198
716 3.3999593
717 3.4954286
718 3.6572292
719 3.8653378
720 3.6742144
721 3.6765838
722 3.9507945
723 3.3467927
724 3.2574465
725 3.5441008
726 3.7517939
727 3.4524782
728 3.5928001
729 3.7432091
730 4.088292
731 3.9349015
732 3.6993377
733 3.667246
734 3.4912333
735 3.9757452
736 3.904277
737 3.8353846
738 3.6229022
739 3.675403
740 3.9152632
741 3.763862
742 3.5666842
743 3.591529
744 3.8666596
745 3.6298811
746 3.6724906
747 3.8054667
748 3.7334192
749 3.636741
750 3.6641335
751 3.4917736
752 3.425796
753 3.5607815
754 3.7453976
755 3.6278234
756 3.795666
757 3.6121905
758 3.7135103
759 3.743655
760 3.8582642
761 3.5595655
762 3.6602497
763 3.1689022
764 3.931938
765 3.6156135
766 3.4389727
767 3.502543
768 3.783985
769 3.5089633
770 3.2845383
771 3.698628
772 3.550953
773 3.478947
774 3.872041
775 3.4948835
776 3.5199761
777 3.5933588
778 3.651801
779 3.4962187
780 3.6321592
781 3.7162688
782 3.8483462
783 3.7634277
784 3.6737194
785 3.516281
786 3.637455
787 3.5748668
788 3.636072
789 3.5899389
790 3.7783134
791 3.910767
792 3.588552
793 3.5536046
794 3.868189
795 3.7178001
796 3.4885223
797 3.5000896
798 3.6335301
799 3.6098316
800 3.5636194
801 3.6128821
802 3.536429
803 3.665852
804 3.6602523
805 3.7301395
806 3.3180525
807 3.48307
808 3.536467
809 3.6182191
810 3.8253984
811 3.6616461
812 4.023331
813 3.827182
814 3.523816
815 3.537502
816 3.75179
817 3.966803
818 3.7093956
819 3.6810179
820 3.5116305
821 3.7419984
822 3.589486
823 3.4981205
824 3.5726953
825 3.4146543
826 3.430824
827 3.418606
828 3.5419052
829 3.5853767
830 3.3129973
831 3.499489
832 3.464029
833 3.6811929
834 3.5186818
835 3.644443
836 3.6454203
837 3.6511796
838 3.587384
839 3.7153206
840 4.0180616
841 3.4986513
842 3.6807504
843 3.6449425
844 3.9172647
845 3.6050527
846 3.4710371
847 3.584544
848 3.493356
849 3.4218485
850 3.3907433
851 3.628305
852 3.4974148
853 3.4097066
854 3.4949558
855 3.4452603
856 3.8715498
857 3.7404609
858 3.562762
859 3.6726823
860 3.7518768
861 3.5705802
862 3.6838567
863 3.6066856
864 3.7482026
865 3.310816
866 3.1093988
867 3.5452895
868 3.437876
869 3.5003202
870 3.9062715
871 3.605976
872 3.5300107
873 3.5009246
874 3.6639295
875 3.4734778
876 3.3783886
877 3.510825
878 3.4413736
879 3.7856722
880 3.5399718
881 3.8179631
882 3.4919653
883 3.4410515
884 3.7867856
885 3.5436144
886 3.8131502
887 3.9049685
888 3.6614401
889 3.5233493
890 3.5401018
891 3.3761082
892 3.4072847
893 3.4530756
894 3.4085875
895 3.4420187
896 3.4961998
897 3.6156607
898 3.6600726
899 3.8152654
900 3.5245652
901 3.7400844
902 3.6744623
903 3.4148586
904 3.6838188
905 3.4406366
906 3.5021205
907 3.2852187
908 3.847879
909 3.7414076
910 3.3585641
911 3.6473453
912 3.600167
913 3.734025
914 3.7497914
915 3.6318119
916 3.6565459
917 3.7464526
918 3.859009
919 3.605836
920 3.5307631
921 3.8999095
922 3.3760018
923 3.5025897
924 3.407353
925 3.5903797
926 3.7633
927 3.4924276
928 3.6379097
929 3.4817207
930 3.7165103
931 3.8480918
932 3.7248132
933 3.599538
934 3.6823199
935 3.267544
936 3.6307783
937 4.005606
938 3.5496485
939 3.6076133
940 3.5141063
941 3.5823374
942 3.5213125
943 3.526973
944 3.7019382
945 3.6806653
946 3.5733957
947 3.7730014
948 3.6112297
949 3.730554
950 3.5526078
951 3.8209987
952 3.5871654
953 3.4833293
954 3.7212553
955 3.5811992
956 3.5955098
957 3.5380807
958 3.5739415
959 3.725386
960 3.4175572
961 3.6514015
962 3.713066
963 3.6680064
964 3.507034
965 3.649515
966 3.8063962
967 3.4012706
968 3.5490906
969 3.6307278
970 4.0001535
971 3.187092
972 3.4476278
973 3.622306
974 3.6202347
975 3.6642451
976 3.7648368
977 3.6252215
978 3.7214673
979 3.7158096
980 3.6299565
981 3.7649052
982 3.5371163
983 3.5018485
984 3.404789
985 3.4686854
986 3.5071008
987 3.5773933
988 3.2420669
989 3.55452
990 3.7052777
991 3.6400075
992 3.8441727
993 3.672993
994 3.419186
995 3.8725753
996 3.5340724
997 3.449122
998 3.7388172
999 3.583311
1000 3.5703228
