1 5.308294
2 5.3145227
3 5.236309
4 5.147382
5 5.0764847
6 4.932004
7 4.7760873
8 4.681895
9 4.430407
10 4.213208
11 4.1422625
12 4.0699615
13 4.0812464
14 3.8775
15 3.8718586
16 3.838121
17 3.915152
18 3.901996
19 3.762841
20 3.9570794
21 3.7316895
22 3.8042533
23 3.6136081
24 3.6527107
25 3.8206742
26 3.5969567
27 3.6036713
28 3.7126899
29 3.6731696
30 3.7269866
31 3.7716155
32 3.7757163
33 3.6284232
34 3.7891319
35 3.6679184
36 3.5839386
37 3.598947
38 3.724908
39 3.6878211
40 3.5237515
41 3.6072655
42 3.6322677
43 3.583896
44 3.5090961
45 3.6754456
46 3.443217
47 3.5914948
48 3.435775
49 3.5970047
50 3.5131862
51 3.6071103
52 3.5497386
53 3.5169787
54 3.5917645
55 3.646852
56 3.5983512
57 3.6008167
58 3.520822
59 3.5796864
60 3.5401692
61 3.4875195
62 3.4755733
63 3.427473
64 3.4433022
65 3.5651517
66 3.4998336
67 3.5125632
68 3.5548682
69 3.54875
70 3.5691772
71 3.5774295
72 3.5967526
73 3.5650973
74 3.533636
75 3.5021756
76 3.5586505
77 3.4080822
78 3.4479725
79 3.4610748
80 3.3471293
81 3.3711197
82 3.4172554
83 3.418057
84 3.6388187
85 3.6460586
86 3.3936563
87 3.5514119
88 3.5014012
89 3.4701576
90 3.5189023
91 3.4075532
92 3.4581268
93 3.4673195
94 3.5964255
95 3.3419101
96 3.4197075
97 3.3241963
98 3.2762363
99 3.276355
100 3.2518973
101 3.2735214
102 3.3224976
103 3.3386562
104 3.3981373
105 3.3198516
106 3.3121548
107 3.1466548
108 3.3222988
109 3.233806
110 3.2797751
111 3.3073437
112 3.3718915
113 3.1764557
114 3.2325788
115 3.2431445
116 3.2033448
117 3.1513364
118 3.138414
119 3.1392117
120 3.0917568
121 3.2328079
122 3.0845428
123 3.1855628
124 3.118087
125 3.110799
126 3.1757061
127 3.066733
128 3.1887066
129 3.1276984
130 3.2996793
131 3.0483031
132 3.2583299
133 3.2503045
134 3.0911927
135 3.3649979
136 3.3051972
137 3.2324739
138 3.3192425
139 3.081493
140 3.1520057
141 3.1394901
142 3.0669496
143 2.9463222
144 3.2087731
145 3.1139882
146 3.1714609
147 3.0767908
148 3.1909413
149 3.1975942
150 3.1957085
151 3.0688746
152 3.1408722
153 3.1818311
154 2.9613595
155 3.1624951
156 3.1094105
157 3.084558
158 3.2006774
159 3.131421
160 3.0394402
161 3.018661
162 3.058703
163 3.048183
164 3.012659
165 2.9854903
166 2.9772155
167 2.8604484
168 3.0710986
169 2.9321508
170 3.0529423
171 2.9217534
172 2.9571154
173 2.8554072
174 2.928299
175 2.9433632
176 2.9248042
177 2.8668475
178 2.9669926
179 2.9180894
180 2.962479
181 2.9317682
182 3.0153103
183 2.9143586
184 3.0354
185 3.020823
186 3.1174297
187 2.8841121
188 3.1337497
189 3.0081055
190 2.8984745
191 2.8552747
192 2.9026127
193 2.8911033
194 3.0162013
195 3.0976708
196 2.9858193
197 2.945335
198 2.786797
199 2.8484976
200 2.9158359
201 2.9869578
202 2.8417025
203 2.9776676
204 3.01164
205 2.793127
206 2.8206146
207 3.0322106
208 2.877062
209 2.8825488
210 3.024692
211 3.0027044
212 2.9629855
213 2.9260383
214 2.957379
215 2.8835473
216 2.8540416
217 2.8717258
218 2.9536157
219 2.9489498
220 2.8264427
221 2.8333032
222 2.9826381
223 2.7442474
224 2.955148
225 2.9020479
226 2.7138515
227 2.9914734
228 2.95171
229 2.9273775
230 2.9524207
231 2.7769623
232 2.823147
233 2.830901
234 2.828116
235 2.8252022
236 2.9671082
237 2.7936006
238 2.9050672
239 2.9339442
240 2.8154013
241 3.1151464
242 2.8335578
243 3.005039
244 2.986218
245 2.9386218
246 2.744782
247 2.650947
248 2.7613633
249 2.892902
250 3.001655
251 2.8809881
252 2.8115125
253 2.8170605
254 2.8860848
255 2.8193781
256 2.8138404
257 2.7829278
258 2.7539172
259 2.7906816
260 2.7805698
261 2.730471
262 2.7142978
263 2.573873
264 2.6530976
265 2.6201923
266 2.6690915
267 2.7359123
268 2.6626496
269 2.6967616
270 2.8443654
271 2.6461291
272 2.871761
273 2.7892544
274 2.9075937
275 2.702935
276 2.8212578
277 2.7620518
278 2.7331533
279 2.8328836
280 2.7107577
281 2.790811
282 2.9221063
283 2.7970202
284 2.758674
285 2.757487
286 2.9584503
287 2.957736
288 2.737716
289 2.9602866
290 2.849852
291 2.8121789
292 2.9534163
293 2.841893
294 2.8323696
295 2.9426122
296 2.7576346
297 2.8302994
298 2.704965
299 2.7157893
300 2.6409242
301 2.8429072
302 2.775167
303 2.8923988
304 2.8649812
305 2.8043206
306 2.8353474
307 2.8955424
308 2.7932887
309 2.7778773
310 2.8113704
311 2.6710193
312 2.6256204
313 2.6090107
314 2.572654
315 2.6308231
316 2.6509745
317 2.819064
318 2.680287
319 2.8529534
320 2.7949052
321 2.6561031
322 2.854425
323 2.9038959
324 2.7948585
325 2.8026462
326 2.7677875
327 2.7237153
328 2.803836
329 2.726206
330 2.5674238
331 2.7692015
332 2.7610548
333 2.710896
334 2.743215
335 2.7388332
336 2.6086612
337 2.695046
338 2.7637107
339 2.7152658
340 2.7927852
341 2.816073
342 2.7856288
343 2.6360078
344 2.7898738
345 2.7044742
346 2.7159104
347 2.7147079
348 2.787029
349 2.8196847
350 2.7479668
351 2.770216
352 2.8776107
353 2.746215
354 2.8859375
355 2.6856155
356 2.7928162
357 2.8938758
358 2.7463832
359 2.5511136
360 2.812079
361 2.8672411
362 2.697242
363 2.6416633
364 2.5497096
365 2.7590623
366 2.7271981
367 2.8523216
368 2.8903136
369 2.9204903
370 2.9543736
371 2.6700897
372 2.8197837
373 2.6801648
374 2.9675946
375 2.919946
376 2.8076527
377 2.7993138
378 2.8371773
379 2.6512063
380 2.5830235
381 2.5279489
382 2.6427808
383 2.6125238
384 2.7616718
385 2.5374718
386 2.7426612
387 2.745842
388 2.432429
389 2.7053819
390 2.6452546
391 2.742899
392 2.6990938
393 2.5801275
394 2.660518
395 2.8005495
396 2.623413
397 2.6427884
398 2.37984
399 2.7319744
400 2.717383
401 2.7402554
402 2.5173304
403 2.6177497
404 3.0150616
405 2.702433
406 2.913268
407 2.6456618
408 2.5606785
409 2.5020592
410 2.7221303
411 2.539928
412 2.722851
413 2.734908
414 2.7194686
415 2.6962514
416 2.652672
417 2.7533195
418 2.693296
419 2.5760083
420 2.7598248
421 2.669316
422 2.7104256
423 2.7742436
424 2.7289124
425 2.658392
426 2.90327
427 2.5332398
428 2.6363702
429 2.6918945
430 2.5553732
431 2.6975677
432 2.884725
433 2.7839913
434 2.774737
435 2.6438346
436 2.7471867
437 2.4936886
438 2.748706
439 2.590921
440 2.8092742
441 2.803258
442 2.4846816
443 2.666498
444 2.6649616
445 2.631847
446 2.7153807
447 2.6522007
448 2.5249429
449 2.5090787
450 2.7092218
451 2.7070746
452 2.6623948
453 2.6275887
454 2.670809
455 2.7713275
456 2.7473562
457 2.5306268
458 2.4587011
459 2.4822917
460 2.5837567
461 2.640659
462 2.7183776
463 2.6832485
464 2.6375492
465 2.5969915
466 2.5836782
467 2.792235
468 2.6246574
469 2.7658796
470 2.6036682
471 2.7157624
472 2.491697
473 2.7043276
474 2.463799
475 2.5086427
476 2.5368505
477 2.6974015
478 2.7489305
479 2.3986225
480 2.6184125
481 2.737506
482 2.529888
483 2.6165738
484 2.667802
485 2.5730243
486 2.5812
487 2.5795808
488 2.6604793
489 2.502448
490 2.5930576
491 2.5423074
492 2.623509
493 2.722781
494 2.6839511
495 2.4605303
496 2.6173968
497 2.6110709
498 2.5560308
499 2.5070844
500 2.6921945
501 2.5530353
502 2.6400182
503 2.5658476
504 2.6673138
505 2.4219444
506 2.644616
507 2.7263694
508 2.7274537
509 2.5943294
510 2.820505
511 2.6069322
512 2.6574836
513 2.6752663
514 2.65233
515 2.6648297
516 2.6816964
517 2.6939614
518 2.6589186
519 2.6664846
520 2.6175394
521 2.6787431
522 2.6372879
523 2.4807906
524 2.580981
525 2.5945823
526 2.639532
527 2.7104554
528 2.7725704
529 2.6095881
530 2.5913773
531 2.6388502
532 2.7230058
533 2.7049043
534 2.5748303
535 2.608932
536 2.946691
537 2.5955358
538 2.5908575
539 2.634777
540 2.7600565
541 2.5638576
542 2.6713402
543 2.5211294
544 2.4681308
545 2.5947127
546 2.4152837
547 2.6426837
548 2.7424471
549 2.979522
550 2.5485642
551 2.716304
552 2.411331
553 2.6545796
554 2.527898
555 2.5973754
556 2.5438871
557 2.4794674
558 2.609141
559 2.8615794
560 2.5335038
561 2.7015736
562 2.8291779
563 2.685276
564 2.6169634
565 2.7561116
566 2.5635748
567 2.684034
568 2.8729453
569 2.660101
570 2.7868142
571 2.4142282
572 2.638661
573 2.4762197
574 2.5682993
575 2.4424899
576 2.693202
577 2.5789413
578 2.536059
579 2.4769206
580 2.5538697
581 2.5758605
582 2.410725
583 2.5069404
584 2.4897115
585 2.7198129
586 2.5642705
587 2.595636
588 2.7684836
589 2.7020192
590 2.4858832
591 2.5296323
592 2.362991
593 2.4580247
594 2.6160328
595 2.4552789
596 2.3531754
597 2.5116684
598 2.5361805
599 2.4855413
600 2.5026155
601 2.478107
602 2.6986094
603 2.5556474
604 2.6910095
605 2.486262
606 2.4469965
607 2.336328
608 2.4289289
609 2.6315162
610 2.618995
611 2.5143085
612 2.6913962
613 2.6845217
614 2.5157204
615 2.6208298
616 2.4623525
617 2.8035054
618 2.69575
619 2.593054
620 2.611788
621 2.5960143
622 2.6793573
623 2.710042
624 2.5512018
625 2.5999393
626 2.7183983
627 2.625513
628 2.6422465
629 2.7736866
630 2.6372776
631 2.5248117
632 2.839604
633 2.6550095
634 2.4514148
635 2.5889657
636 2.617695
637 2.7131796
638 2.6978796
639 2.596
640 2.5808997
641 2.6191185
642 2.6521595
643 2.616513
644 2.5610492
645 2.4789557
646 2.55672
647 2.6653256
648 2.3960679
649 2.6038592
650 2.5858128
651 2.6741595
652 2.73624
653 2.6461914
654 2.621012
655 2.5978143
656 2.6975944
657 2.6079865
658 2.6004825
659 2.4162989
660 2.4236112
661 2.5289552
662 2.5921273
663 2.6367123
664 2.4904876
665 2.5727866
666 2.5325494
667 2.6299129
668 2.6050901
669 2.5355792
670 2.5748992
671 2.527956
672 2.557324
673 2.5693572
674 2.5233674
675 2.4260998
676 2.5392082
677 2.5594883
678 2.6418748
679 2.6618383
680 2.7053754
681 2.702458
682 2.3029354
683 2.6507943
684 2.5473702
685 2.423245
686 2.5067854
687 2.560018
688 2.428718
689 2.4176488
690 2.6807761
691 2.3462656
692 2.5493155
693 2.5715353
694 2.5118937
695 2.5402293
696 2.4973238
697 2.6950998
698 2.4996276
699 2.5627646
700 2.485457
701 2.751191
702 2.6524417
703 2.61124
704 2.7832692
705 2.6149247
706 2.5496955
707 2.455446
708 2.4146838
709 2.5843062
710 2.517067
711 2.479073
712 2.4264846
713 2.4129934
714 2.4437423
715 2.546775
716 2.3566723
717 2.4228466
718 2.5349982
719 2.679248
720 2.5467713
721 2.5484138
722 2.738482
723 2.31982
724 2.25789
725 2.4565835
726 2.6005454
727 2.3930755
728 2.4903393
729 2.594595
730 2.8337882
731 2.7274659
732 2.5641856
733 2.5419414
734 2.4199386
735 2.7557766
736 2.7062387
737 2.6584861
738 2.5112045
739 2.5475953
740 2.7138536
741 2.6089103
742 2.472237
743 2.489458
744 2.6801643
745 2.516042
746 2.5455766
747 2.6377485
748 2.587809
749 2.5207968
750 2.539784
751 2.4203131
752 2.3745809
753 2.4681456
754 2.5961118
755 2.5146155
756 2.6309552
757 2.5037796
758 2.5740092
759 2.594904
760 2.674345
761 2.4673028
762 2.5370917
763 2.1965156
764 2.7254117
765 2.5061524
766 2.3837142
767 2.4277778
768 2.6228585
769 2.432228
770 2.2766685
771 2.5636935
772 2.461333
773 2.4114223
774 2.6838944
775 2.4224687
776 2.4398615
777 2.4907265
778 2.5312357
779 2.4233942
780 2.517621
781 2.5759213
782 2.6674705
783 2.6086094
784 2.5464282
785 2.4373002
786 2.5212917
787 2.4779088
788 2.520333
789 2.488356
790 2.6189272
791 2.7107372
792 2.4873948
793 2.463171
794 2.6812243
795 2.5769827
796 2.4180593
797 2.4260774
798 2.5185711
799 2.5021446
800 2.4701128
801 2.504259
802 2.4512658
803 2.540975
804 2.5370936
805 2.5855358
806 2.2998989
807 2.4142802
808 2.4512923
809 2.5079584
810 2.6515641
811 2.5380597
812 2.7887607
813 2.6528006
814 2.4425232
815 2.4520097
816 2.6005428
817 2.7495785
818 2.5711572
819 2.5514872
820 2.4340768
821 2.5937557
822 2.488042
823 2.4247124
824 2.4764037
825 2.366858
826 2.378066
827 2.3695972
828 2.4550617
829 2.4851937
830 2.2963948
831 2.425661
832 2.401082
833 2.5516086
834 2.4389644
835 2.5261354
836 2.5268128
837 2.5308049
838 2.4865851
839 2.575264
840 2.785108
841 2.4250803
842 2.5513017
843 2.5264816
844 2.715241
845 2.4988322
846 2.4059396
847 2.4846165
848 2.4214098
849 2.3718448
850 2.350284
851 2.5149493
852 2.4242232
853 2.3634286
854 2.4225187
855 2.3880725
856 2.683554
857 2.59269
858 2.4695184
859 2.5457094
860 2.6006029
861 2.4749377
862 2.5534549
863 2.499964
864 2.598056
865 2.2948828
866 2.155271
867 2.4574075
868 2.3829541
869 2.426237
870 2.707621
871 2.4994721
872 2.446817
873 2.426656
874 2.5396423
875 2.4076314
876 2.3417206
877 2.4335184
878 2.3853784
879 2.624028
880 2.4537215
881 2.6464105
882 2.420446
883 2.3851552
884 2.6247997
885 2.4562464
886 2.6430743
887 2.706718
888 2.537917
889 2.4421997
890 2.4538116
891 2.3401399
892 2.36175
893 2.3934896
894 2.3626528
895 2.3858256
896 2.423381
897 2.506185
898 2.536969
899 2.6445405
900 2.4430425
901 2.592429
902 2.5469432
903 2.3669996
904 2.5534286
905 2.3848677
906 2.427485
907 2.2771401
908 2.6671464
909 2.593346
910 2.3279793
911 2.5281472
912 2.4954457
913 2.588229
914 2.5991573
915 2.5173802
916 2.5345244
917 2.596843
918 2.6748612
919 2.499375
920 2.4473386
921 2.7032113
922 2.3400662
923 2.4278102
924 2.361797
925 2.4886615
926 2.6085207
927 2.4207664
928 2.521607
929 2.4133449
930 2.5760887
931 2.667294
932 2.5818439
933 2.4950097
934 2.5523896
935 2.264889
936 2.5166638
937 2.7764747
938 2.460429
939 2.500607
940 2.435793
941 2.483087
942 2.4407878
943 2.4447114
944 2.565988
945 2.5512428
946 2.4768891
947 2.6152453
948 2.5031137
949 2.585823
950 2.46248
951 2.6485145
952 2.4864335
953 2.41446
954 2.5793777
955 2.4822981
956 2.4922175
957 2.4524107
958 2.4772675
959 2.5822408
960 2.3688703
961 2.5309587
962 2.5737014
963 2.5424683
964 2.4308908
965 2.529651
966 2.638393
967 2.3575811
968 2.4600422
969 2.5166287
970 2.772695
971 2.2091238
972 2.3897135
973 2.5107913
974 2.5093555
975 2.5398612
976 2.609586
977 2.5128121
978 2.5795245
979 2.575603
980 2.5160942
981 2.6096334
982 2.4517422
983 2.4272964
984 2.36002
985 2.4043095
986 2.430937
987 2.47966
988 2.2472296
989 2.4638054
990 2.5683029
991 2.523061
992 2.6645775
993 2.5459247
994 2.3699992
995 2.6842647
996 2.4496324
997 2.3907492
998 2.5915506
999 2.483762
1000 2.474759
