1 204.34308
2 203.61118
3 202.73137
4 200.96564
5 198.00562
6 191.70903
7 180.75453
8 166.45683
9 145.92245
10 123.03894
11 98.017136
12 77.54269
13 62.314922
14 52.841408
15 46.42095
16 41.89134
17 39.07023
18 38.2211
19 38.435894
20 38.697502
21 39.560394
22 40.015316
23 40.105927
24 40.42209
25 40.2105
26 40.32296
27 40.221672
28 40.07648
29 39.69325
30 39.34433
31 38.873867
32 38.43587
33 38.443687
34 37.93241
35 37.894176
36 37.622486
37 37.367573
38 37.058594
39 37.12329
40 36.949646
41 36.875404
42 36.908752
43 36.7997
44 36.787193
45 36.990124
46 36.478184
47 36.793648
48 36.42466
49 36.01365
50 36.291924
51 36.359444
52 36.30467
53 36.095314
54 36.050426
55 36.422424
56 36.51676
57 37.0458
58 36.7377
59 37.266506
60 37.897575
61 37.8474
62 38.233204
63 38.403004
64 38.09981
65 37.84748
66 38.215343
67 38.405132
68 37.839115
69 37.79406
70 37.645546
71 37.71611
72 37.967796
73 38.19091
74 38.223576
75 38.572456
76 39.889687
77 38.139874
78 38.44776
79 39.119812
80 37.23357
81 37.682793
82 36.26112
83 34.750847
84 35.14506
85 38.28369
86 38.34917
87 37.88446
88 38.395966
89 40.761993
90 42.57518
91 43.592533
92 42.53439
93 36.032646
94 37.012688
95 37.002056
96 34.18801
97 34.272625
98 34.623817
99 34.673347
100 35.16317
101 34.17793
102 32.681076
103 34.331013
104 35.938206
105 32.049343
106 33.045418
107 32.7423
108 31.926641
109 35.410355
110 36.76177
111 34.25246
112 35.558064
113 32.11211
114 31.660717
115 32.12705
116 29.637487
117 31.7013
118 28.994202
119 27.97713
120 28.756397
121 31.01092
122 27.317997
123 28.875177
124 29.029715
125 28.338684
126 29.561695
127 31.499218
128 33.12645
129 30.233837
130 34.30003
131 30.926624
132 30.860489
133 31.122244
134 31.217014
135 30.687393
136 33.156445
137 29.888912
138 31.95171
139 31.335163
140 31.41924
141 30.56132
142 28.89396
143 28.337265
144 29.2379
145 29.979
146 28.794046
147 27.015299
148 28.621088
149 28.864872
150 28.88825
151 29.613607
152 29.379261
153 30.866419
154 30.99258
155 30.046528
156 31.723953
157 29.485601
158 32.692184
159 29.431896
160 28.650415
161 29.00314
162 28.493246
163 27.85048
164 26.53475
165 25.887264
166 26.626251
167 26.186148
168 28.520687
169 26.838385
170 27.003576
171 25.51434
172 26.06275
173 26.02322
174 25.895626
175 26.590937
176 28.176401
177 24.210072
178 25.54136
179 24.044308
180 22.996563
181 23.843967
182 23.393024
183 25.580997
184 24.667225
185 25.379623
186 25.790073
187 23.27812
188 25.67596
189 23.8392
190 24.19069
191 23.14324
192 24.708902
193 24.741146
194 23.396809
195 25.547085
196 24.724277
197 25.05163
198 23.99612
199 23.225574
200 23.385017
201 24.63964
202 23.627392
203 24.324928
204 25.669422
205 24.42102
206 27.84231
207 26.941334
208 25.808552
209 27.859735
210 28.684307
211 26.667994
212 26.038233
213 27.443838
214 24.455446
215 23.186543
216 23.435024
217 22.54481
218 24.480341
219 26.20119
220 26.09545
221 23.536434
222 27.070974
223 23.296398
224 24.343332
225 24.853287
226 22.661482
227 22.557383
228 23.830345
229 24.203964
230 24.203434
231 20.950565
232 23.547531
233 21.968065
234 21.625036
235 22.070349
236 22.909603
237 26.631252
238 26.23883
239 26.540155
240 25.618801
241 27.788433
242 24.54493
243 27.216297
244 25.588953
245 23.970997
246 21.458496
247 20.834213
248 21.073874
249 20.051517
250 21.442062
251 20.099754
252 21.00858
253 20.4222
254 23.505527
255 22.772205
256 21.848522
257 23.242836
258 25.043564
259 23.467716
260 23.251873
261 23.564816
262 22.212063
263 20.499763
264 20.467407
265 19.92666
266 19.467152
267 21.097256
268 20.571802
269 19.100395
270 18.984539
271 19.387135
272 20.03963
273 22.126358
274 22.156406
275 21.834799
276 22.56134
277 21.72314
278 22.813114
279 22.101332
280 23.335745
281 23.505167
282 22.506899
283 21.131071
284 19.957335
285 20.868252
286 22.14568
287 23.18891
288 20.109604
289 20.745647
290 21.844599
291 22.182953
292 22.97345
293 22.244038
294 23.538906
295 22.276402
296 22.095648
297 22.612795
298 22.48882
299 22.559797
300 21.040308
301 20.968658
302 21.80353
303 22.76352
304 23.151726
305 22.728662
306 22.286526
307 22.283415
308 22.094849
309 21.313713
310 21.771269
311 21.032978
312 19.896423
313 20.054852
314 19.811268
315 20.03591
316 20.978981
317 21.313305
318 19.849968
319 20.362873
320 20.025599
321 19.49446
322 20.742968
323 22.21221
324 21.337774
325 21.045467
326 20.365454
327 20.898785
328 21.098383
329 21.177309
330 19.300049
331 20.44371
332 21.023077
333 20.638264
334 19.318789
335 19.583303
336 18.273783
337 18.13138
338 18.985077
339 21.307001
340 20.473621
341 20.230307
342 20.420368
343 20.04011
344 19.604382
345 20.765942
346 20.803883
347 21.65308
348 21.74231
349 21.509693
350 22.3412
351 22.685019
352 22.979568
353 23.400629
354 23.064655
355 21.99891
356 22.486553
357 21.538557
358 20.17952
359 18.801407
360 19.485624
361 20.184723
362 20.140663
363 19.58051
364 18.835424
365 19.468517
366 20.333696
367 21.80861
368 21.182796
369 21.56971
370 20.854248
371 21.523167
372 20.234224
373 20.88699
374 21.216516
375 21.551954
376 21.396673
377 20.115244
378 20.526815
379 20.4771
380 18.674809
381 18.331768
382 19.116344
383 18.21574
384 18.477535
385 18.312984
386 18.672441
387 19.417973
388 18.12323
389 19.51881
390 18.343884
391 21.140997
392 20.415594
393 19.873667
394 18.846214
395 19.502323
396 20.159931
397 19.593647
398 17.989483
399 21.169626
400 20.584446
401 19.78198
402 18.870815
403 18.795826
404 21.06047
405 19.665195
406 20.33866
407 18.825462
408 20.336468
409 18.860056
410 19.519049
411 19.689884
412 19.623491
413 20.57588
414 20.00277
415 20.27329
416 19.618338
417 19.033749
418 19.727236
419 19.39072
420 19.605274
421 19.99525
422 20.685654
423 20.613926
424 19.350733
425 19.769072
426 20.99778
427 21.162277
428 20.604416
429 19.806412
430 20.545044
431 19.97266
432 21.907429
433 19.94308
434 19.525862
435 18.56259
436 18.782751
437 17.861252
438 19.7792
439 19.492767
440 18.75069
441 19.097408
442 19.416786
443 19.397165
444 19.524109
445 19.101492
446 19.018164
447 19.724539
448 19.365814
449 15.854822
450 18.807148
451 18.910095
452 18.116695
453 18.566408
454 20.011444
455 19.28146
456 19.251392
457 18.411911
458 18.510334
459 19.76401
460 19.96183
461 20.314487
462 20.378788
463 19.27572
464 17.952875
465 18.956488
466 17.788485
467 18.89802
468 18.031078
469 18.154596
470 18.405575
471 18.975594
472 18.028967
473 19.439863
474 18.062346
475 18.509228
476 17.848928
477 19.563309
478 18.959028
479 18.098995
480 19.360403
481 18.940083
482 18.09622
483 18.747034
484 19.096195
485 18.225447
486 16.16235
487 17.64097
488 18.105427
489 16.996992
490 17.05282
491 18.045414
492 17.725857
493 18.62033
494 19.297981
495 18.021708
496 16.842194
497 17.806038
498 19.613464
499 18.625513
500 19.805279
501 18.44458
502 18.06988
503 18.486473
504 20.055925
505 18.670605
506 19.767614
507 20.116192
508 19.807125
509 19.478107
510 19.502008
511 18.68891
512 19.938059
513 18.53304
514 19.213797
515 18.061474
516 19.441883
517 18.730083
518 20.020838
519 19.980305
520 18.688858
521 17.909292
522 18.952374
523 18.872004
524 18.838871
525 18.601467
526 18.552671
527 18.812809
528 18.939888
529 19.164177
530 18.789093
531 18.429184
532 18.814602
533 19.645056
534 17.098742
535 18.355297
536 19.406424
537 18.061665
538 18.674026
539 18.609537
540 19.477703
541 18.407978
542 19.112537
543 18.586493
544 17.707127
545 19.578077
546 17.388803
547 17.728237
548 18.053286
549 20.24104
550 17.91499
551 18.527893
552 18.258167
553 18.716476
554 18.133846
555 18.045286
556 16.98576
557 17.6917
558 18.93214
559 20.383272
560 19.389353
561 19.598042
562 19.949207
563 20.107311
564 21.275726
565 20.30383
566 19.338814
567 18.481085
568 19.616608
569 19.281359
570 18.668427
571 18.126078
572 18.43491
573 18.44486
574 19.151104
575 19.636108
576 19.57658
577 17.849613
578 18.215448
579 18.725357
580 20.127213
581 18.729574
582 17.648907
583 18.16792
584 17.825811
585 18.636219
586 17.777945
587 16.829178
588 17.30147
589 17.80424
590 17.690355
591 17.29343
592 17.44411
593 17.347849
594 17.661001
595 16.470163
596 16.146517
597 17.617483
598 17.967953
599 17.048489
600 16.589882
601 17.6969
602 17.932673
603 18.775291
604 17.590359
605 17.724451
606 16.827328
607 15.4670105
608 17.135956
609 16.597164
610 17.303715
611 16.867413
612 17.218975
613 17.473095
614 17.076656
615 17.285616
616 15.966649
617 17.57047
618 17.949728
619 17.346088
620 17.010311
621 17.745045
622 18.015827
623 17.773558
624 18.05014
625 18.673437
626 19.372828
627 18.963856
628 17.506947
629 18.958523
630 17.67915
631 16.947193
632 16.542889
633 16.905987
634 18.379932
635 17.38587
636 18.397118
637 16.3306
638 16.975338
639 17.558472
640 17.233006
641 17.942204
642 18.891445
643 18.816214
644 17.628185
645 18.38286
646 17.895947
647 19.472706
648 18.896538
649 19.439081
650 18.746756
651 18.651434
652 17.950304
653 19.768063
654 18.893616
655 17.871143
656 17.353256
657 18.872545
658 19.155226
659 18.835077
660 17.699821
661 18.596178
662 18.773758
663 17.857439
664 18.601124
665 18.452486
666 17.709894
667 17.52808
668 17.621487
669 17.30328
670 17.507189
671 17.377193
672 17.108624
673 17.62092
674 16.965595
675 18.736887
676 18.05205
677 17.866581
678 17.526798
679 18.932178
680 18.510336
681 18.529789
682 17.009447
683 17.724789
684 18.130291
685 17.443537
686 17.453896
687 17.05716
688 16.606024
689 16.310856
690 17.894665
691 15.273799
692 16.05341
693 16.718725
694 16.779613
695 16.361614
696 16.649773
697 18.266073
698 16.215565
699 17.495667
700 17.118137
701 17.092009
702 17.329489
703 17.09393
704 18.377895
705 18.37806
706 17.301764
707 18.091347
708 17.268795
709 18.67326
710 17.992805
711 17.909367
712 17.892076
713 18.670254
714 17.103962
715 17.543118
716 18.113358
717 16.983706
718 16.986618
719 17.479584
720 17.623884
721 18.2115
722 19.300243
723 15.769033
724 17.254297
725 17.294224
726 16.130123
727 15.976316
728 18.002323
729 16.402672
730 19.40047
731 18.12887
732 16.722567
733 17.478577
734 16.87413
735 17.931684
736 18.09217
737 17.736835
738 17.663448
739 18.670986
740 18.241901
741 18.179556
742 18.491327
743 18.236828
744 19.051853
745 17.838104
746 16.99914
747 18.056961
748 18.194422
749 18.170876
750 17.433868
751 16.77353
752 15.601301
753 16.704823
754 17.035984
755 16.660015
756 16.531498
757 17.313532
758 17.792576
759 17.495987
760 16.666645
761 18.066378
762 17.374033
763 17.4442
764 16.859882
765 18.07481
766 17.895481
767 17.382029
768 17.480167
769 17.70711
770 17.480835
771 17.097725
772 16.9125
773 17.40696
774 19.142841
775 17.173733
776 17.869389
777 17.241203
778 17.684174
779 18.17813
780 17.582962
781 17.021412
782 17.87344
783 17.634602
784 16.844618
785 17.262495
786 18.074451
787 17.89085
788 17.038761
789 16.405087
790 17.081343
791 17.190516
792 16.809906
793 17.349562
794 17.597363
795 17.469627
796 17.28761
797 17.193817
798 17.537785
799 17.24405
800 16.796122
801 17.722342
802 16.262836
803 18.123196
804 16.806122
805 16.562187
806 16.331202
807 15.243579
808 15.85788
809 16.487432
810 17.665262
811 16.827944
812 17.174435
813 17.157965
814 16.77352
815 16.441189
816 17.723228
817 18.034817
818 17.65982
819 17.146847
820 16.018362
821 16.23241
822 18.542189
823 16.3223
824 18.050213
825 17.094585
826 16.54165
827 17.72752
828 16.452353
829 17.423126
830 16.561836
831 17.095173
832 17.552628
833 16.759604
834 16.575583
835 18.059776
836 17.806738
837 17.186735
838 17.324947
839 16.932257
840 17.04525
841 17.076609
842 17.359474
843 17.962933
844 18.208252
845 18.023632
846 16.879988
847 16.91971
848 16.135605
849 15.369036
850 16.672728
851 17.070929
852 17.717798
853 18.076519
854 16.579697
855 16.209322
856 17.844002
857 17.600227
858 16.641403
859 16.875317
860 17.039124
861 15.475415
862 16.126947
863 16.30127
864 16.480837
865 15.416651
866 14.635862
867 16.132835
868 15.823934
869 16.097256
870 17.311028
871 17.326805
872 17.831806
873 16.725513
874 17.46606
875 16.430069
876 15.831514
877 16.082127
878 16.719553
879 16.821007
880 15.896962
881 16.786137
882 16.597363
883 16.007547
884 17.855234
885 16.27778
886 17.499582
887 17.324236
888 17.574856
889 16.8846
890 15.735471
891 15.189476
892 16.372898
893 17.164547
894 16.002354
895 16.162964
896 16.493078
897 17.603418
898 18.369923
899 19.050516
900 17.981787
901 17.568104
902 16.404366
903 17.041126
904 17.267143
905 16.179113
906 16.243176
907 17.774408
908 17.46258
909 17.500782
910 16.730362
911 16.930496
912 16.034292
913 18.323353
914 17.89361
915 17.922588
916 17.172785
917 19.233582
918 18.055933
919 17.053226
920 16.675644
921 18.169853
922 16.48867
923 17.758595
924 17.070742
925 16.191036
926 18.188648
927 15.626684
928 17.777813
929 17.515928
930 17.999905
931 17.490234
932 17.252996
933 18.064636
934 17.077122
935 17.42838
936 17.54855
937 18.864063
938 16.559725
939 16.92663
940 17.539059
941 16.501179
942 15.427577
943 17.162754
944 17.262379
945 17.511936
946 16.904177
947 18.564686
948 17.508163
949 17.750143
950 17.573874
951 17.905746
952 17.80309
953 17.172022
954 17.791286
955 16.974907
956 17.204723
957 17.156898
958 17.230474
959 15.781855
960 15.588518
961 16.6073
962 17.17452
963 16.744053
964 16.39687
965 16.469875
966 18.068264
967 16.536154
968 16.986324
969 17.396906
970 17.133839
971 15.249945
972 15.947111
973 16.658205
974 15.612215
975 16.637634
976 17.31908
977 17.019989
978 16.739391
979 17.07304
980 16.43248
981 17.26846
982 17.145527
983 17.302044
984 16.029125
985 15.711451
986 17.363743
987 17.298176
988 16.917604
989 16.496851
990 18.315424
991 17.752033
992 20.613483
993 18.242939
994 16.607847
995 17.728817
996 17.224012
997 17.182156
998 17.894892
999 16.995678
1000 17.323307
