op_memory sequence_length batch_size num_layers num_units num_steps
3150592 10 16 1 100 50
9508608 10 16 1 200 50
47336448 10 16 1 500 50
177426944 10 16 1 1000 50
681387008 10 16 1 2000 50
5599488 10 16 2 100 50
18806016 10 16 2 200 50
107354112 10 16 2 500 50
348396544 10 16 2 1000 50
1353948928 10 16 2 2000 50
7338496 10 16 3 100 50
30483968 10 16 3 200 50
162917376 10 16 3 500 50
623551744 10 16 3 1000 50
1977771776 10 16 3 2000 50
10201600 10 16 4 100 50
37165568 10 16 4 200 50
179797248 10 16 4 500 50
689632512 10 16 4 1000 50
2695072512 10 16 4 2000 50
4284416 10 32 1 100 50
12314112 10 32 1 200 50
65692416 10 32 1 500 50
190059264 10 32 1 1000 50
709189632 10 32 1 2000 50
8035072 10 32 2 100 50
21922560 10 32 2 200 50
114733056 10 32 2 500 50
366354432 10 32 2 1000 50
1392877312 10 32 2 2000 50
9571840 10 32 3 100 50
31638784 10 32 3 200 50
178107648 10 32 3 500 50
652587520 10 32 3 1000 50
2035397376 10 32 3 2000 50
15726080 10 32 4 100 50
40935680 10 32 4 200 50
195787520 10 32 4 500 50
719435520 10 32 4 1000 50
2757690112 10 32 4 2000 50
7709440 10 64 1 100 50
18283520 10 64 1 200 50
65918976 10 64 1 500 50
217727744 10 64 1 1000 50
763736064 10 64 1 2000 50
10373888 10 64 2 100 50
33061888 10 64 2 200 50
127335424 10 64 2 500 50
407392256 10 64 2 1000 50
1467271680 10 64 2 2000 50
14583808 10 64 3 100 50
41204736 10 64 3 200 50
207582208 10 64 3 500 50
711937280 10 64 3 1000 50
2153069568 10 64 3 2000 50
21392896 10 64 4 100 50
63297024 10 64 4 200 50
247087616 10 64 4 500 50
783134720 10 64 4 1000 50
2878434304 10 64 4 2000 50
13705984 10 128 1 100 50
32495616 10 128 1 200 50
88157952 10 128 1 500 50
263660544 10 128 1 1000 50
877946368 10 128 1 2000 50
21350400 10 128 2 100 50
43759616 10 128 2 200 50
152097536 10 128 2 500 50
512463872 10 128 2 1000 50
1625279488 10 128 2 2000 50
32495616 10 128 3 100 50
72552192 10 128 3 200 50
282327552 10 128 3 500 50
831096832 10 128 3 1000 50
2389454848 10 128 3 2000 50
34784768 10 128 4 100 50
85988352 10 128 4 200 50
322023424 10 128 4 500 50
988456960 10 128 4 1000 50
3132227584 10 128 4 2000 50
4009216 20 16 1 100 50
11566336 20 16 1 200 50
52552704 20 16 1 500 50
187307264 20 16 1 1000 50
703934464 20 16 1 2000 50
7805440 20 16 2 100 50
21359360 20 16 2 200 50
114605056 20 16 2 500 50
363143168 20 16 2 1000 50
1384684032 20 16 2 2000 50
9513472 20 16 3 100 50
31408384 20 16 3 200 50
174890496 20 16 3 500 50
647082240 20 16 3 1000 50
2024388096 20 16 3 2000 50
12493824 20 16 4 100 50
39604480 20 16 4 200 50
191815680 20 16 4 500 50
712522240 20 16 4 1000 50
2743866112 20 16 4 2000 50
6493440 20 32 1 100 50
15723520 20 32 1 200 50
65470976 20 32 1 500 50
210423040 20 32 1 1000 50
744789504 20 32 1 2000 50
10150912 20 32 2 100 50
26450944 20 32 2 200 50
126291456 20 32 2 500 50
397152256 20 32 2 1000 50
1451911680 20 32 2 2000 50
17067008 20 32 3 100 50
39924736 20 32 3 200 50
198624768 20 32 3 500 50
703489280 20 32 3 1000 50
2132082176 20 32 3 2000 50
17317888 20 32 4 100 50
50017792 20 32 4 200 50
245290496 20 32 4 500 50
770337280 20 32 4 1000 50
2851814912 20 32 4 2000 50
9889792 20 64 1 100 50
22557952 20 64 1 200 50
79694592 20 64 1 500 50
261868544 20 64 1 1000 50
835962368 20 64 1 2000 50
17623296 20 64 2 100 50
43759616 20 64 2 200 50
148565248 20 64 2 500 50
508781568 20 64 2 1000 50
1587388416 20 64 2 2000 50
31932416 20 64 3 100 50
67160832 20 64 3 200 50
255719424 20 64 3 500 50
782491648 20 64 3 1000 50
2339278848 20 64 3 2000 50
32495616 20 64 4 100 50
68540416 20 64 4 200 50
306663424 20 64 4 500 50
982225920 20 64 4 1000 50
3068739584 20 64 4 2000 50
20828160 20 128 1 100 50
42439680 20 128 1 200 50
135672064 20 128 1 500 50
318211328 20 128 1 1000 50
1047390208 20 128 1 2000 50
32282624 20 128 2 100 50
72251392 20 128 2 200 50
198997504 20 128 2 500 50
636450816 20 128 2 1000 50
1858322688 20 128 2 2000 50
52767232 20 128 3 100 50
115312640 20 128 3 200 50
353314816 20 128 3 500 50
1023361024 20 128 3 1000 50
2650401536 20 128 3 2000 50
64504320 20 128 4 100 50
133148672 20 128 4 200 50
385126400 20 128 4 500 50
1226625024 20 128 4 1000 50
3403606272 20 128 4 2000 50
6460928 50 16 1 100 50
19389184 50 16 1 200 50
70048512 50 16 1 500 50
210488576 50 16 1 1000 50
750419968 50 16 1 2000 50
10629888 50 16 2 100 50
35173888 50 16 2 200 50
132567552 50 16 2 500 50
406022656 50 16 2 1000 50
1516971776 50 16 2 2000 50
16729344 50 16 3 100 50
42840832 50 16 3 200 50
199671552 50 16 3 500 50
698496512 50 16 3 1000 50
2127217408 50 16 3 2000 50
18317056 50 16 4 100 50
63330560 50 16 4 200 50
246881280 50 16 4 500 50
787707648 50 16 4 1000 50
2982447872 50 16 4 2000 50
10540032 50 32 1 100 50
24297984 50 32 1 200 50
82195200 50 32 1 500 50
280282624 50 32 1 1000 50
824697088 50 32 1 2000 50
17490944 50 32 2 100 50
45416448 50 32 2 200 50
159038720 50 32 2 500 50
515950848 50 32 2 1000 50
1593335808 50 32 2 2000 50
27902976 50 32 3 100 50
66473216 50 32 3 200 50
291462912 50 32 3 500 50
786633984 50 32 3 1000 50
2307536896 50 32 3 2000 50
32493056 50 32 4 100 50
72477184 50 32 4 200 50
302150912 50 32 4 500 50
987504896 50 32 4 1000 50
3102130176 50 32 4 2000 50
19226368 50 64 1 100 50
39901184 50 64 1 200 50
142532096 50 64 1 500 50
333122816 50 64 1 1000 50
1095520768 50 64 1 2000 50
31888384 50 64 2 100 50
70800896 50 64 2 200 50
288589824 50 64 2 500 50
613379072 50 64 2 1000 50
1848087808 50 64 2 2000 50
50107392 50 64 3 100 50
111283968 50 64 3 200 50
319845376 50 64 3 500 50
1021441024 50 64 3 1000 50
2637213440 50 64 3 2000 50
53947904 50 64 4 100 50
131494400 50 64 4 200 50
532114432 50 64 4 500 50
1187623424 50 64 4 1000 50
3537106176 50 64 4 2000 50
37417984 50 128 1 100 50
78328832 50 128 1 200 50
205154560 50 128 1 500 50
507462656 50 128 1 1000 50
1331368704 50 128 1 2000 50
59987200 50 128 2 100 50
131722752 50 128 2 200 50
456842496 50 128 2 500 50
799326976 50 128 2 1000 50
2357868800 50 128 2 2000 50
98416640 50 128 3 100 50
200818432 50 128 3 200 50
526337024 50 128 3 500 50
1254260736 50 128 3 1000 50
3405534464 50 128 3 2000 50
99494400 50 128 4 100 50
216307712 50 128 4 200 50
571341568 50 128 4 500 50
1591650560 50 128 4 1000 50
4292780288 50 128 4 2000 50
10540032 100 16 1 100 50
23542784 100 16 1 200 50
81861632 100 16 1 500 50
246906112 100 16 1 1000 50
817522688 100 16 1 2000 50
16940544 100 16 2 100 50
39173632 100 16 2 200 50
158513152 100 16 2 500 50
515163648 100 16 2 1000 50
1574385408 100 16 2 2000 50
27275776 100 16 3 100 50
65298432 100 16 3 200 50
287770880 100 16 3 500 50
773321984 100 16 3 1000 50
2294992896 100 16 3 2000 50
32493056 100 16 4 100 50
70685184 100 16 4 200 50
297779712 100 16 4 500 50
985712896 100 16 4 1000 50
3072434176 100 16 4 2000 50
19815168 100 32 1 100 50
39808000 100 32 1 200 50
126308864 100 32 1 500 50
325417216 100 32 1 1000 50
958073856 100 32 1 2000 50
31666688 100 32 2 100 50
68526080 100 32 2 200 50
282681856 100 32 2 500 50
611587072 100 32 2 1000 50
1808151040 100 32 2 2000 50
49257472 100 32 3 100 50
108320512 100 32 3 200 50
312282624 100 32 3 500 50
1018437120 100 32 3 1000 50
2584988672 100 32 3 2000 50
52155904 100 32 4 100 50
119667712 100 32 4 200 50
530311680 100 32 4 500 50
1169605120 100 32 4 1000 50
3472594176 100 32 4 2000 50
38262784 100 64 1 100 50
80018432 100 64 1 200 50
190826496 100 64 1 500 50
444371200 100 64 1 1000 50
1297563136 100 64 1 2000 50
57307904 100 64 2 100 50
119728128 100 64 2 200 50
443225344 100 64 2 500 50
789062656 100 64 2 1000 50
2281576704 100 64 2 2000 50
92984832 100 64 3 100 50
198283264 100 64 3 200 50
523188224 100 64 3 500 50
1217468160 100 64 3 1000 50
3274581248 100 64 3 2000 50
99338752 100 64 4 100 50
207119360 100 64 4 200 50
550253568 100 64 4 500 50
1443634432 100 64 4 1000 50
4277795072 100 64 4 2000 50
77777920 100 128 1 100 50
158997504 100 128 1 200 50
344746752 100 128 1 500 50
763488256 100 128 1 1000 50
1878711040 100 128 1 2000 50
114538752 100 128 2 100 50
230831616 100 128 2 200 50
575597056 100 128 2 500 50
1213459200 100 128 2 1000 50
3154116864 100 128 2 2000 50
181816832 100 128 3 100 50
373736192 100 128 3 200 50
855764992 100 128 3 500 50
1859299328 100 128 3 1000 50
4461120256 100 128 3 2000 50
185966080 100 128 4 100 50
397717504 100 128 4 200 50
932033280 100 128 4 500 50
2198876416 100 128 4 1000 50
5774158080 100 128 4 2000 50
