op_memory sequence_length batch_size num_layers num_units num_steps
3150592 10 16 1 100 50
9508608 10 16 1 200 50
47336448 10 16 1 500 50
177426944 10 16 1 1000 50
681387008 10 16 1 2000 50
4961792 10 16 2 100 50
15754496 10 16 2 200 50
80890880 10 16 2 500 50
312061440 10 16 2 1000 50
1218264832 10 16 2 2000 50
6522112 10 16 3 100 50
19667712 10 16 3 200 50
107052800 10 16 3 500 50
411836672 10 16 3 1000 50
1611429120 10 16 3 2000 50
8272896 10 16 4 100 50
26411008 10 16 4 200 50
133995520 10 16 4 500 50
522551040 10 16 4 1000 50
2048628480 10 16 4 2000 50
4284416 10 32 1 100 50
12314112 10 32 1 200 50
65692416 10 32 1 500 50
190059264 10 32 1 1000 50
709189632 10 32 1 2000 50
6855680 10 32 2 100 50
18544640 10 32 2 200 50
85978624 10 32 2 500 50
324146432 10 32 2 1000 50
1245037824 10 32 2 2000 50
8288768 10 32 3 100 50
25157120 10 32 3 200 50
123137280 10 32 3 500 50
428225792 10 32 3 1000 50
1645479168 10 32 3 2000 50
10132480 10 32 4 100 50
33163520 10 32 4 200 50
147630336 10 32 4 500 50
540299008 10 32 4 1000 50
2088076800 10 32 4 2000 50
7709440 10 64 1 100 50
18283520 10 64 1 200 50
65918976 10 64 1 500 50
217727744 10 64 1 1000 50
763736064 10 64 1 2000 50
10392320 10 64 2 100 50
23796992 10 64 2 200 50
103815168 10 64 2 500 50
346437376 10 64 2 1000 50
1295610880 10 64 2 2000 50
11926528 10 64 3 100 50
32343808 10 64 3 200 50
132292352 10 64 3 500 50
496765440 10 64 3 1000 50
1713600000 10 64 3 2000 50
15728640 10 64 4 100 50
42447616 10 64 4 200 50
166252032 10 64 4 500 50
592541440 10 64 4 1000 50
2160609280 10 64 4 2000 50
13705984 10 128 1 100 50
32495616 10 128 1 200 50
88157952 10 128 1 500 50
263660544 10 128 1 1000 50
877946368 10 128 1 2000 50
17797888 10 128 2 100 50
41159936 10 128 2 200 50
132869120 10 128 2 500 50
416831488 10 128 2 1000 50
1390212608 10 128 2 2000 50
22293248 10 128 3 100 50
51256576 10 128 3 200 50
171558912 10 128 3 500 50
527022848 10 128 3 1000 50
1993913344 10 128 3 2000 50
27858688 10 128 4 100 50
66050048 10 128 4 200 50
234726912 10 128 4 500 50
670261248 10 128 4 1000 50
2376953344 10 128 4 2000 50
4009216 20 16 1 100 50
11566336 20 16 1 200 50
52552704 20 16 1 500 50
187307264 20 16 1 1000 50
703934464 20 16 1 2000 50
6138368 20 16 2 100 50
17951744 20 16 2 200 50
84619776 20 16 2 500 50
321524992 20 16 2 1000 50
1240674816 20 16 2 2000 50
8195072 20 16 3 100 50
23948544 20 16 3 200 50
124530432 20 16 3 500 50
425202688 20 16 3 1000 50
1639463168 20 16 3 2000 50
10115072 20 16 4 100 50
32476160 20 16 4 200 50
145217280 20 16 4 500 50
537916928 20 16 4 1000 50
2086800640 20 16 4 2000 50
6493440 20 32 1 100 50
15723520 20 32 1 200 50
65470976 20 32 1 500 50
210423040 20 32 1 1000 50
744789504 20 32 1 2000 50
8614912 20 32 2 100 50
22184192 20 32 2 200 50
96830976 20 32 2 500 50
337842432 20 32 2 1000 50
1280638976 20 32 2 2000 50
11692800 20 32 3 100 50
32500736 20 32 3 200 50
133091840 20 32 3 500 50
456494592 20 32 3 1000 50
1696442880 20 32 3 2000 50
14882048 20 32 4 100 50
40641536 20 32 4 200 50
165612288 20 32 4 500 50
583263488 20 32 4 1000 50
2145837568 20 32 4 2000 50
9889792 20 64 1 100 50
22557952 20 64 1 200 50
79694592 20 64 1 500 50
261868544 20 64 1 1000 50
835962368 20 64 1 2000 50
15216384 20 64 2 100 50
34913536 20 64 2 200 50
123461120 20 64 2 500 50
407683328 20 64 2 1000 50
1348988416 20 64 2 2000 50
19682048 20 64 3 100 50
44401920 20 64 3 200 50
163349248 20 64 3 500 50
532352000 20 64 3 1000 50
1863257088 20 64 3 2000 50
23398400 20 64 4 100 50
56888576 20 64 4 200 50
202261248 20 64 4 500 50
684704000 20 64 4 1000 50
2331622912 20 64 4 2000 50
20828160 20 128 1 100 50
42439680 20 128 1 200 50
135672064 20 128 1 500 50
318211328 20 128 1 1000 50
1047390208 20 128 1 2000 50
24148224 20 128 2 100 50
60912896 20 128 2 200 50
185656064 20 128 2 500 50
493828096 20 128 2 1000 50
1532766208 20 128 2 2000 50
34199808 20 128 3 100 50
76279808 20 128 3 200 50
229913088 20 128 3 500 50
653378816 20 128 3 1000 50
2129324032 20 128 3 2000 50
41423104 20 128 4 100 50
95435008 20 128 4 200 50
290594816 20 128 4 500 50
809094400 20 128 4 1000 50
2636268032 20 128 4 2000 50
6460928 50 16 1 100 50
19389184 50 16 1 200 50
70048512 50 16 1 500 50
210488576 50 16 1 1000 50
750419968 50 16 1 2000 50
10984960 50 16 2 100 50
24477184 50 16 2 200 50
102640640 50 16 2 500 50
336627968 50 16 2 1000 50
1287163904 50 16 2 2000 50
13112832 50 16 3 100 50
34590976 50 16 3 200 50
141573376 50 16 3 500 50
460258304 50 16 3 1000 50
1723423744 50 16 3 2000 50
16915968 50 16 4 100 50
43609600 50 16 4 200 50
167429376 50 16 4 500 50
600779776 50 16 4 1000 50
2148525568 50 16 4 2000 50
10540032 50 32 1 100 50
24297984 50 32 1 200 50
82195200 50 32 1 500 50
280282624 50 32 1 1000 50
824697088 50 32 1 2000 50
17255168 50 32 2 100 50
37344000 50 32 2 200 50
143098368 50 32 2 500 50
406416640 50 32 2 1000 50
1330304256 50 32 2 2000 50
22957568 50 32 3 100 50
53267200 50 32 3 200 50
175411200 50 32 3 500 50
564225280 50 32 3 1000 50
1830727168 50 32 3 2000 50
26855168 50 32 4 100 50
60582400 50 32 4 200 50
219974400 50 32 4 500 50
667649280 50 32 4 1000 50
2381050624 50 32 4 2000 50
19226368 50 64 1 100 50
39901184 50 64 1 200 50
142532096 50 64 1 500 50
332879616 50 64 1 1000 50
1095520768 50 64 1 2000 50
28400640 50 64 2 100 50
67266816 50 64 2 200 50
198650624 50 64 2 500 50
570307072 50 64 2 1000 50
1617824768 50 64 2 2000 50
40184832 50 64 3 100 50
89874432 50 64 3 200 50
262004224 50 64 3 500 50
699331072 50 64 3 1000 50
2253230592 50 64 3 2000 50
48803584 50 64 4 100 50
106745088 50 64 4 200 50
324612352 50 64 4 500 50
875715072 50 64 4 1000 50
2666926592 50 64 4 2000 50
37417984 50 128 1 100 50
78328832 50 128 1 200 50
205154560 50 128 1 500 50
507462656 50 128 1 1000 50
1331368704 50 128 1 2000 50
53952768 50 128 2 100 50
110789888 50 128 2 200 50
293339648 50 128 2 500 50
788648960 50 128 2 1000 50
2091702528 50 128 2 2000 50
72412416 50 128 3 100 50
150833152 50 128 3 200 50
404600576 50 128 3 500 50
1048527872 50 128 3 1000 50
2797238528 50 128 3 2000 50
89534976 50 128 4 100 50
198378752 50 128 4 200 50
573762304 50 128 4 500 50
1273426176 50 128 4 1000 50
3503167744 50 128 4 2000 50
10540032 100 16 1 100 50
23542784 100 16 1 200 50
81861632 100 16 1 500 50
246906112 100 16 1 1000 50
817522688 100 16 1 2000 50
16909568 100 16 2 100 50
37817600 100 16 2 200 50
141610496 100 16 2 500 50
387002112 100 16 2 1000 50
1321850624 100 16 2 2000 50
22266368 100 16 3 100 50
55379200 100 16 3 200 50
173210368 100 16 3 500 50
529518080 100 16 3 1000 50
1826617600 100 16 3 2000 50
25981440 100 16 4 100 50
65272832 100 16 4 200 50
213354496 100 16 4 500 50
663105280 100 16 4 1000 50
2402023424 100 16 4 2000 50
19815168 100 32 1 100 50
39808000 100 32 1 200 50
126308864 100 32 1 500 50
325417216 100 32 1 1000 50
958073856 100 32 1 2000 50
27248640 100 32 2 100 50
65654016 100 32 2 200 50
204084992 100 32 2 500 50
562243072 100 32 2 1000 50
1514233856 100 32 2 2000 50
35645184 100 32 3 100 50
86367232 100 32 3 200 50
261069824 100 32 3 500 50
690755072 100 32 3 1000 50
2083246592 100 32 3 2000 50
48112384 100 32 4 100 50
103576832 100 32 4 200 50
338820352 100 32 4 500 50
834927616 100 32 4 1000 50
2648494592 100 32 4 2000 50
38262784 100 64 1 100 50
80018432 100 64 1 200 50
190826496 100 64 1 500 50
552988928 100 64 1 1000 50
1297563136 100 64 1 2000 50
54841856 100 64 2 100 50
112229632 100 64 2 200 50
290113024 100 64 2 500 50
812390656 100 64 2 1000 50
2086568960 100 64 2 2000 50
72438016 100 64 3 100 50
148304896 100 64 3 200 50
394823424 100 64 3 500 50
970854656 100 64 3 1000 50
2759336960 100 64 3 2000 50
89240576 100 64 4 100 50
195127552 100 64 4 200 50
567588608 100 64 4 500 50
1325731072 100 64 4 1000 50
3331547136 100 64 4 2000 50
77777920 100 128 1 100 50
158997504 100 128 1 200 50
344746752 100 128 1 500 50
763488256 100 128 1 1000 50
1878711040 100 128 1 2000 50
109672704 100 128 2 100 50
218239744 100 128 2 200 50
555141632 100 128 2 500 50
1160425472 100 128 2 1000 50
2956548864 100 128 2 2000 50
145852928 100 128 3 100 50
298106880 100 128 3 200 50
743279360 100 128 3 500 50
1579234560 100 128 3 1000 50
3882244864 100 128 3 2000 50
178071040 100 128 4 100 50
354484480 100 128 4 200 50
897903360 100 128 4 500 50
1964651776 100 128 4 1000 50
4895374080 100 128 4 2000 50
