op_memory sequence_length batch_size num_layers num_units num_steps
2642432 10 16 1 100 50
9613312 10 16 1 200 50
46362112 10 16 1 500 50
176131584 10 16 1 1000 50
684221952 10 16 1 2000 50
4154624 10 16 2 100 50
14899456 10 16 2 200 50
78696448 10 16 2 500 50
304160000 10 16 2 1000 50
1196349952 10 16 2 2000 50
5766912 10 16 3 100 50
20308736 10 16 3 200 50
107196416 10 16 3 500 50
412267264 10 16 3 1000 50
1615492864 10 16 3 2000 50
7441152 10 16 4 100 50
25172736 10 16 4 200 50
141207296 10 16 4 500 50
534555904 10 16 4 1000 50
2009917440 10 16 4 2000 50
3684096 10 32 1 100 50
11623424 10 32 1 200 50
51453184 10 32 1 500 50
185311744 10 32 1 1000 50
703093504 10 32 1 2000 50
5607936 10 32 2 100 50
17710848 10 32 2 200 50
83460864 10 32 2 500 50
313567744 10 32 2 1000 50
1215406080 10 32 2 2000 50
7736832 10 32 3 100 50
24113408 10 32 3 200 50
114907904 10 32 3 500 50
426025472 10 32 3 1000 50
1644732416 10 32 3 2000 50
9802240 10 32 4 100 50
30001408 10 32 4 200 50
143259392 10 32 4 500 50
561343488 10 32 4 1000 50
2131921664 10 32 4 2000 50
5698816 10 64 1 100 50
16187392 10 64 1 200 50
60651008 10 64 1 500 50
204410624 10 64 1 1000 50
741250816 10 64 1 2000 50
8608000 10 64 2 100 50
24032000 10 64 2 200 50
95485440 10 64 2 500 50
332426752 10 64 2 1000 50
1253307392 10 64 2 2000 50
11685120 10 64 3 100 50
33275136 10 64 3 200 50
136674304 10 64 3 500 50
455124480 10 64 3 1000 50
1703113728 10 64 3 2000 50
14757120 10 64 4 100 50
40297216 10 64 4 200 50
165410304 10 64 4 500 50
571872768 10 64 4 1000 50
2242854400 10 64 4 2000 50
9552640 10 128 1 100 50
22856960 10 128 1 200 50
80001536 10 128 1 500 50
242569984 10 128 1 1000 50
816664064 10 128 1 2000 50
14682880 10 128 2 100 50
35727616 10 128 2 200 50
126081536 10 128 2 500 50
381927936 10 128 2 1000 50
1328824320 10 128 2 2000 50
19999488 10 128 3 100 50
48015616 10 128 3 200 50
172710400 10 128 3 500 50
545644032 10 128 3 1000 50
1819743488 10 128 3 2000 50
25119488 10 128 4 100 50
60303616 10 128 4 200 50
216230400 10 128 4 500 50
660603392 10 128 4 1000 50
2285791744 10 128 4 2000 50
3575296 20 16 1 100 50
11405824 20 16 1 200 50
50877184 20 16 1 500 50
184159744 20 16 1 1000 50
700860928 20 16 1 2000 50
5499136 20 16 2 100 50
17493248 20 16 2 200 50
82884864 20 16 2 500 50
312226304 20 16 2 1000 50
1212988928 20 16 2 2000 50
7620608 20 16 3 100 50
23895808 20 16 3 200 50
114267904 20 16 3 500 50
424745472 20 16 3 1000 50
1642371840 20 16 3 2000 50
9693440 20 16 4 100 50
29783808 20 16 4 200 50
142683392 20 16 4 500 50
560188928 20 16 4 1000 50
2130001664 20 16 4 2000 50
5481216 20 32 1 100 50
15777792 20 32 1 200 50
59414016 20 32 1 500 50
201954304 20 32 1 1000 50
736370944 20 32 1 2000 50
8390400 20 32 2 100 50
23596800 20 32 2 200 50
94333440 20 32 2 500 50
330210304 20 32 2 1000 50
1248683520 20 32 2 2000 50
11467520 20 32 3 100 50
32891136 20 32 3 200 50
135522304 20 32 3 500 50
455468032 20 32 3 1000 50
1698489856 20 32 3 2000 50
14539520 20 32 4 100 50
39862016 20 32 4 200 50
164066304 20 32 4 500 50
569388032 20 32 4 1000 50
2239495680 20 32 4 2000 50
9117440 20 64 1 100 50
21986560 20 64 1 200 50
77565440 20 64 1 500 50
237686528 20 64 1 1000 50
807815424 20 64 1 2000 50
14247680 20 64 2 100 50
34908416 20 64 2 200 50
123641344 20 64 2 500 50
377040384 20 64 2 1000 50
1319845376 20 64 2 2000 50
19564288 20 64 3 100 50
47196416 20 64 3 200 50
170270208 20 64 3 500 50
541804032 20 64 3 1000 50
1810636288 20 64 3 2000 50
24684288 20 64 4 100 50
59484416 20 64 4 200 50
214046208 20 64 4 500 50
655971840 20 64 4 1000 50
2276575744 20 64 4 2000 50
16901888 20 128 1 100 50
36741376 20 128 1 200 50
115837440 20 128 1 500 50
310195968 20 128 1 1000 50
935460608 20 128 1 2000 50
25695488 20 128 2 100 50
57221376 20 128 2 200 50
182946304 20 128 2 500 50
494546688 20 128 2 1000 50
1491947776 20 128 2 2000 50
35737344 20 128 3 100 50
78487808 20 128 3 200 50
249506304 20 128 3 500 50
681062144 20 128 3 1000 50
2163385856 20 128 3 2000 50
44973824 20 128 4 100 50
98967808 20 128 4 200 50
312044032 20 128 4 500 50
855142144 20 128 4 1000 50
2621242112 20 128 4 2000 50
6141440 50 16 1 100 50
16541440 50 16 1 200 50
67753472 50 16 1 500 50
209122304 50 16 1 1000 50
750776832 50 16 1 2000 50
9695744 50 16 2 100 50
25556224 50 16 2 200 50
101400832 50 16 2 500 50
340204032 50 16 2 1000 50
1262904832 50 16 2 2000 50
13215744 50 16 3 100 50
35286784 50 16 3 200 50
139827712 50 16 3 500 50
465068032 50 16 3 1000 50
1729401088 50 16 3 2000 50
16797696 50 16 4 100 50
44253440 50 16 4 200 50
176575744 50 16 4 500 50
586796032 50 16 4 1000 50
2227334144 50 16 4 2000 50
11087360 50 32 1 100 50
25418496 50 32 1 200 50
85935104 50 32 1 500 50
270892032 50 32 1 1000 50
824431872 50 32 1 2000 50
16903168 50 32 2 100 50
39649280 50 32 2 200 50
137206784 50 32 2 500 50
405548032 50 32 2 1000 50
1347766784 50 32 2 2000 50
22675968 50 32 3 100 50
53742848 50 32 3 200 50
188315648 50 32 3 500 50
559148032 50 32 3 1000 50
1848502784 50 32 3 2000 50
29075968 50 32 4 100 50
68110848 50 32 4 200 50
236379648 50 32 4 500 50
705983488 50 32 4 1000 50
2333652480 50 32 4 2000 50
20339968 50 64 1 100 50
44109056 50 64 1 200 50
136663040 50 64 1 500 50
330926848 50 64 1 1000 50
1082518784 50 64 1 2000 50
31139840 50 64 2 100 50
69983488 50 64 2 200 50
208663040 50 64 2 500 50
541762304 50 64 2 1000 50
1598638592 50 64 2 2000 50
43517184 50 64 3 100 50
93023488 50 64 3 200 50
291936768 50 64 3 500 50
740162304 50 64 3 1000 50
2213068288 50 64 3 2000 50
53757184 50 64 4 100 50
116063488 50 64 4 200 50
362336768 50 64 4 500 50
933954304 50 64 4 1000 50
2796860160 50 64 4 2000 50
39706624 50 128 1 100 50
83577088 50 128 1 200 50
212093440 50 128 1 500 50
492446720 50 128 1 1000 50
1321830144 50 128 1 2000 50
61437184 50 128 2 100 50
125313280 50 128 2 200 50
337287168 50 128 2 500 50
809077504 50 128 2 1000 50
2163252224 50 128 2 2000 50
82639616 50 128 3 100 50
171370752 50 128 3 200 50
473287168 50 128 3 500 50
1141122816 50 128 3 1000 50
2959028480 50 128 3 2000 50
103119616 50 128 4 100 50
217450752 50 128 4 200 50
600922624 50 128 4 500 50
1422748416 50 128 4 1000 50
3733300736 50 128 4 2000 50
10978560 100 16 1 100 50
25188096 100 16 1 200 50
85359104 100 16 1 500 50
269740032 100 16 1 1000 50
821695488 100 16 1 2000 50
16794368 100 16 2 100 50
39418880 100 16 2 200 50
136592128 100 16 2 500 50
404268032 100 16 2 1000 50
1332582400 100 16 2 2000 50
22567168 100 16 3 100 50
53512448 100 16 3 200 50
187734016 100 16 3 500 50
551468032 100 16 3 1000 50
1832315392 100 16 3 2000 50
28967168 100 16 4 100 50
67880448 100 16 4 200 50
235767040 100 16 4 500 50
704831488 100 16 4 1000 50
2318910976 100 16 4 2000 50
20122368 100 32 1 100 50
43488512 100 32 1 200 50
135511040 100 32 1 500 50
328734720 100 32 1 1000 50
1078662400 100 32 1 2000 50
30852608 100 32 2 100 50
69376512 100 32 2 200 50
207511040 100 32 2 500 50
539570176 100 32 2 1000 50
1592510976 100 32 2 2000 50
42019584 100 32 3 100 50
92430080 100 32 3 200 50
290592768 100 32 3 500 50
737970176 100 32 3 1000 50
2181254400 100 32 3 2000 50
53539584 100 32 4 100 50
115483648 100 32 4 200 50
360992768 100 32 4 500 50
929970176 100 32 4 1000 50
2792998400 100 32 4 2000 50
39245824 100 64 1 100 50
82802688 100 64 1 200 50
208637440 100 64 1 500 50
485525248 100 64 1 1000 50
1313977600 100 64 1 2000 50
60717056 100 64 2 100 50
124334080 100 64 2 200 50
335111168 100 64 2 500 50
804136704 100 64 2 1000 50
2156244224 100 64 2 2000 50
82204416 100 64 3 100 50
170391552 100 64 3 200 50
471111168 100 64 3 500 50
1136463616 100 64 3 1000 50
2950919424 100 64 3 2000 50
102684416 100 64 4 100 50
216471552 100 64 4 200 50
598746624 100 64 4 500 50
1418063616 100 64 4 1000 50
3721524736 100 64 4 2000 50
80066560 100 128 1 100 50
164444160 100 128 1 200 50
384659968 100 128 1 500 50
837621504 100 128 1 1000 50
1942425344 100 128 1 2000 50
122225920 100 128 2 100 50
243666944 100 128 2 200 50
618471424 100 128 2 500 50
1338396416 100 128 2 1000 50
3214951424 100 128 2 2000 50
161363968 100 128 3 100 50
331233280 100 128 3 200 50
857127424 100 128 3 500 50
1883574016 100 128 3 1000 50
4543363328 100 128 3 2000 50
203283968 100 128 4 100 50
413153280 100 128 4 200 50
1086798336 100 128 4 500 50
2394115840 100 128 4 1000 50
5669891584 100 128 4 2000 50
